5.7585638777227	-62.5	920.625	2215	0000	0	920.625	022304919 0.733160829137779	
0.751650586063964	-64.5	920.625	2216	0000	1	920.625	022304922 0.735846940725061	
0.816077779155161	-64.5	920.625	2216	0000	2	920.625	022304923 0.736654964171334	
5.79231145505618	-62	920.625	2215	0000	3	920.625	022304924 0.737225489137371	
3.89631120122953	-65	920.625	2216	0000	4	920.625	022304924 0.737932320862335	
5.79231145505618	-62.5	920.625	2215	0000	5	920.625	022304925 0.738636509519951	
0.791534086548991	-64.5	920.625	2216	0000	6	920.625	022304926 0.739913111048852	
5.86594253287469	-61.5	920.625	2215	0000	7	920.625	022304930 0.743419328675997	
5.77083572402578	-62.5	920.625	2215	0000	8	920.625	022304937 0.750480094304643	
0.733242816609336	-64.5	920.625	2216	0000	9	920.625	022304941 0.754799621512756	
0.797670009700533	-64	920.625	2216	0000	10	920.625	022304947 0.760987797335637	
5.80458330135927	-62	920.625	2215	0000	11	920.625	022304950 0.764280681669724	
5.79231145505618	-62.5	920.625	2215	0000	12	920.625	022305115 0.929089146130663	
0.782330201821677	-64.5	920.625	2216	0000	13	920.625	022305122 0.936260543006859	
5.58982599105528	-61.5	920.625	2215	0000	14	920.625	022305129 0.943380588860302	
0.791534086548991	-64	920.625	2216	0000	15	920.625	022305133 0.947132234169726	
5.76776776245001	-62.5	920.625	2215	0000	16	920.625	022305136 0.950409260099727	
3.96073839432073	-64.5	920.625	2216	0000	17	920.625	022305144 0.958210839747806	
5.82299107081389	-62	920.625	2215	0000	18	920.625	022305147 0.961663818446949	
0.889708856973672	-64	920.625	2216	0000	19	920.625	022305156 0.970275309446549	
5.80765126293504	-63	920.625	2215	0000	20	920.625	022305365 1.17934457971076	
0.865165164367502	-64.5	920.625	2216	0000	21	920.625	022305411 1.22490766255431	
5.81685514766235	-61.5	920.625	2215	0000	22	920.625	022305414 1.22808311918195	
0.859029241215959	-64	920.625	2216	0000	23	920.625	022305420 1.23439551917017	
0.791534086548991	-65	920.625	2216	0000	24	920.625	022305425 1.23866935907127	
5.87207845602623	-62.5	920.625	2215	0000	25	920.625	022305428 1.24227034954188	
5.83526291711698	-61.5	920.625	2215	0000	26	920.625	022305434 1.24807565818041	
0.846757394912874	-64	920.625	2216	0000	27	920.625	022305438 1.25193340376479	
5.78617553190464	-63	920.625	2215	0000	28	920.625	022305444 1.2577545708074	
3.96073839432073	-65	920.625	2216	0000	29	920.625	022305447 1.26148960255064	
0.852893318064416	-64.5	920.625	2216	0000	30	920.625	022305616 1.42925075081992	
5.79844737820772	-61.5	920.625	2215	0000	31	920.625	022305623 1.43695831278663	
0.831417587034017	-64.5	920.625	2216	0000	32	920.625	022305630 1.44382726724205	
5.78924349348041	-62.5	920.625	2215	0000	33	920.625	022305634 1.44736859990681	
5.81685514766235	-62	920.625	2215	0000	34	920.625	022305637 1.45052140167148	
0.797670009700533	-64	920.625	2216	0000	35	920.625	022305644 1.45758556552957	
0.794602048124762	-64.5	920.625	2216	0000	36	920.625	022305647 1.46079462687063	
5.80458330135927	-62.5	920.625	2215	0000	37	920.625	022305654 1.46821031868596	
0.914252549579842	-64.5	920.625	2216	0000	38	920.625	022305660 1.47320835904031	
5.91502991808703	-62	920.625	2215	0000	39	920.625	022305665 1.47908314259197	
3.93619470171456	-65	920.625	2216	0000	40	920.625	022305877 1.69106318516801	
5.80151533978349	-62.5	920.625	2215	0000	41	920.625	022305881 1.69523205753731	
5.8966221486324	-62	920.625	2215	0000	42	920.625	022305883 1.6964659924076	
0.877437010670587	-64	920.625	2216	0000	43	920.625	022305885 1.69879340199771	
4.01289374110884	-64.5	920.625	2216	0000	44	920.625	022305890 1.70360038634093	
5.80765126293504	-62.5	920.625	2215	0000	45	920.625	022305892 1.70614754810194	
5.83526291711698	-62	920.625	2215	0000	46	920.625	022305893 1.7071296364121	
0.914252549579842	-64.5	920.625	2216	0000	47	920.625	022305896 1.70971266837283	
5.81685514766235	-62.5	920.625	2215	0000	48	920.625	022305899 1.71263929908875	
0.901980703276757	-65	920.625	2216	0000	49	920.625	022305905 1.7184128909191	
0.859029241215959	-64.5	920.625	2216	0000	50	920.625	022305906 1.72027549823707	
6.05002022742097	-61	920.625	2215	0000	51	920.625	022305909 1.72301862456286	
5.83219495554121	-63	920.625	2215	0000	52	920.625	022306115 1.92899814909769	
3.99755393322998	-64.5	920.625	2216	0000	53	920.625	022306119 1.93335392408657	
5.93343768754166	-62	920.625	2215	0000	54	920.625	022306121 1.93512893260103	
0.963339934792183	-65	920.625	2216	0000	55	920.625	022306125 1.93918528581753	
4.09266074207889	-64.5	920.625	2216	0000	56	920.625	022306131 1.94515559737475	
5.85060272499584	-63	920.625	2215	0000	57	920.625	022306134 1.94833482981289	
0.895844780125214	-65	920.625	2216	0000	58	920.625	022306141 1.95502971940442	
5.82912699396544	-62	920.625	2215	0000	59	920.625	022306144 1.95837470992336	
5.83833087869275	-62.5	920.625	2215	0000	60	920.625	022306366 2.17920185407399	
0.846757394912874	-64	920.625	2216	0000	61	920.625	022306372 2.18536246648024	
0.895844780125214	-64	920.625	2216	0000	62	920.625	022306374 2.18697662546754	
5.85367068657161	-62	920.625	2215	0000	63	920.625	022306374 2.18766948669367	
5.81685514766235	-63	920.625	2215	0000	64	920.625	022306377 2.19058969853174	
4.01902966426038	-65	920.625	2216	0000	65	920.625	022306382 2.19560775068172	
5.82912699396544	-62	920.625	2215	0000	66	920.625	022306385 2.19806995670656	
0.877437010670587	-64	920.625	2216	0000	67	920.625	022306388 2.20190315952271	
5.84139884026852	-63	920.625	2215	0000	68	920.625	022306393 2.20670750079858	
3.95767043274495	-64.5	920.625	2216	0000	69	920.625	022306395 2.20898242662279	
0.822213702306704	-63.5	920.625	2216	0000	70	920.625	022306615 2.4291639071785	
5.71254445408613	-62	920.625	2215	0000	71	920.625	022306620 2.43381268506191	
0.779262240245906	-64	920.625	2216	0000	72	920.625	022306622 2.43647500904307	
5.90275807178395	-62	920.625	2215	0000	73	920.625	022306624 2.4381563774572	
5.88435030232932	-62	920.625	2215	0000	74	920.625	022306628 2.44260088399275	
0.883572933822129	-64	920.625	2216	0000	75	920.625	022306630 2.44473648240963	
2.62310714728445	-62.5	920.625	2215	0000	76	920.625	022306631 2.44578087159299	
4.00368985638152	-64.5	920.625	2216	0000	77	920.625	022306633 2.44686679469181	
5.93343768754166	-62	920.625	2215	0000	78	920.625	022306634 2.44834842273068	
0.760854470791278	-64	920.625	2216	0000	79	920.625	022306636 2.45040623945133	
5.80151533978349	-62.5	920.625	2215	0000	80	920.625	022306875 2.68914394069259	
3.99141801007844	-65	920.625	2216	0000	81	920.625	022306880 2.69408949728104	
0.865165164367502	-64.5	920.625	2216	0000	82	920.625	022306882 2.69619828744339	
5.90275807178395	-62.5	920.625	2215	0000	83	920.625	022306884 2.6985264521956	
5.7800396087531	-63	920.625	2215	0000	84	920.625	022306889 2.70355507661497	
3.89017527807799	-64.5	920.625	2216	0000	85	920.625	022306892 2.70571144198958	
5.84753476342006	-62.5	920.625	2215	0000	86	920.625	022306894 2.70770204928339	
0.883572933822129	-64	920.625	2216	0000	87	920.625	022306896 2.71032434967328	
5.80151533978349	-63	920.625	2215	0000	88	920.625	022306901 2.71505695054972	
3.95460247116918	-65	920.625	2216	0000	89	920.625	022306904 2.71803153405894	
0.791534086548991	-64.5	920.625	2216	0000	90	920.625	022307115 2.92907442046973	
5.88435030232932	-62	920.625	2215	0000	91	920.625	022307120 2.93348607745396	
0.797670009700533	-65	920.625	2216	0000	92	920.625	022307121 2.93458446072742	
5.81992310923812	-63	920.625	2215	0000	93	920.625	022307123 2.93661056063989	
5.81685514766235	-62	920.625	2215	0000	94	920.625	022307124 2.9379898642143	
0.754718547639735	-63	920.625	2216	0000	95	920.625	022307129 2.94300111990539	
5.74935999299538	-62.5	920.625	2215	0000	96	920.625	022307131 2.94527491298645	
0.785398163397448	-64.5	920.625	2216	0000	97	920.625	022307132 2.94634233461384	
5.88435030232932	-62.5	920.625	2215	0000	98	920.625	022307134 2.94780281811392	
0.816077779155161	-64	920.625	2216	0000	99	920.625	022307137 2.95063920695897	
0.757786509215507	-64.5	920.625	2216	0000	100	920.625	022307366 3.17910859155472	
5.74015610826807	-63	920.625	2215	0000	101	920.625	022307372 3.18539569361261	
0.895844780125214	-64.5	920.625	2216	0000	102	920.625	022307376 3.18971748630702	
5.80458330135927	-61.5	920.625	2215	0000	103	920.625	022307382 3.19603668275414	
5.79537941663195	-63	920.625	2215	0000	104	920.625	022307386 3.19964862307519	
3.88710731650221	-64.5	920.625	2216	0000	105	920.625	022307391 3.20464817375374	
0.803805932852076	-64.5	920.625	2216	0000	106	920.625	022307393 3.20609393159289	
5.86594253287469	-62	920.625	2215	0000	107	920.625	022307395 3.20825596068324	
5.77083572402578	-63	920.625	2215	0000	108	920.625	022307396 3.20927429677417	
0.763922432367049	-64.5	920.625	2216	0000	109	920.625	022307398 3.21149334060303	
5.83526291711698	-61.5	920.625	2215	0000	110	920.625	022307615 3.42900116974609	
0.69335931612431	-64.5	920.625	2216	0000	111	920.625	022307619 3.43366656119569	
3.85949566232027	-65	920.625	2216	0000	112	920.625	022307622 3.43633266098734	
5.79844737820772	-63	920.625	2215	0000	113	920.625	022307624 3.43807368720733	
5.81685514766235	-62.5	920.625	2215	0000	114	920.625	022307628 3.44260012883065	
0.730174855033565	-64	920.625	2216	0000	115	920.625	022307631 3.44514540268641	
0.708699124003166	-65	920.625	2216	0000	116	920.625	022307632 3.44656170920369	
5.81992310923812	-63	920.625	2215	0000	117	920.625	022307634 3.44794592133174	
0.773126317094363	-64.5	920.625	2216	0000	118	920.625	022307637 3.45150990885949	
5.87207845602623	-61.5	920.625	2215	0000	119	920.625	022307642 3.45650379582229	
5.77390368560155	-63	920.625	2215	0000	120	920.625	022307875 3.68936746867399	
3.89324323965376	-65	920.625	2216	0000	121	920.625	022307880 3.69376628790253	
0.840621471761331	-64.5	920.625	2216	0000	122	920.625	022307882 3.6952471607793	
5.83526291711698	-61.5	920.625	2215	0000	123	920.625	022307883 3.69698629909403	
5.73402018511653	-63	920.625	2215	0000	124	920.625	022307889 3.70270249860484	
0.797670009700533	-64.5	920.625	2216	0000	125	920.625	022307892 3.70503783739699	
5.7800396087531	-62.5	920.625	2215	0000	126	920.625	022307893 3.70699068658583	
0.748582624488193	-65	920.625	2216	0000	127	920.625	022307895 3.70807056838786	
5.75549591614693	-63	920.625	2215	0000	128	920.625	022308125 3.93907427698893	
0.834485548609789	-65	920.625	2216	0000	129	920.625	022308130 3.9434398690851	
0.797670009700533	-64.5	920.625	2216	0000	130	920.625	022308132 3.94539422859814	
5.8966221486324	-61.5	920.625	2215	0000	131	920.625	022308133 3.94679731977868	
5.81685514766235	-63	920.625	2215	0000	132	920.625	022308138 3.95153596195191	
0.81300981757939	-65	920.625	2216	0000	133	920.625	022308140 3.9533879970005	
0.748582624488193	-64	920.625	2216	0000	134	920.625	022308141 3.95445768411418	
5.86594253287469	-61.5	920.625	2215	0000	135	920.625	022308143 3.95692970724631	
3.89017527807799	-65	920.625	2216	0000	136	920.625	022308145 3.95881987798091	
5.7800396087531	-62.5	920.625	2215	0000	137	920.625	022308150 3.96337577092611	
5.80458330135927	-62.5	920.625	2215	0000	138	920.625	022308365 4.17897001930949	
0.816077779155161	-65	920.625	2216	0000	139	920.625	022308369 4.18294066162772	
5.7800396087531	-63	920.625	2215	0000	140	920.625	022308371 4.18482592380867	
3.93312674013878	-65	920.625	2216	0000	141	920.625	022308372 4.18608100321775	
0.74244670133665	-64.5	920.625	2216	0000	142	920.625	022308374 4.18755017108197	
5.79844737820772	-62	920.625	2215	0000	143	920.625	022308379 4.19280685445534	
0.724038931882023	-65	920.625	2216	0000	144	920.625	022308382 4.19566929639282	
5.77697164717732	-63	920.625	2215	0000	145	920.625	022308384 4.19734953206381	
5.81685514766235	-62	920.625	2215	0000	146	920.625	022308387 4.20076022168539	
0.822213702306704	-64.5	920.625	2216	0000	147	920.625	022308392 4.20548678126503	
5.76163183929847	-63	920.625	2215	0000	148	920.625	022308614 4.42867116390869	
0.720970970306251	-64.5	920.625	2216	0000	149	920.625	022308621 4.43550009477284	
0.828349625458246	-64.5	920.625	2216	0000	150	920.625	022308625 4.43889907938189	
5.55301045214602	-62	920.625	2215	0000	151	920.625	022308631 4.44482143814581	
5.77697164717732	-62.5	920.625	2215	0000	152	920.625	022308635 4.44855760263219	
3.8564277007445	-65	920.625	2216	0000	153	920.625	022308641 4.45403328301437	
5.77390368560155	-62.5	920.625	2215	0000	154	920.625	022308642 4.45546393761153	
0.711767085578938	-64	920.625	2216	0000	155	920.625	022308644 4.45735863931872	
5.89048622548086	-61.5	920.625	2215	0000	156	920.625	022308865 4.67886052080509	
0.797670009700533	-65	920.625	2216	0000	157	920.625	022308870 4.68455746368237	
0.754718547639735	-64	920.625	2216	0000	158	920.625	022308872 4.68656241905606	
5.93343768754166	-62	920.625	2215	0000	159	920.625	022308875 4.68926740969583	
5.80458330135927	-63	920.625	2215	0000	160	920.625	022308879 4.69345704902286	
0.803805932852076	-64.5	920.625	2216	0000	161	920.625	022308881 4.6949605767626	
5.83526291711698	-62	920.625	2215	0000	162	920.625	022308882 4.69636555584839	
0.785398163397448	-64.5	920.625	2216	0000	163	920.625	022308885 4.69928652284856	
3.89017527807799	-65	920.625	2216	0000	164	920.625	022308889 4.70357244534326	
5.81992310923812	-62.5	920.625	2215	0000	165	920.625	022308891 4.70502386689815	
5.81685514766235	-62	920.625	2215	0000	166	920.625	022309115 4.92888827301224	
0.736310778185108	-64	920.625	2216	0000	167	920.625	022309119 4.93280492124037	
0.770058355518592	-65	920.625	2216	0000	168	920.625	022309121 4.93509192965816	
5.74322406984384	-62.5	920.625	2215	0000	169	920.625	022309123 4.93702401188927	
5.87821437917778	-62	920.625	2215	0000	170	920.625	022309124 4.93859814728531	
0.711767085578938	-64.5	920.625	2216	0000	171	920.625	022309128 4.94223123214514	
5.78310757032887	-62.5	920.625	2215	0000	172	920.625	022309130 4.94448501343056	
0.74244670133665	-64.5	920.625	2216	0000	173	920.625	022309132 4.94576161495946	
0.816077779155161	-64	920.625	2216	0000	174	920.625	022309135 4.94879887692293	
5.89048622548086	-62	920.625	2215	0000	175	920.625	022309138 4.95254674642185	
5.7800396087531	-62.5	920.625	2215	0000	176	920.625	022309365 5.17882767125377	
0.720970970306251	-65	920.625	2216	0000	177	920.625	022309369 5.18311397132952	
5.7800396087531	-62	920.625	2215	0000	178	920.625	022309370 5.18471982353372	
0.779262240245906	-64.5	920.625	2216	0000	179	920.625	022309372 5.18610667872912	
3.89324323965376	-65	920.625	2216	0000	180	920.625	022309375 5.18915111473253	
5.77697164717732	-62.5	920.625	2215	0000	181	920.625	022309380 5.19439345002602	
5.74322406984384	-62	920.625	2215	0000	182	920.625	022309382 5.19584902497246	
0.760854470791278	-62	920.625	2216	0000	183	920.625	022309384 5.19820550830338	
5.7800396087531	-62.5	920.625	2215	0000	184	920.625	022309385 5.19975812157959	
0.754718547639735	-65	920.625	2216	0000	185	920.625	022309390 5.20408897621919	
5.87821437917778	-62	920.625	2215	0000	186	920.625	022309615 5.42874177156498	
0.797670009700533	-63.5	920.625	2216	0000	187	920.625	022309620 5.43341698012187	
0.720970970306251	-65	920.625	2216	0000	188	920.625	022309623 5.43653806507836	
5.77083572402578	-62.5	920.625	2215	0000	189	920.625	022309625 5.43836404703452	
0.816077779155161	-63.5	920.625	2216	0000	190	920.625	022309630 5.44362186315103	
5.73095222354076	-62	920.625	2215	0000	191	920.625	022309632 5.44569931408626	
5.77390368560155	-62.5	920.625	2215	0000	192	920.625	022309634 5.44776883581945	
0.714835047154709	-65	920.625	2216	0000	193	920.625	022309636 5.44932446974405	
5.76163183929847	-61.5	920.625	2215	0000	194	920.625	022309637 5.4506614842409	
0.785398163397448	-64.5	920.625	2216	0000	195	920.625	022309640 5.45397060456012	
5.77083572402578	-62.5	920.625	2215	0000	196	920.625	022309875 5.68871991717382	
0.754718547639735	-64.5	920.625	2216	0000	197	920.625	022309879 5.69229107874151	
0.724038931882023	-64	920.625	2216	0000	198	920.625	022309881 5.69509650594048	
5.76776776245001	-62	920.625	2215	0000	199	920.625	022309888 5.70119897086509	
5.76776776245001	-62	920.625	2215	0000	200	920.625	022309891 5.70485584333105	
0.803805932852076	-63	920.625	2216	0000	201	920.625	022309894 5.70733843873257	
5.71868037723767	-62	920.625	2215	0000	202	920.625	022309899 5.71280921056109	
0.766990393942821	-64.5	920.625	2216	0000	203	920.625	022309905 5.71833284373657	
0.674951546669682	-64.5	920.625	2216	0000	204	920.625	022309911 5.72504396931323	
5.79231145505618	-61.5	920.625	2215	0000	205	920.625	022309914 5.72781767970404	
0.773126317094363	-64.5	920.625	2216	0000	206	920.625	022310115 5.92863906951947	
5.61436968366145	-61.5	920.625	2215	0000	207	920.625	022310121 5.93498129841061	
0.739378739760879	-64.5	920.625	2216	0000	208	920.625	022310123 5.93681558714986	
5.77697164717732	-63	920.625	2215	0000	209	920.625	022310125 5.93939295539484	
5.74322406984384	-62	920.625	2215	0000	210	920.625	022310130 5.94407118460013	
0.724038931882023	-65	920.625	2216	0000	211	920.625	022310131 5.94546143802498	
5.76776776245001	-62.5	920.625	2215	0000	212	920.625	022310133 5.94684753805828	
3.86563158547182	-65	920.625	2216	0000	213	920.625	022310136 5.94991991505937	
5.7370881466923	-62	920.625	2215	0000	214	920.625	022310140 5.95410087002225	
0.760854470791278	-64.5	920.625	2216	0000	215	920.625	022310142 5.95640486958728	
5.7156124156619	-62.5	920.625	2215	0000	216	920.625	022310365 6.17860867424497	
0.711767085578938	-64.5	920.625	2216	0000	217	920.625	022310370 6.18295198905921	
0.797670009700533	-64.5	920.625	2216	0000	218	920.625	022310373 6.18673308569051	
5.79844737820772	-62	920.625	2215	0000	219	920.625	022310375 6.18888869590302	
0.730174855033565	-65	920.625	2216	0000	220	920.625	022310379 6.19252933238384	
5.7156124156619	-62.5	920.625	2215	0000	221	920.625	022310382 6.19535930235105	
0.785398163397448	-64.5	920.625	2216	0000	222	920.625	022310383 6.19641652929009	
5.84139884026852	-61	920.625	2215	0000	223	920.625	022310385 6.19834823394016	
5.79231145505618	-62	920.625	2215	0000	224	920.625	022310386 6.19938846973197	
0.705631162427395	-64	920.625	2216	0000	225	920.625	022310391 6.20452999088519	
5.87821437917778	-61.5	920.625	2215	0000	226	920.625	022310615 6.42863944710052	
0.797670009700533	-64	920.625	2216	0000	227	920.625	022310620 6.43349362907495	
3.89631120122953	-65	920.625	2216	0000	228	920.625	022310623 6.43668116829618	
5.77390368560155	-62.5	920.625	2215	0000	229	920.625	022310625 6.43890096728713	
0.779262240245906	-64	920.625	2216	0000	230	920.625	022310630 6.44320463609116	
5.82912699396544	-62	920.625	2215	0000	231	920.625	022310631 6.44474365644958	
0.727106893457794	-65	920.625	2216	0000	232	920.625	022310632 6.44570724328831	
5.77083572402578	-62.5	920.625	2215	0000	233	920.625	022310634 6.44802785641952	
0.791534086548991	-64	920.625	2216	0000	234	920.625	022310636 6.44966051687825	
5.74935999299538	-62	920.625	2215	0000	235	920.625	022310640 6.45381277568136	
3.86563158547182	-65	920.625	2216	0000	236	920.625	022310875 6.68857719153705	
5.7370881466923	-62.5	920.625	2215	0000	237	920.625	022310879 6.69247194006429	
5.80458330135927	-62	920.625	2215	0000	238	920.625	022310881 6.6946373673841	
0.766990393942821	-64	920.625	2216	0000	239	920.625	022310882 6.69611786267981	
0.776194278670134	-65	920.625	2216	0000	240	920.625	022310884 6.69832444633403	
5.7800396087531	-63	920.625	2215	0000	241	920.625	022310888 6.7023524809718	
5.79844737820772	-62	920.625	2215	0000	242	920.625	022310889 6.70346143651466	
0.797670009700533	-64.5	920.625	2216	0000	243	920.625	022310891 6.70486868108674	
5.81685514766235	-62.5	920.625	2215	0000	244	920.625	022310893 6.70698879868058	
3.93005877856301	-65	920.625	2216	0000	245	920.625	022310896 6.71031717563334	
0.766990393942821	-64.5	920.625	2216	0000	246	920.625	022311115 6.92856430847164	
5.81071922451081	-62	920.625	2215	0000	247	920.625	022311121 6.93529280277658	
3.93312674013878	-65	920.625	2216	0000	248	920.625	022311125 6.9389372150679	
5.79537941663195	-63	920.625	2215	0000	249	920.625	022311130 6.94428904886578	
0.901980703276757	-64.5	920.625	2216	0000	250	920.625	022311133 6.94729648192633	
5.85980660972315	-62	920.625	2215	0000	251	920.625	022311135 6.94904392702416	
5.7800396087531	-63	920.625	2215	0000	252	920.625	022311139 6.95290053986538	
3.88097139335067	-65	920.625	2216	0000	253	920.625	022311141 6.95539672818469	
5.81071922451081	-62	920.625	2215	0000	254	920.625	022311143 6.95731257443066	
0.711767085578938	-64.5	920.625	2216	0000	255	920.625	022311145 6.95959278638956	
0.696427277700081	-65	920.625	2216	0000	256	920.625	022311364 7.17851239107731	
5.7585638777227	-63	920.625	2215	0000	257	920.625	022311367 7.18156098047226	
5.81071922451081	-62	920.625	2215	0000	258	920.625	022311370 7.18435885605025	
0.816077779155161	-64.5	920.625	2216	0000	259	920.625	022311372 7.18622108578717	
5.7585638777227	-63	920.625	2215	0000	260	920.625	022311374 7.18827701460257	
0.803805932852076	-65	920.625	2216	0000	261	920.625	022311378 7.19281931462998	
6.08069984317868	-61.5	920.625	2215	0000	262	920.625	022311380 7.1942473261598	
0.840621471761331	-64	920.625	2216	0000	263	920.625	022311382 7.19614353819119	
0.78846612497322	-65	920.625	2216	0000	264	920.625	022311383 7.19749980932157	
5.73095222354076	-63	920.625	2215	0000	265	920.625	022311389 7.20274743074975	
0.797670009700533	-64.5	920.625	2216	0000	266	920.625	022311615 7.42849445597745	
5.80458330135927	-62	920.625	2215	0000	267	920.625	022311619 7.43232426056415	
5.74322406984384	-63	920.625	2215	0000	268	920.625	022311623 7.43638929814479	
0.794602048124762	-65	920.625	2216	0000	269	920.625	022311627 7.44056421181089	
5.82299107081389	-62.5	920.625	2215	0000	270	920.625	022311629 7.44260692528955	
0.674951546669682	-64	920.625	2216	0000	271	920.625	022311631 7.44488902515369	
0.803805932852076	-65	920.625	2216	0000	272	920.625	022311633 7.44627323728175	
5.78617553190464	-63	920.625	2215	0000	273	920.625	022311635 7.44831595076041	
0.754718547639735	-65	920.625	2216	0000	274	920.625	022311641 7.45418733608263	
5.82299107081389	-62.5	920.625	2215	0000	275	920.625	022311643 7.45621456873825	
5.76776776245001	-63	920.625	2215	0000	276	920.625	022311875 7.68842615911718	
0.828349625458246	-65	920.625	2216	0000	277	920.625	022311878 7.69194106110847	
5.85980660972315	-62	920.625	2215	0000	278	920.625	022311880 7.69409138518629	
0.828349625458246	-64.5	920.625	2216	0000	279	920.625	022311881 7.69515050003058	
5.78310757032887	-63	920.625	2215	0000	280	920.625	022311883 7.69654264136068	
3.93619470171456	-65	920.625	2216	0000	281	920.625	022311888 7.70192052825099	
5.82912699396544	-63	920.625	2215	0000	282	920.625	022311891 7.70449110003708	
0.809941856003619	-65	920.625	2216	0000	283	920.625	022311892 7.70632765426263	
3.89017527807799	-65.5	920.625	2216	0000	284	920.625	022311894 7.70771148880963	
5.76469980087424	-63	920.625	2215	0000	285	920.625	022311895 7.70930714632549	
5.74935999299538	-62.5	920.625	2215	0000	286	920.625	022312115 7.92839817280978	
0.803805932852076	-64.5	920.625	2216	0000	287	920.625	022312120 7.93373641368988	
5.74935999299538	-61.5	920.625	2215	0000	288	920.625	022312122 7.93597395899017	
0.656543777215054	-65	920.625	2216	0000	289	920.625	022312125 7.93879373426903	
5.78617553190464	-62	920.625	2215	0000	290	920.625	022312129 7.94277872466714	
0.871301087519044	-64	920.625	2216	0000	291	920.625	022312131 7.94473195143704	
5.75242795457115	-63	920.625	2215	0000	292	920.625	022312133 7.94615354408901	
0.782330201821677	-65	920.625	2216	0000	293	920.625	022312135 7.94835484160853	
5.84139884026852	-62	920.625	2215	0000	294	920.625	022312141 7.95445277556054	
0.791534086548991	-64	920.625	2216	0000	295	920.625	022312145 7.95887160658471	
3.97301024062381	-65.5	920.625	2216	0000	296	920.625	022312365 8.17836853269739	
5.77083572402578	-63	920.625	2215	0000	297	920.625	022312368 8.18198840222048	
5.76776776245001	-62.5	920.625	2215	0000	298	920.625	022312373 8.18694717414567	
0.816077779155161	-64.5	920.625	2216	0000	299	920.625	022312380 8.19354880121793	
5.76163183929847	-62	920.625	2215	0000	300	920.625	022312382 8.19606839956231	
0.871301087519044	-65	920.625	2216	0000	301	920.625	022312385 8.19882285331958	
5.79844737820772	-62	920.625	2215	0000	302	920.625	022312392 8.20605353042057	
0.779262240245906	-65	920.625	2216	0000	303	920.625	022312395 8.20900583664787	
0.754718547639735	-65	920.625	2216	0000	304	920.625	022312401 8.2150218355121	
5.7370881466923	-63	920.625	2215	0000	305	920.625	022312407 8.22034195250181	
0.938796242186012	-63.5	920.625	2216	0000	306	920.625	022312615 8.4283245445051	
5.8966221486324	-62.5	920.625	2215	0000	307	920.625	022312621 8.43427522184775	
2.57401976207211	-63	920.625	2215	0000	308	920.625	022312623 8.43687637769886	
3.90858304753261	-65.5	920.625	2216	0000	309	920.625	022312626 8.43979054824013	
0.877437010670587	-65	920.625	2216	0000	310	920.625	022312631 8.44442460046261	
5.74935999299538	-62	920.625	2215	0000	311	920.625	022312633 8.44664855284511	
0.865165164367502	-65	920.625	2216	0000	312	920.625	022312636 8.44948494169016	
5.79231145505618	-62	920.625	2215	0000	313	920.625	022312642 8.45575316469557	
5.54687452899448	-61.5	920.625	2215	0000	314	920.625	022312645 8.45846646211843	
0.822213702306704	-65	920.625	2216	0000	315	920.625	022312647 8.46090450295608	
0.794602048124762	-65	920.625	2216	0000	316	920.625	022312875 8.68859833607583	
5.7800396087531	-62.5	920.625	2215	0000	317	920.625	022312878 8.69184364519766	
5.82912699396544	-62.5	920.625	2215	0000	318	920.625	022312880 8.69370209912409	
0.803805932852076	-64.5	920.625	2216	0000	319	920.625	022312882 8.69565947928553	
6.03774838111788	-62	920.625	2215	0000	320	920.625	022312884 8.69769199807585	
0.766990393942821	-64.5	920.625	2216	0000	321	920.625	022312890 8.70320996753558	
5.76163183929847	-62	920.625	2215	0000	322	920.625	022312891 8.70465534779368	
0.662679700366597	-64.5	920.625	2216	0000	323	920.625	022312893 8.70667427366621	
5.74935999299538	-63	920.625	2215	0000	324	920.625	022312895 8.7083597954719	
0.711767085578938	-65	920.625	2216	0000	325	920.625	022312896 8.7098013999195	
5.76163183929847	-60.5	920.625	2215	0000	326	920.625	022312900 8.71351264405661	
0.69335931612431	-64.5	920.625	2216	0000	327	920.625	022312901 8.71480623673275	
0.699495239275852	-64	920.625	2216	0000	328	920.625	022313114 8.92796697525107	
5.76776776245001	-62.5	920.625	2215	0000	329	920.625	022313120 8.93364957004846	
5.79231145505618	-62	920.625	2215	0000	330	920.625	022313121 8.93493108013101	
0.791534086548991	-65	920.625	2216	0000	331	920.625	022313124 8.93743142184186	
5.62664152996453	-61.5	920.625	2215	0000	332	920.625	022313129 8.94270509636246	
0.724038931882023	-64.5	920.625	2216	0000	333	920.625	022313131 8.94464095440407	
0.754718547639735	-65	920.625	2216	0000	334	920.625	022313132 8.94599344972395	
6.08683576633022	-61.5	920.625	2215	0000	335	920.625	022313134 8.94806410420029	
0.785398163397448	-65	920.625	2216	0000	336	920.625	022313364 9.17826167726033	
5.7800396087531	-62	920.625	2215	0000	337	920.625	022313367 9.18138011914948	
5.76163183929847	-62	920.625	2215	0000	338	920.625	022313371 9.18543949301437	
0.74244670133665	-64.5	920.625	2216	0000	339	920.625	022313378 9.19225634128494	
5.69106872305573	-63	920.625	2215	0000	340	920.625	022313381 9.19550051766362	
0.641203969336198	-65.5	920.625	2216	0000	341	920.625	022313384 9.19825799206929	
0.766990393942821	-65	920.625	2216	0000	342	920.625	022313390 9.20452923572309	
5.89048622548086	-61.5	920.625	2215	0000	343	920.625	022313393 9.20681058042514	
0.730174855033565	-65	920.625	2216	0000	344	920.625	022313394 9.20776397257553	
5.7370881466923	-63	920.625	2215	0000	345	920.625	022313395 9.20878570689591	
0.834485548609789	-65	920.625	2216	0000	346	920.625	022313615 9.42834568904388	
5.82912699396544	-61	920.625	2215	0000	347	920.625	022313618 9.43209695677226	
5.72481630038921	-62.5	920.625	2215	0000	348	920.625	022313622 9.43580593542307	
0.708699124003166	-65.5	920.625	2216	0000	349	920.625	022313623 9.43707196468258	
5.79231145505618	-62.5	920.625	2215	0000	350	920.625	022313627 9.44089195216199	
0.674951546669682	-64.5	920.625	2216	0000	351	920.625	022313629 9.44314006973167	
5.81071922451081	-62	920.625	2215	0000	352	920.625	022313630 9.44418672440133	
0.785398163397448	-65	920.625	2216	0000	353	920.625	022313632 9.44596286565893	
0.724038931882023	-65	920.625	2216	0000	354	920.625	022313634 9.44811281215569	
5.74322406984384	-62.5	920.625	2215	0000	355	920.625	022313640 9.45383014440965	
0.74244670133665	-64.5	920.625	2216	0000	356	920.625	022313865 9.67848973621433	
5.78617553190464	-62.5	920.625	2215	0000	357	920.625	022313867 9.68117207199111	
5.77390368560155	-62	920.625	2215	0000	358	920.625	022313869 9.6831268090852	
0.779262240245906	-64.5	920.625	2216	0000	359	920.625	022313872 9.68602474364135	
0.822213702306704	-65	920.625	2216	0000	360	920.625	022313874 9.68776161646978	
5.80458330135927	-62.5	920.625	2215	0000	361	920.625	022313879 9.69283064206147	
5.72481630038921	-62	920.625	2215	0000	362	920.625	022313880 9.69388522593317	
0.822213702306704	-64.5	920.625	2216	0000	363	920.625	022313881 9.69524904868454	
0.877437010670587	-65	920.625	2216	0000	364	920.625	022313883 9.69658946141084	
5.79844737820772	-62	920.625	2215	0000	365	920.625	022313885 9.69866124863032	
5.6941366846315	-62	920.625	2215	0000	366	920.625	022313891 9.70466176667152	
0.760854470791278	-65	920.625	2216	0000	367	920.625	022313893 9.70684342997646	
5.76163183929847	-62.5	920.625	2215	0000	368	920.625	022314115 9.92840987782232	
0.656543777215054	-64	920.625	2216	0000	369	920.625	022314120 9.93406037823049	
0.45405831321415	-64.5	920.625	2216	0000	370	920.625	022314122 9.93536680866231	
5.77390368560155	-62.5	920.625	2215	0000	371	920.625	022314124 9.9378788553857	
5.82912699396544	-62.5	920.625	2215	0000	372	920.625	022314128 9.94184912012288	
0.711767085578938	-65.5	920.625	2216	0000	373	920.625	022314130 9.94338927322444	
0.69335931612431	-65	920.625	2216	0000	374	920.625	022314132 9.94538894246345	
5.81685514766235	-62	920.625	2215	0000	375	920.625	022314134 9.94750490666574	
5.82299107081389	-61.5	920.625	2215	0000	376	920.625	022314139 9.95306667552724	
0.834485548609789	-64.5	920.625	2216	0000	377	920.625	022314141 9.95451658675793	
5.76163183929847	-62	920.625	2215	0000	378	920.625	022314143 9.95641204362722	
0.785398163397448	-64.5	920.625	2216	0000	379	920.625	022314145 9.95881157119782	
5.7370881466923	-63	920.625	2215	0000	380	920.625	022314364 10.17784067439	
0.736310778185108	-65	920.625	2216	0000	381	920.625	022314367 10.1809043670269	
5.78617553190464	-62	920.625	2215	0000	382	920.625	022314370 10.1839876938784	
0.791534086548991	-64.5	920.625	2216	0000	383	920.625	022314372 10.1865435400036	
5.80458330135927	-62	920.625	2215	0000	384	920.625	022314376 10.1907146778592	
0.840621471761331	-64.5	920.625	2216	0000	385	920.625	022314379 10.1930198101674	
0.773126317094363	-65	920.625	2216	0000	386	920.625	022314382 10.1958769659701	
5.7800396087531	-62	920.625	2215	0000	387	920.625	022314387 10.2017019088232	
5.76163183929847	-62	920.625	2215	0000	388	920.625	022314614 10.4283589043806	
0.797670009700533	-64.5	920.625	2216	0000	389	920.625	022314619 10.4330503489226	
5.76163183929847	-62.5	920.625	2215	0000	390	920.625	022314623 10.43726528618	
0.809941856003619	-65	920.625	2216	0000	391	920.625	022314627 10.4408107722363	
5.70947649251036	-63	920.625	2215	0000	392	920.625	022314629 10.4428942644683	
3.82881604656256	-65.5	920.625	2216	0000	393	920.625	022314630 10.4435342643475	
5.75549591614693	-62.5	920.625	2215	0000	394	920.625	022314632 10.4458771547607	
0.871301087519044	-64	920.625	2216	0000	395	920.625	022314633 10.447339526166	
5.85367068657161	-62	920.625	2215	0000	396	920.625	022314635 10.4487195849025	
0.809941856003619	-64.5	920.625	2216	0000	397	920.625	022314640 10.4538671473525	
5.79844737820772	-62	920.625	2215	0000	398	920.625	022314642 10.4558199965414	
0.748582624488193	-65	920.625	2216	0000	399	920.625	022314644 10.4575647985718	
5.78617553190464	-62	920.625	2215	0000	400	920.625	022314864 10.6781812524968	
0.828349625458246	-64.5	920.625	2216	0000	401	920.625	022314869 10.6827379006041	
5.70027260778304	-62	920.625	2215	0000	402	920.625	022314872 10.6863928851648	
0.705631162427395	-64.5	920.625	2216	0000	403	920.625	022314875 10.6891363890716	
0.816077779155161	-65	920.625	2216	0000	404	920.625	022314880 10.6934223115663	
5.81685514766235	-62	920.625	2215	0000	405	920.625	022314881 10.6951316209781	
0.785398163397448	-64.5	920.625	2216	0000	406	920.625	022314883 10.6968397976468	
5.73095222354076	-62	920.625	2215	0000	407	920.625	022314884 10.6978841868301	
0.69335931612431	-65	920.625	2216	0000	408	920.625	022314890 10.7040636782889	
5.75242795457115	-63	920.625	2215	0000	409	920.625	022314891 10.705288551214	
5.68800076147996	-62	920.625	2215	0000	410	920.625	022315115 10.9279726389668	
0.859029241215959	-64.5	920.625	2216	0000	411	920.625	022315117 10.9300561311988	
5.7370881466923	-62	920.625	2215	0000	412	920.625	022315119 10.9325443903161	
0.779262240245906	-64	920.625	2216	0000	413	920.625	022315122 10.9351398824515	
0.748582624488193	-65	920.625	2216	0000	414	920.625	022315125 10.9385449083573	
5.79844737820772	-62	920.625	2215	0000	415	920.625	022315130 10.9430430314019	
0.809941856003619	-64.5	920.625	2216	0000	416	920.625	022315131 10.9444329072457	
5.79231145505618	-62	920.625	2215	0000	417	920.625	022315132 10.9453768598699	
0.724038931882023	-64.5	920.625	2216	0000	418	920.625	022315134 10.9471405409528	
5.77390368560155	-62	920.625	2215	0000	419	920.625	022315135 10.948518334203	
3.88710731650221	-65	920.625	2216	0000	420	920.625	022315364 11.1779078838168	
5.70027260778304	-63	920.625	2215	0000	421	920.625	022315367 11.1814798005466	
5.81071922451081	-62	920.625	2215	0000	422	920.625	022315370 11.1841757292412	
0.711767085578938	-64	920.625	2216	0000	423	920.625	022315373 11.1872749144968	
5.74322406984384	-63	920.625	2215	0000	424	920.625	022315376 11.1904832206757	
3.78893254607753	-64.5	920.625	2216	0000	425	920.625	022315378 11.1920932262715	
0.766990393942821	-64	920.625	2216	0000	426	920.625	022315379 11.1934158926884	
5.68800076147996	-62	920.625	2215	0000	427	920.625	022315382 11.1957146061188	
5.7585638777227	-62.5	920.625	2215	0000	428	920.625	022315384 11.197731266505	
3.81040827710793	-64.5	920.625	2216	0000	429	920.625	022315389 11.2035645161412	
5.76776776245001	-61.5	920.625	2215	0000	430	920.625	022315445 11.2584776385175	
0.662679700366597	-64	920.625	2216	0000	431	920.625	022315447 11.261226428559	
