0.159534001940107	-62	920.625	2216	0000	0	920.625	022454358 0.725719084230025	
5.10508806208341	-59.5	920.625	2215	0000	1	920.625	022454366 0.733707944078736	
5.16644729359884	-59.5	920.625	2215	0000	2	920.625	022454367 0.734416663708948	
0.208621387152447	-62	920.625	2216	0000	3	920.625	022454367 0.735104616381429	
5.19712690935655	-59.5	920.625	2215	0000	4	920.625	022454368 0.735684958454757	
0.208621387152447	-62	920.625	2216	0000	5	920.625	022454369 0.73621470466743	
5.25235021772044	-58.5	920.625	2215	0000	6	920.625	022454370 0.737728049514469	
0.202485464000905	-62	920.625	2216	0000	7	920.625	022454375 0.742479529443393	
0.141126232485479	-62	920.625	2216	0000	8	920.625	022454570 0.938073309626278	
5.17871913990192	-59.5	920.625	2215	0000	9	920.625	022454576 0.944657567970253	
5.22167060196272	-59.5	920.625	2215	0000	10	920.625	022454587 0.955519442025828	
0.202485464000905	-62	920.625	2216	0000	11	920.625	022454591 0.959465541575827	
5.17258321675038	-59	920.625	2215	0000	12	920.625	022454598 0.965825894357353	
0.208621387152447	-61	920.625	2216	0000	13	920.625	022454602 0.969847510117284	
0.184077694546277	-61.5	920.625	2216	0000	14	920.625	022454609 0.977421408392419	
5.20326283250809	-59.5	920.625	2215	0000	15	920.625	022454614 0.980944617166798	
5.0744084463257	-60	920.625	2215	0000	16	920.625	022454620 0.986938338749104	
0.21475731030399	-62	920.625	2216	0000	17	920.625	022454627 0.994659493633606	
5.17871913990192	-59.5	920.625	2215	0000	18	920.625	022454820 1.18833667240842	
6.13592315154256	-61.5	920.625	2216	0000	19	920.625	022454859 1.22677442326383	
5.24621429456889	-59.5	920.625	2215	0000	20	920.625	022454862 1.23037654647758	
0.227029156607075	-62	920.625	2216	0000	21	920.625	022454869 1.23709107028369	
5.12349583153804	-59.5	920.625	2215	0000	22	920.625	022454874 1.24203436138584	
0.098174770424681	-61.5	920.625	2216	0000	23	920.625	022454880 1.24779587062261	
0.153398078788564	-61.5	920.625	2216	0000	24	920.625	022454883 1.25132738618008	
5.14803952414421	-59.5	920.625	2215	0000	25	920.625	022454887 1.25469389881885	
5.18485506305347	-59.5	920.625	2215	0000	26	920.625	022454894 1.26162175591802	
0.220893233455532	-62	920.625	2216	0000	27	920.625	022454898 1.26609382587019	
5.19099098620501	-60	920.625	2215	0000	28	920.625	022454905 1.27347704571525	
0.0613592315154256	-62	920.625	2216	0000	29	920.625	022454911 1.27900256679598	
5.14190360099267	-59.5	920.625	2215	0000	30	920.625	022455070 1.43802346892772	
0.171805848243192	-62	920.625	2216	0000	31	920.625	022455077 1.44475762694841	
5.27075798717506	-59	920.625	2215	0000	32	920.625	022455081 1.44888723088855	
0.128854386182394	-62	920.625	2216	0000	33	920.625	022455087 1.45503613828226	
5.13576767784113	-59.5	920.625	2215	0000	34	920.625	022455092 1.45918424369383	
0.153398078788564	-62	920.625	2216	0000	35	920.625	022455098 1.46521534580005	
5.14803952414421	-60	920.625	2215	0000	36	920.625	022455101 1.46867285547179	
0.153398078788564	-62	920.625	2216	0000	37	920.625	022455104 1.47167537997869	
0.190213617697819	-62	920.625	2216	0000	38	920.625	022455111 1.47838084183961	
5.18485506305347	-59.5	920.625	2215	0000	39	920.625	022455115 1.48222537208725	
5.1603113704473	-60	920.625	2215	0000	40	920.625	022455322 1.68912845986955	
0.251572849213245	-62.5	920.625	2216	0000	41	920.625	022455326 1.69314629981899	
0.165669925091649	-62	920.625	2216	0000	42	920.625	022455327 1.69448482464003	
5.14803952414421	-59.5	920.625	2215	0000	43	920.625	022455328 1.69575651761529	
0.0613592315154256	-61.5	920.625	2216	0000	44	920.625	022455330 1.69751377982041	
5.24007837141735	-60	920.625	2215	0000	45	920.625	022455331 1.69887495950443	
5.1603113704473	-60	920.625	2215	0000	46	920.625	022455336 1.70348673444498	
0.251572849213245	-62.5	920.625	2216	0000	47	920.625	022455338 1.70539314116472	
5.15417544729575	-59.5	920.625	2215	0000	48	920.625	022455340 1.70731842693693	
0.134990309333936	-62	920.625	2216	0000	49	920.625	022455341 1.70881968919038	
0.202485464000905	-62	920.625	2216	0000	50	920.625	022455570 1.93790566364023	
5.09281621578033	-60	920.625	2215	0000	51	920.625	022455576 1.94429509016258	
0.0552233083638831	-60.5	920.625	2216	0000	52	920.625	022455579 1.94681091269646	
5.12963175468958	-60	920.625	2215	0000	53	920.625	022455584 1.95214575534711	
0.196349540849362	-62	920.625	2216	0000	54	920.625	022455588 1.95613980769042	
5.17871913990192	-60	920.625	2215	0000	55	920.625	022455592 1.95986011377272	
5.17258321675038	-59.5	920.625	2215	0000	56	920.625	022455593 1.96121374183575	
0.257708772364788	-62	920.625	2216	0000	57	920.625	022455597 1.96556913924358	
0.208621387152447	-61.5	920.625	2216	0000	58	920.625	022455601 1.96892054864037	
5.14803952414421	-60	920.625	2215	0000	59	920.625	022455604 1.97207523831028	
0.202485464000905	-62	920.625	2216	0000	60	920.625	022455821 2.18806707953896	
5.19712690935655	-60	920.625	2215	0000	61	920.625	022455826 2.1935219929634	
0.134990309333936	-62	920.625	2216	0000	62	920.625	022455829 2.19641615170905	
5.1603113704473	-59.5	920.625	2215	0000	63	920.625	022455831 2.19861367341807	
0.177941771394734	-61.5	920.625	2216	0000	64	920.625	022455834 2.20188692353757	
5.25235021772044	-59.5	920.625	2215	0000	65	920.625	022455836 2.20374953085555	
0.171805848243192	-62	920.625	2216	0000	66	920.625	022455837 2.20477881679692	
5.33211721869049	-59	920.625	2215	0000	67	920.625	022455840 2.2075226982848	
0.282252464970958	-61.5	920.625	2216	0000	68	920.625	022455842 2.2096311108661	
5.18485506305347	-59.5	920.625	2215	0000	69	920.625	022455846 2.21389588882202	
0.134990309333936	-62	920.625	2216	0000	70	920.625	022456070 2.43794795271779	
5.24621429456889	-60	920.625	2215	0000	71	920.625	022456074 2.4411086836845	
0.134990309333936	-62	920.625	2216	0000	72	920.625	022456076 2.44346025846178	
5.20326283250809	-60	920.625	2215	0000	73	920.625	022456077 2.4450532729103	
5.22167060196272	-59.5	920.625	2215	0000	74	920.625	022456080 2.44740333736338	
0.171805848243192	-62	920.625	2216	0000	75	920.625	022456085 2.45257091160903	
0.165669925091649	-62.5	920.625	2216	0000	76	920.625	022456087 2.45431156024797	
5.09895213893187	-59.5	920.625	2215	0000	77	920.625	022456089 2.45705997270844	
0.171805848243192	-62	920.625	2216	0000	78	920.625	022456092 2.45953539407001	
5.20326283250809	-59.5	920.625	2215	0000	79	920.625	022456098 2.46543585313305	
0.141126232485479	-61.5	920.625	2216	0000	80	920.625	022456320 2.68786167544794	
5.19099098620501	-60	920.625	2215	0000	81	920.625	022456325 2.69288539131367	
5.18485506305347	-60	920.625	2215	0000	82	920.625	022456328 2.69636668859154	
0.208621387152447	-62	920.625	2216	0000	83	920.625	022456334 2.70234002079716	
5.20326283250809	-59.5	920.625	2215	0000	84	920.625	022456338 2.70582471630448	
0.184077694546277	-61.5	920.625	2216	0000	85	920.625	022456341 2.70951557106491	
5.18485506305347	-59.5	920.625	2215	0000	86	920.625	022456347 2.71532352277078	
0.208621387152447	-61.5	920.625	2216	0000	87	920.625	022456351 2.71881879054748	
5.16644729359884	-59.5	920.625	2215	0000	88	920.625	022456353 2.72119679599825	
0.220893233455532	-62	920.625	2216	0000	89	920.625	022456358 2.72561109604982	
0.128854386182394	-62	920.625	2216	0000	90	920.625	022456570 2.93786412972477	
5.18485506305347	-60	920.625	2215	0000	91	920.625	022456573 2.94084550969288	
0.233165079758617	-62	920.625	2216	0000	92	920.625	022456575 2.94285273055288	
5.18485506305347	-59.5	920.625	2215	0000	93	920.625	022456577 2.94515068882111	
5.23394244826581	-60	920.625	2215	0000	94	920.625	022456578 2.94583637600729	
0.202485464000905	-61.5	920.625	2216	0000	95	920.625	022456583 2.95081855795756	
5.35666091129666	-59.5	920.625	2215	0000	96	920.625	022456585 2.953551489595	
0.159534001940107	-62	920.625	2216	0000	97	920.625	022456588 2.95611753040849	
0.276116541819415	-62	920.625	2216	0000	98	920.625	022456590 2.9584441848365	
5.19099098620501	-59.5	920.625	2215	0000	99	920.625	022456591 2.95946403125163	
5.23394244826581	-59.5	920.625	2215	0000	100	920.625	022456820 3.18773027724266	
0.208621387152447	-62	920.625	2216	0000	101	920.625	022456825 3.19289105502942	
5.20939875565964	-59.5	920.625	2215	0000	102	920.625	022456829 3.19686887138759	
0.159534001940107	-62	920.625	2216	0000	103	920.625	022456835 3.20264661660949	
5.19712690935655	-59.5	920.625	2215	0000	104	920.625	022456838 3.20596026790131	
0.202485464000905	-62.5	920.625	2216	0000	105	920.625	022456841 3.20870868036178	
0.202485464000905	-62.5	920.625	2216	0000	106	920.625	022456844 3.21191887444599	
5.25848614087198	-59.5	920.625	2215	0000	107	920.625	022456846 3.21376373545463	
5.24621429456889	-59.5	920.625	2215	0000	108	920.625	022456848 3.21593180584178	
0.177941771394734	-62	920.625	2216	0000	109	920.625	022456850 3.2178623777487	
5.1173599083865	-59	920.625	2215	0000	110	920.625	022457070 3.43765268433696	
5.12963175468958	-60	920.625	2215	0000	111	920.625	022457074 3.44175359211732	
6.0254765348148	-60.5	920.625	2216	0000	112	920.625	022457076 3.44383255337675	
5.18485506305347	-60	920.625	2215	0000	113	920.625	022457079 3.44695363833324	
0.177941771394734	-61.5	920.625	2216	0000	114	920.625	022457083 3.45131394429471	
0.165669925091649	-62	920.625	2216	0000	115	920.625	022457086 3.45399892313885	
5.17258321675038	-60	920.625	2215	0000	116	920.625	022457088 3.45632859821525	
5.14803952414421	-59.5	920.625	2215	0000	117	920.625	022457090 3.45797711707807	
0.337475773334841	-60	920.625	2216	0000	118	920.625	022457094 3.46203498061876	
5.15417544729575	-59.5	920.625	2215	0000	119	920.625	022457320 3.68771366367648	
0.26384469551633	-62	920.625	2216	0000	120	920.625	022457323 3.69118023529341	
5.22780652511427	-59.5	920.625	2215	0000	121	920.625	022457325 3.69377119645618	
0.23930100291016	-61.5	920.625	2216	0000	122	920.625	022457328 3.69633723726967	
5.1603113704473	-60	920.625	2215	0000	123	920.625	022457332 3.70055255210807	
0.23930100291016	-62	920.625	2216	0000	124	920.625	022457335 3.70298304132474	
0.257708772364788	-62	920.625	2216	0000	125	920.625	022457339 3.7069661438176	
5.17258321675038	-60	920.625	2215	0000	126	920.625	022457340 3.70854216711888	
5.15417544729575	-59.5	920.625	2215	0000	127	920.625	022457345 3.71271368255553	
0.337475773334841	-62	920.625	2216	0000	128	920.625	022457347 3.71465935770443	
0.177941771394734	-62	920.625	2216	0000	129	920.625	022457570 3.93802648957612	
5.20326283250809	-59.5	920.625	2215	0000	130	920.625	022457574 3.94116645358509	
5.38120460390283	-58	920.625	2215	0000	131	920.625	022457575 3.94259522027701	
0.220893233455532	-62	920.625	2216	0000	132	920.625	022457576 3.94379555043388	
5.0744084463257	-59.5	920.625	2215	0000	133	920.625	022457578 3.94575557366266	
0.208621387152447	-61.5	920.625	2216	0000	134	920.625	022457579 3.9467708891052	
0.282252464970958	-61.5	920.625	2216	0000	135	920.625	022457580 3.94787116028391	
5.11122398523496	-59.5	920.625	2215	0000	136	920.625	022457584 3.95191769639312	
4.98236959905256	-58	920.625	2215	0000	137	920.625	022457588 3.95515243324556	
0.208621387152447	-62	920.625	2216	0000	138	920.625	022457589 3.95650908195699	
0.196349540849362	-62	920.625	2216	0000	139	920.625	022457590 3.95753308176367	
5.09895213893187	-59.5	920.625	2215	0000	140	920.625	022457592 3.95968416100358	
0.196349540849362	-62	920.625	2216	0000	141	920.625	022457820 4.18771404125753	
5.15417544729575	-59.5	920.625	2215	0000	142	920.625	022457824 4.19188593427522	
5.25848614087198	-59.5	920.625	2215	0000	143	920.625	022457827 4.19422693678312	
0.208621387152447	-62	920.625	2216	0000	144	920.625	022457829 4.19667894811961	
5.22167060196272	-59.5	920.625	2215	0000	145	920.625	022457830 4.19728194505592	
0.21475731030399	-62	920.625	2216	0000	146	920.625	022457836 4.203471631203	
5.24621429456889	-60	920.625	2215	0000	147	920.625	022457839 4.20711377800802	
0.233165079758617	-62	920.625	2216	0000	148	920.625	022457842 4.20960770084102	
5.16644729359884	-59.5	920.625	2215	0000	149	920.625	022457846 4.21374712188845	
0.153398078788564	-62	920.625	2216	0000	150	920.625	022457847 4.21478018364032	
5.20326283250809	-59.5	920.625	2215	0000	151	920.625	022458070 4.43760171089525	
0.282252464970958	-62	920.625	2216	0000	152	920.625	022458076 4.44366906078224	
0.251572849213245	-62	920.625	2216	0000	153	920.625	022458080 4.44801237559648	
5.18485506305347	-60	920.625	2215	0000	154	920.625	022458085 4.45290884664848	
5.08668029262879	-59.5	920.625	2215	0000	155	920.625	022458089 4.45633728257939	
0.251572849213245	-62	920.625	2216	0000	156	920.625	022458091 4.45835583087088	
0.208621387152447	-62	920.625	2216	0000	157	920.625	022458092 4.45937567728601	
5.20939875565964	-60	920.625	2215	0000	158	920.625	022458095 4.4632198299526	
5.13576767784113	-59.5	920.625	2215	0000	159	920.625	022458097 4.46506129273179	
0.220893233455532	-62	920.625	2216	0000	160	920.625	022458099 4.46688954017425	
0.337475773334841	-60	920.625	2216	0000	161	920.625	022458319 4.68762191148141	
5.17258321675038	-59.5	920.625	2215	0000	162	920.625	022458323 4.69142792846198	
5.14803952414421	-59.5	920.625	2215	0000	163	920.625	022458326 4.69397697812824	
0.411106851153352	-60.5	920.625	2216	0000	164	920.625	022458328 4.69664345550094	
5.20326283250809	-60	920.625	2215	0000	165	920.625	022458330 4.69769992727789	
0.227029156607075	-62	920.625	2216	0000	166	920.625	022458335 4.70271609152263	
0.337475773334841	-61.5	920.625	2216	0000	167	920.625	022458337 4.70504010288328	
5.14803952414421	-60	920.625	2215	0000	168	920.625	022458338 4.7065228636653	
5.14190360099267	-60	920.625	2215	0000	169	920.625	022458340 4.7080837837246	
0.233165079758617	-62.5	920.625	2216	0000	170	920.625	022458345 4.71302934031304	
0.208621387152447	-62	920.625	2216	0000	171	920.625	022458570 4.93762096752878	
5.17871913990192	-60	920.625	2215	0000	172	920.625	022458574 4.94182835316515	
0.171805848243192	-62	920.625	2216	0000	173	920.625	022458576 4.94377931444874	
5.1173599083865	-59.5	920.625	2215	0000	174	920.625	022458579 4.94658851745822	
0.257708772364788	-62.5	920.625	2216	0000	175	920.625	022458580 4.94819890063502	
5.23394244826581	-60	920.625	2215	0000	176	920.625	022458587 4.9544357844133	
5.21553467881118	-59.5	920.625	2215	0000	177	920.625	022458589 4.95708904644927	
0.276116541819415	-62	920.625	2216	0000	178	920.625	022458592 4.96001718748938	
5.09281621578033	-59.5	920.625	2215	0000	179	920.625	022458596 4.96423174716569	
0.21475731030399	-62	920.625	2216	0000	180	920.625	022458598 4.9662231096216	
5.17871913990192	-60	920.625	2215	0000	181	920.625	022458820 5.18768685542195	
0.227029156607075	-62	920.625	2216	0000	182	920.625	022458824 5.19146870721535	
5.19099098620501	-59.5	920.625	2215	0000	183	920.625	022458826 5.19375231740369	
5.15417544729575	-60	920.625	2215	0000	184	920.625	022458828 5.19626927268073	
0.23930100291016	-62	920.625	2216	0000	185	920.625	022458833 5.2012963867759	
5.17258321675038	-59.5	920.625	2215	0000	186	920.625	022458836 5.20393567831303	
0.282252464970958	-62	920.625	2216	0000	187	920.625	022458838 5.20621400236668	
0.110446616727766	-62	920.625	2216	0000	188	920.625	022458839 5.20718363050221	
5.15417544729575	-59.5	920.625	2215	0000	189	920.625	022458843 5.21120222561374	
5.19099098620501	-59.5	920.625	2215	0000	190	920.625	022458845 5.21257359998611	
0.816077779155161	-60	920.625	2216	0000	191	920.625	022458847 5.21448416009739	
0.276116541819415	-62	920.625	2216	0000	192	920.625	022459069 5.43720562837416	
5.58369006790373	-59.5	920.625	2215	0000	193	920.625	022459075 5.44322049449525	
5.1603113704473	-60	920.625	2215	0000	194	920.625	022459077 5.44522507228789	
0.288388388122501	-62	920.625	2216	0000	195	920.625	022459082 5.44984477643048	
0.190213617697819	-62.5	920.625	2216	0000	196	920.625	022459087 5.45470273421541	
5.12349583153804	-60	920.625	2215	0000	197	920.625	022459090 5.4577135655054	
0.134990309333936	-62	920.625	2216	0000	198	920.625	022459095 5.46259153508596	
5.17871913990192	-59	920.625	2215	0000	199	920.625	022459097 5.4646682308591	
5.17871913990192	-59.5	920.625	2215	0000	200	920.625	022459320 5.68776048372663	
0.245436926061703	-62.5	920.625	2216	0000	201	920.625	022459325 5.69248968637363	
0.233165079758617	-62.5	920.625	2216	0000	202	920.625	022459328 5.69583580963572	
5.14190360099267	-59.5	920.625	2215	0000	203	920.625	022459334 5.70133980859661	
0.202485464000905	-62	920.625	2216	0000	204	920.625	022459338 5.7054622384968	
5.12349583153804	-59.5	920.625	2215	0000	205	920.625	022459339 5.7065228636653	
0.21475731030399	-62	920.625	2216	0000	206	920.625	022459341 5.70881213756939	
5.30757352608432	-59.5	920.625	2215	0000	207	920.625	022459346 5.7135817413887	
0.312932080728671	-61.5	920.625	2216	0000	208	920.625	022459348 5.7156954401047	
5.10508806208341	-59.5	920.625	2215	0000	209	920.625	022459350 5.71829357530741	
5.1173599083865	-59.5	920.625	2215	0000	210	920.625	022459353 5.72056472532111	
0.23930100291016	-62	920.625	2216	0000	211	920.625	022459357 5.7250794619319	
0.184077694546277	-62.5	920.625	2216	0000	212	920.625	022459570 5.93751146902438	
5.1603113704473	-59.5	920.625	2215	0000	213	920.625	022459574 5.94168562752838	
5.1603113704473	-59.5	920.625	2215	0000	214	920.625	022459577 5.94475271839477	
0.257708772364788	-61.5	920.625	2216	0000	215	920.625	022459578 5.94573707219123	
0.294524311274043	-62	920.625	2216	0000	216	920.625	022459583 5.95088992077594	
5.14190360099267	-59.5	920.625	2215	0000	217	920.625	022459587 5.95428739506079	
5.13576767784113	-59.5	920.625	2215	0000	218	920.625	022459589 5.95630669851437	
0.23930100291016	-62	920.625	2216	0000	219	920.625	022459590 5.9576618369016	
5.20326283250809	-59.5	920.625	2215	0000	220	920.625	022459594 5.96169817832247	
0.184077694546277	-62	920.625	2216	0000	221	920.625	022459597 5.96436729876252	
5.14803952414421	-60	920.625	2215	0000	222	920.625	022459819 6.1874705014805	
0.165669925091649	-62.5	920.625	2216	0000	223	920.625	022459824 6.19197655372714	
0.294524311274043	-62	920.625	2216	0000	224	920.625	022459825 6.19372211091972	
5.18485506305347	-59	920.625	2215	0000	225	920.625	022459827 6.19529020501896	
0.0797670009700533	-62	920.625	2216	0000	226	920.625	022459830 6.19811904224301	
5.19712690935655	-59.5	920.625	2215	0000	227	920.625	022459835 6.20300192037722	
0.23930100291016	-61.5	920.625	2216	0000	228	920.625	022459837 6.20499290525208	
5.17871913990192	-59.5	920.625	2215	0000	229	920.625	022459839 6.20713605528995	
5.12349583153804	-60	920.625	2215	0000	230	920.625	022459843 6.2112452698534	
0.269980618667873	-62	920.625	2216	0000	231	920.625	022459845 6.2137482546316	
5.1603113704473	-59.5	920.625	2215	0000	232	920.625	022500070 6.4374317994229	
0.245436926061703	-62	920.625	2216	0000	233	920.625	022500073 6.44097388724977	
5.19099098620501	-59	920.625	2215	0000	234	920.625	022500075 6.44317367444509	
0.208621387152447	-62	920.625	2216	0000	235	920.625	022500077 6.4456000102702	
5.06827252317416	-60	920.625	2215	0000	236	920.625	022500079 6.4475555025264	
0.319068003880213	-62	920.625	2216	0000	237	920.625	022500085 6.45375764884811	
5.14803952414421	-59.5	920.625	2215	0000	238	920.625	022500090 6.45745681039163	
0.196349540849362	-62	920.625	2216	0000	239	920.625	022500092 6.45954256810996	
0.153398078788564	-62	920.625	2216	0000	240	920.625	022500095 6.46324021932928	
5.18485506305347	-60	920.625	2215	0000	241	920.625	022500098 6.46542754634996	
5.18485506305347	-59.5	920.625	2215	0000	242	920.625	022500320 6.68734250150466	
0.257708772364788	-61.5	920.625	2216	0000	243	920.625	022500323 6.6908517397802	
0.276116541819415	-62	920.625	2216	0000	244	920.625	022500326 6.69332225258813	
5.22167060196272	-59.5	920.625	2215	0000	245	920.625	022500328 6.69598419898823	
0.26384469551633	-62.5	920.625	2216	0000	246	920.625	022500330 6.69783547887472	
5.17258321675038	-59.5	920.625	2215	0000	247	920.625	022500335 6.70272628621097	
0.177941771394734	-62	920.625	2216	0000	248	920.625	022500339 6.70604786670483	
5.1603113704473	-59.5	920.625	2215	0000	249	920.625	022500341 6.70811738843802	
0.21475731030399	-62	920.625	2216	0000	250	920.625	022500345 6.71219224312595	
5.18485506305347	-60	920.625	2215	0000	251	920.625	022500347 6.71480397124645	
5.21553467881118	-59.5	920.625	2215	0000	252	920.625	022500570 6.93730342186602	
0.190213617697819	-62	920.625	2216	0000	253	920.625	022500573 6.94103958635241	
5.21553467881118	-60	920.625	2215	0000	254	920.625	022500576 6.94446802228332	
0.202485464000905	-62.5	920.625	2216	0000	255	920.625	022500579 6.94710278284785	
0.294524311274043	-61.5	920.625	2216	0000	256	920.625	022500583 6.95103491189901	
5.20939875565964	-59.5	920.625	2215	0000	257	920.625	022500586 6.95432590832785	
5.09895213893187	-59.5	920.625	2215	0000	258	920.625	022500588 6.95591363664167	
0.374291312244096	-61.5	920.625	2216	0000	259	920.625	022500589 6.95777246814915	
5.19099098620501	-59.5	920.625	2215	0000	260	920.625	022500593 6.95999491020745	
0.276116541819415	-62	920.625	2216	0000	261	920.625	022500597 6.96428838432314	
5.22167060196272	-60	920.625	2215	0000	262	920.625	022500829 7.19719736690079	
0.312932080728671	-61.5	920.625	2216	0000	263	920.625	022500833 7.20116196792222	
0.208621387152447	-62	920.625	2216	0000	264	920.625	022500836 7.20407500572035	
5.12349583153804	-60	920.625	2215	0000	265	920.625	022500838 7.206186061369	
5.11122398523496	-60	920.625	2215	0000	266	920.625	022500841 7.20960505777368	
0.220893233455532	-62	920.625	2216	0000	267	920.625	022500843 7.21155299840887	
0.21475731030399	-61.5	920.625	2216	0000	268	920.625	022500845 7.21311618395447	
5.17258321675038	-60	920.625	2215	0000	269	920.625	022500847 7.21561237227377	
0.257708772364788	-62	920.625	2216	0000	270	920.625	022500850 7.21817652518201	
5.17258321675038	-60	920.625	2215	0000	271	920.625	022500856 7.22399316125203	
0.300660234425586	-62	920.625	2216	0000	272	920.625	022501070 7.43757301473548	
5.20326283250809	-60	920.625	2215	0000	273	920.625	022501075 7.44225011119762	
0.282252464970958	-62	920.625	2216	0000	274	920.625	022501077 7.44498908413185	
5.14190360099267	-60	920.625	2215	0000	275	920.625	022501079 7.44681695399326	
5.20326283250809	-60	920.625	2215	0000	276	920.625	022501081 7.44879434595033	
0.220893233455532	-62	920.625	2216	0000	277	920.625	022501086 7.45352392617837	
5.12963175468958	-59.5	920.625	2215	0000	278	920.625	022501087 7.4546053183046	
0.251572849213245	-62	920.625	2216	0000	279	920.625	022501089 7.45647660998672	
0.251572849213245	-62	920.625	2216	0000	280	920.625	022501090 7.45794615543199	
5.03759290741645	-59.5	920.625	2215	0000	281	920.625	022501094 7.46201496882313	
0.165669925091649	-61	920.625	2216	0000	282	920.625	022501097 7.46466407746755	
5.24621429456889	-60	920.625	2215	0000	283	920.625	022501099 7.46673699743018	
5.20939875565964	-60	920.625	2215	0000	284	920.625	022501320 7.68723904429705	
0.269980618667873	-62	920.625	2216	0000	285	920.625	022501326 7.69341589268844	
0.23930100291016	-62	920.625	2216	0000	286	920.625	022501330 7.69784303049571	
5.16644729359884	-60	920.625	2215	0000	287	920.625	022501335 7.70294112982822	
0.23930100291016	-62	920.625	2216	0000	288	920.625	022501337 7.7049626987681	
5.22167060196272	-59.5	920.625	2215	0000	289	920.625	022501339 7.70605277525847	
5.14190360099267	-59.5	920.625	2215	0000	290	920.625	022501341 7.70863165382765	
0.288388388122501	-62	920.625	2216	0000	291	920.625	022501347 7.71442676777784	
5.1173599083865	-60	920.625	2215	0000	292	920.625	022501349 7.71631391786404	
0.0552233083638831	-62	920.625	2216	0000	293	920.625	022501350 7.71775552231164	
0.159534001940107	-62	920.625	2216	0000	294	920.625	022501570 7.93713917410942	
5.09895213893187	-59	920.625	2215	0000	295	920.625	022501573 7.94049624722195	
5.18485506305347	-59.5	920.625	2215	0000	296	920.625	022501576 7.94369624661782	
0.257708772364788	-62	920.625	2216	0000	297	920.625	022501577 7.94485806350762	
0.331339850183298	-62	920.625	2216	0000	298	920.625	022501583 7.95077136032635	
5.22167060196272	-60	920.625	2215	0000	299	920.625	022501585 7.95268229801868	
5.13576767784113	-60	920.625	2215	0000	300	920.625	022501586 7.95375538336182	
0.251572849213245	-61.5	920.625	2216	0000	301	920.625	022501588 7.95581924137926	
5.19099098620501	-59.5	920.625	2215	0000	302	920.625	022501589 7.95684739457748	
0.257708772364788	-62	920.625	2216	0000	303	920.625	022501595 7.96290077396564	
5.14190360099267	-59.5	920.625	2215	0000	304	920.625	022501819 8.18715635404718	
0.276116541819415	-62.5	920.625	2216	0000	305	920.625	022501824 8.19212796372805	
5.1603113704473	-59	920.625	2215	0000	306	920.625	022501827 8.1946335915736	
0.23930100291016	-62	920.625	2216	0000	307	920.625	022501832 8.19957386202735	
0.245436926061703	-62	920.625	2216	0000	308	920.625	022501834 8.20197641024634	
5.29530167978123	-59.5	920.625	2215	0000	309	920.625	022501836 8.20347767249979	
5.15417544729575	-59.5	920.625	2215	0000	310	920.625	022501838 8.20561666914612	
0.276116541819415	-62	920.625	2216	0000	311	920.625	022501839 8.20711037977857	
5.20939875565964	-59.5	920.625	2215	0000	312	920.625	022501845 8.21255623125782	
0.153398078788564	-62	920.625	2216	0000	313	920.625	022501846 8.21365234904498	
0.245436926061703	-61.5	920.625	2216	0000	314	920.625	022502069 8.43714785847356	
5.13576767784113	-59.5	920.625	2215	0000	315	920.625	022502073 8.44083871323399	
0.276116541819415	-61.5	920.625	2216	0000	316	920.625	022502076 8.44447217567487	
5.16644729359884	-60	920.625	2215	0000	317	920.625	022502078 8.44624605144617	
5.08054436947724	-59	920.625	2215	0000	318	920.625	022502082 8.45046061112248	
0.233165079758617	-62	920.625	2216	0000	319	920.625	022502084 8.45195771998438	
5.12963175468958	-59.5	920.625	2215	0000	320	920.625	022502086 8.45414278151877	
0.245436926061703	-62	920.625	2216	0000	321	920.625	022502088 8.4560506985627	
0.220893233455532	-61.5	920.625	2216	0000	322	920.625	022502089 8.45751458029223	
5.22167060196272	-60	920.625	2215	0000	323	920.625	022502095 8.46312279162284	
5.27075798717506	-60	920.625	2215	0000	324	920.625	022502319 8.68701702663985	
0.300660234425586	-62	920.625	2216	0000	325	920.625	022502324 8.69206490769276	
5.14190360099267	-59.5	920.625	2215	0000	326	920.625	022502326 8.69414198104694	
0.227029156607075	-62	920.625	2216	0000	327	920.625	022502327 8.69492319623869	
0.282252464970958	-62	920.625	2216	0000	328	920.625	022502329 8.69687944365698	
5.27689391032661	-59	920.625	2215	0000	329	920.625	022502335 8.70334627429451	
5.34438906499357	-59.5	920.625	2215	0000	330	920.625	022502339 8.7071334122226	
0.245436926061703	-62	920.625	2216	0000	331	920.625	022502343 8.71069966523664	
5.12963175468958	-60	920.625	2215	0000	332	920.625	022502345 8.71309730490198	
0.294524311274043	-61.5	920.625	2216	0000	333	920.625	022502347 8.71531899179818	
5.17871913990192	-59.5	920.625	2215	0000	334	920.625	022502569 8.93706214757529	
0.282252464970958	-62	920.625	2216	0000	335	920.625	022502574 8.94203677790456	
0.251572849213245	-61.5	920.625	2216	0000	336	920.625	022502576 8.9447202464245	
5.25235021772044	-60	920.625	2215	0000	337	920.625	022502579 8.94720284182601	
5.09281621578033	-60	920.625	2215	0000	338	920.625	022502584 8.95191769639312	
0.282252464970958	-61	920.625	2216	0000	339	920.625	022502585 8.95340158991828	
0.220893233455532	-62	920.625	2216	0000	340	920.625	022502588 8.9553801146185	
5.30143760293278	-59.5	920.625	2215	0000	341	920.625	022502590 8.95762672186398	
5.25235021772044	-59	920.625	2215	0000	342	920.625	022502594 8.96185902784962	
0.23930100291016	-62	920.625	2216	0000	343	920.625	022502596 8.96410978848665	
5.25848614087198	-60	920.625	2215	0000	344	920.625	022502820 9.18726849561893	
0.368155389092554	-61.5	920.625	2216	0000	345	920.625	022502824 9.19195163337786	
5.14803952414421	-59.5	920.625	2215	0000	346	920.625	022502826 9.19360052982173	
0.282252464970958	-62	920.625	2216	0000	347	920.625	022502828 9.19621905440112	
0.306796157577128	-61.5	920.625	2216	0000	348	920.625	022502832 9.20021386190653	
5.22780652511427	-60	920.625	2215	0000	349	920.625	022502835 9.20310613274692	
0.276116541819415	-62	920.625	2216	0000	350	920.625	022502837 9.20503330642439	
5.1603113704473	-60	920.625	2215	0000	351	920.625	022502840 9.20801808462195	
0.294524311274043	-62	920.625	2216	0000	352	920.625	022502843 9.21106440853061	
5.14803952414421	-60	920.625	2215	0000	353	920.625	022502845 9.21235120474786	
5.20326283250809	-60	920.625	2215	0000	354	920.625	022502846 9.21431651411134	
0.288388388122501	-61.5	920.625	2216	0000	355	920.625	022502848 9.21620441935964	
0.220893233455532	-62	920.625	2216	0000	356	920.625	022503069 9.43669551637607	
5.25848614087198	-59.5	920.625	2215	0000	357	920.625	022503073 9.44039241243329	
0.337475773334841	-62	920.625	2216	0000	358	920.625	022503074 9.44201827643313	
5.18485506305347	-60	920.625	2215	0000	359	920.625	022503076 9.44317254170194	
5.17871913990192	-60	920.625	2215	0000	360	920.625	022503077 9.44494528473009	
0.288388388122501	-61.5	920.625	2216	0000	361	920.625	022503079 9.44697025189942	
0.227029156607075	-61.5	920.625	2216	0000	362	920.625	022503084 9.45156579085484	
5.23394244826581	-60	920.625	2215	0000	363	920.625	022503085 9.45297718881847	
0.220893233455532	-62	920.625	2216	0000	364	920.625	022503319 9.68723640122971	
5.18485506305347	-60	920.625	2215	0000	365	920.625	022503324 9.69154120277688	
5.19712690935655	-59.5	920.625	2215	0000	366	920.625	022503325 9.69326561543068	
0.337475773334841	-61.5	920.625	2216	0000	367	920.625	022503328 9.69568288931061	
0.337475773334841	-62	920.625	2216	0000	368	920.625	022503330 9.69771465293883	
5.21553467881118	-60	920.625	2215	0000	369	920.625	022503333 9.70093202106298	
5.29530167978123	-60	920.625	2215	0000	370	920.625	022503335 9.70284182601216	
0.147262155637022	-61.5	920.625	2216	0000	371	920.625	022503337 9.70504689934218	
5.19712690935655	-60	920.625	2215	0000	372	920.625	022503341 9.70838886921272	
0.269980618667873	-62	920.625	2216	0000	373	920.625	022503347 9.71464312171929	
0.355883542789469	-62	920.625	2216	0000	374	920.625	022503349 9.71686782926389	
5.14190360099267	-60	920.625	2215	0000	375	920.625	022503352 9.71990697913261	
5.0744084463257	-60	920.625	2215	0000	376	920.625	022503569 9.9371017935855	
0.362019465941011	-62	920.625	2216	0000	377	920.625	022503576 9.94343193988306	
5.17871913990192	-59.5	920.625	2215	0000	378	920.625	022503579 9.94712166190033	
0.42951462060798	-61.5	920.625	2216	0000	379	920.625	022503584 9.95215519487336	
5.25235021772044	-60	920.625	2215	0000	380	920.625	022503587 9.95465742448945	
0.331339850183298	-62	920.625	2216	0000	381	920.625	022503590 9.957938603811	
0.325203927031756	-62	920.625	2216	0000	382	920.625	022503594 9.96217090979664	
5.32598129553895	-60	920.625	2215	0000	383	920.625	022503596 9.9640531513292	
0.331339850183298	-61.5	920.625	2216	0000	384	920.625	022503599 9.96647306827647	
5.30143760293278	-60	920.625	2215	0000	385	920.625	022503600 9.96782103262376	
5.28916575662969	-60	920.625	2215	0000	386	920.625	022503604 9.9724418695095	
0.417242774304894	-61.5	920.625	2216	0000	387	920.625	022503609 9.97629432895918	
0.306796157577128	-62	920.625	2216	0000	388	920.625	022503819 10.1867719765386	
5.37506868075129	-60	920.625	2215	0000	389	920.625	022503824 10.1919025478414	
0.460194236365692	-61.5	920.625	2216	0000	390	920.625	022503827 10.1947325178086	
5.24621429456889	-60	920.625	2215	0000	391	920.625	022503828 10.1957349954955	
5.18485506305347	-60	920.625	2215	0000	392	920.625	022503832 10.199875171705	
0.374291312244096	-61	920.625	2216	0000	393	920.625	022503835 10.2026787109987	
5.7370881466923	-59.5	920.625	2215	0000	394	920.625	022503836 10.2036649527004	
0.362019465941011	-62	920.625	2216	0000	395	920.625	022503838 10.2052122798419	
0.374291312244096	-62	920.625	2216	0000	396	920.625	022504069 10.4368952567513	
5.17871913990192	-60	920.625	2215	0000	397	920.625	022504073 10.4409803061276	
0.300660234425586	-61.5	920.625	2216	0000	398	920.625	022504076 10.4436256389615	
5.3198453723874	-60	920.625	2215	0000	399	920.625	022504078 10.4451827832103	
5.25235021772044	-60	920.625	2215	0000	400	920.625	022504080 10.4476480098836	
0.392699081698724	-62	920.625	2216	0000	401	920.625	022504084 10.452106486918	
5.30143760293278	-60	920.625	2215	0000	402	920.625	022504086 10.4539966576525	
0.300660234425586	-62	920.625	2216	0000	403	920.625	022504088 10.4560216248219	
0.423378697456437	-61.5	920.625	2216	0000	404	920.625	022504094 10.4613002078961	
5.24621429456889	-60	920.625	2215	0000	405	920.625	022504096 10.4633972930459	
5.24007837141735	-60	920.625	2215	0000	406	920.625	022504319 10.6868108673867	
0.411106851153352	-61	920.625	2216	0000	407	920.625	022504322 10.6902596926943	
5.1603113704473	-60	920.625	2215	0000	408	920.625	022504325 10.6933622761794	
0.380427235395639	-62	920.625	2216	0000	409	920.625	022504328 10.6960332845247	
0.319068003880213	-61.5	920.625	2216	0000	410	920.625	022504333 10.7009686464248	
5.33211721869049	-60	920.625	2215	0000	411	920.625	022504335 10.7030015427962	
0.404970928001809	-61.5	920.625	2216	0000	412	920.625	022504337 10.7048131766724	
5.4486997585698	-59.5	920.625	2215	0000	413	920.625	022504339 10.7075366687836	
0.349747619637926	-62	920.625	2216	0000	414	920.625	022504343 10.711645505766	
5.22780652511427	-60.5	920.625	2215	0000	415	920.625	022504345 10.7133955939312	
5.27075798717506	-60	920.625	2215	0000	416	920.625	022504569 10.9370391151313	
0.331339850183298	-61.5	920.625	2216	0000	417	920.625	022504575 10.942815350029	
5.21553467881118	-60	920.625	2215	0000	418	920.625	022504578 10.9466753610996	
0.392699081698724	-61.5	920.625	2216	0000	419	920.625	022504585 10.9532977551296	
0.306796157577128	-60.5	920.625	2216	0000	420	920.625	022504590 10.957733577301	
5.3627968344482	-60.5	920.625	2215	0000	421	920.625	022504596 10.9630121603753	
0.392699081698724	-62	920.625	2216	0000	422	920.625	022504599 10.9661710034367	
5.23394244826581	-59.5	920.625	2215	0000	423	920.625	022504602 10.9693475928075	
0.343611696486384	-62	920.625	2216	0000	424	920.625	022504608 10.9754341993281	
5.29530167978123	-60	920.625	2215	0000	425	920.625	022504611 10.9783377975999	
0.417242774304894	-62	920.625	2216	0000	426	920.625	022504614 10.9811099976665	
5.27075798717506	-60.5	920.625	2215	0000	427	920.625	022504620 10.9871297723413	
5.30757352608432	-60	920.625	2215	0000	428	920.625	022504819 11.1866700296552	
0.386563158547182	-60.5	920.625	2216	0000	429	920.625	022504824 11.1917922941749	
5.27075798717506	-60	920.625	2215	0000	430	920.625	022504826 11.1943013202499	
0.288388388122501	-62	920.625	2216	0000	431	920.625	022504828 11.1961167299367	
5.27689391032661	-59.5	920.625	2215	0000	432	920.625	022504833 11.2011638558275	
0.319068003880213	-62	920.625	2216	0000	433	920.625	022504836 11.2033791238458	
5.26462206402352	-60	920.625	2215	0000	434	920.625	022504838 11.2057590172018	
0.331339850183298	-62	920.625	2216	0000	435	920.625	022504843 11.2111391695784	
0.349747619637926	-62	920.625	2216	0000	436	920.625	022504845 11.2126589333033	
5.24621429456889	-60	920.625	2215	0000	437	920.625	022504847 11.2150157942153	
0.337475773334841	-62.5	920.625	2216	0000	438	920.625	022504909 11.2765501778784	
5.28916575662969	-59.5	920.625	2215	0000	439	920.625	022504912 11.2792208086427	
0.349747619637926	-62	920.625	2216	0000	440	920.625	022504915 11.2823294334245	
5.21553467881118	-59.5	920.625	2215	0000	441	920.625	022504916 11.2839054567258	
