112	-56	922750	C00000000000000000095417	00F1	0	0000	224638375 8020318	
118	-56	922750	C00000000000000000095417	00ED	1	0000	224638629 0551476	
115	-56	922750	C00000000000000000095417	00ED	2	000A	224638815 2412384	
118	-56	922750	C00000000000000000095417	00ED	3	000A	224638909 3351161	
115	-56	922750	C00000000000000000095417	00EE	4	0000	224639005 4308238	
123	-56	922750	C00000000000000000095417	00DC	5	000A	224639128 5544687	
112	-56	922750	C00000000000000000095417	00DC	6	000A	224639220 6462052	
109	-56	922750	C00000000000000000095417	00ED	7	0000	224639314 7399715	
112	-56	922750	C00000000000000000095417	00EF	8	0000	224639528 9543976	
106	-56	922750	C00000000000000000095417	00E5	9	000A	224639622 0481276	
115	-56	922750	C00000000000000000095417	00D9	10	0000	224640028 4539481	
106	-56	922750	C00000000000000000095417	00FB	11	0000	224640213 6395645	
120	-56	922750	C00000000000000000095417	00E2	12	000A	224640528 953789	
112	-56	922750	C00000000000000000095417	00E2	13	0000	224640621 0474216	
126	-56	922750	C00000000000000000095417	00EB	14	0000	224640809 2350329	
120	-56	922750	C00000000000000000095417	00F6	15	0000	224640934 3596582	
115	-56	922750	C00000000000000000095417	00EC	16	0000	224641027 4533371	
112	-56	922750	C00000000000000000095417	00EE	17	000A	224641120 5461443	
118	-56	922750	C00000000000000000095417	00EC	18	0000	224641215 640888	
118	-56	922750	C00000000000000000095417	00E9	19	000A	224641309 7346811	
109	-56	922750	C00000000000000000095417	00E3	20	0000	224641435 8613067	
109	-56	922750	C00000000000000000095417	00E6	21	0000	224641531 9569801	
118	-56	922750	C00000000000000000095417	00E7	22	000A	224641816 2422881	
112	-56	922750	C00000000000000000095417	00E7	23	000A	224641910 3358673	
109	-56	922750	C00000000000000000095417	00E7	24	000A	224642033 4594354	
112	-56	922750	C00000000000000000095417	00F0	25	0000	224642218 6439774	
106	-56	922750	C00000000000000000095417	00F0	26	0000	224642312 7377088	
112	-56	922750	C00000000000000000095417	00ED	27	000A	224642433 8593959	
112	-56	922750	C00000000000000000095417	00F0	28	0000	224642746 1715641	
112	-56	922750	C00000000000000000095417	00F0	29	0000	224642838 2643834	
120	-56	922750	C00000000000000000095417	00E8	30	0000	224642934 3600789	
101	-56	922750	C00000000000000000095417	00E8	31	0000	224643027 4528657	
112	-56	922750	C00000000000000000095417	00F2	32	0000	224643339 7650645	
118	-56	922750	C00000000000000000095417	00E5	33	000A	224643434 8598077	
106	-56	922750	C00000000000000000095417	00DF	34	0000	224643525 951455	
109	-56	922750	C00000000000000000095417	00EE	35	0000	224643747 1729943	
112	-56	922750	C00000000000000000095417	00E6	36	000A	224643938 3644053	
109	-56	922750	C00000000000000000095417	00E9	37	0000	224644030 4561819	
112	-56	922750	C00000000000000000095417	00E8	38	0000	224644247 6726413	
109	-56	922750	C00000000000000000095417	00E0	39	0000	224644432 8581258	
106	-56	922750	C00000000000000000095417	00E0	40	0000	224644524 9498859	
109	-56	922750	C00000000000000000095417	00E3	41	0000	224644648 0736357	
123	-56	922750	C00000000000000000095417	00E9	42	0000	224644738 1643568	
109	-56	922750	C00000000000000000095417	00F0	43	000A	224645141 5672368	
106	-56	922750	C00000000000000000095417	00E5	44	0000	224645235 6609557	
115	-56	922750	C00000000000000000095417	00DF	45	000A	224645455 8814745	
112	-56	922750	C00000000000000000095417	00DF	46	000A	224645548 9741582	
115	-56	922750	C00000000000000000095417	00E0	47	000A	224645954 3800932	
115	-56	922750	C00000000000000000095417	00E2	48	0000	224646047 4729241	
112	-56	922750	C00000000000000000095417	00FC	49	000A	224646140 5665746	
120	-56	922750	C00000000000000000095417	00E7	50	000A	224646448 873738	
106	-56	922750	C00000000000000000095417	00F7	51	0000	224646542 9685655	
112	-56	922750	C00000000000000000095417	00EE	52	000A	224646636 0622027	
118	-56	922750	C00000000000000000095417	00E5	53	000A	224646948 3744548	
112	-56	922750	C00000000000000000095417	00EB	54	0000	224647043 4686322	
115	-56	922750	C00000000000000000095417	00EB	55	0000	224647135 561472	
106	-56	922750	C00000000000000000095417	00ED	56	000A	224647700 .12562	
115	-56	922750	C00000000000000000095417	00ED	57	000A	224647731 .1575322	
120	-56	922750	C00000000000000000095417	00E3	58	0000	224647826 .2522954	
115	-56	922750	C00000000000000000095417	00E5	59	000A	224647952 .3782678	
115	-56	922750	C00000000000000000095417	00ED	60	000A	224648233 .6594928	
112	-56	922750	C00000000000000000095417	00ED	61	000A	224648353 .7791871	
115	-56	922750	C00000000000000000095417	00EC	62	0000	224648448 .873957	
112	-56	922750	C00000000000000000095417	00EC	63	0000	224648540 .965649	
106	-56	922750	C00000000000000000095417	00E1	64	0000	224648825 .2509353	
112	-56	922750	C00000000000000000095417	00F2	65	0000	224648948 .3745554	
115	-56	922750	C00000000000000000095417	00EC	66	0000	224649039 .4653202	
106	-56	922750	C00000000000000000095417	00EB	67	0000	224649631 .0566505	
109	-56	922750	C00000000000000000095417	00F1	68	0000	224649724 .1504775	
109	-56	922750	C00000000000000000095417	00EB	69	000A	224649946 .3719573	
115	-56	922750	C00000000000000000095417	00EB	70	000A	224650039 .4646256	
115	-56	922750	C00000000000000000095417	00E5	71	000A	224650227 .6531241	
120	-56	922750	C00000000000000000095417	00F3	72	0000	224650635 .0610527	
118	-56	922750	C00000000000000000095417	00E8	73	000A	224650944 .3702009	
106	-56	922750	C00000000000000000095417	00EB	74	0000	224651038 .4638787	
118	-56	922750	C00000000000000000095417	00EB	75	000A	224651542 .9686121	
109	-56	922750	C00000000000000000095417	00EB	76	000A	224651634 .0603381	
106	-56	922750	C00000000000000000095417	00E4	77	0000	224651754 .180108	
115	-56	922750	C00000000000000000095417	00E0	78	0000	224652127 .5530678	
120	-56	922750	C00000000000000000095417	00E8	79	000A	224652254 .6797347	
109	-56	922750	C00000000000000000095417	00F1	80	0000	224652438 .8642394	
112	-56	922750	C00000000000000000095417	00E3	81	0000	224652656 .0816551	
109	-56	922750	C00000000000000000095417	00E8	82	000A	224653029 .4556401	
112	-56	922750	C00000000000000000095417	00F5	83	0000	224653149 .5753432	
112	-56	922750	C00000000000000000095417	00EC	84	0000	224653241 .6670946	
109	-56	922750	C00000000000000000095417	00F1	85	0000	224653334 .7597692	
115	-56	922750	C00000000000000000095417	00E1	86	0000	224653428 .8546685	
123	-56	922750	C00000000000000000095417	00E3	87	000A	224653524 .950313	
112	-56	922750	C00000000000000000095417	00EE	88	0000	224653650 .0760391	
106	-56	922750	C00000000000000000095417	00EC	89	0000	224654151 .5766564	
123	-56	922750	C00000000000000000095417	00EF	90	0000	224654245 .6713713	
112	-56	922750	C00000000000000000095417	00E5	91	0000	224654339 .7651707	
118	-56	922750	C00000000000000000095417	00E5	92	0000	224654433 .858952	
112	-56	922750	C00000000000000000095417	00F8	93	000A	224654554 .9796864	
109	-56	922750	C00000000000000000095417	00F2	94	0000	224654647 .0733861	
109	-56	922750	C00000000000000000095417	00F0	95	0000	224654834 .2599014	
115	-56	922750	C00000000000000000095417	00EF	96	0000	224654925 .3506513	
112	-56	922750	C00000000000000000095417	00E4	97	000A	224655050 .476354	
109	-55	922750	C00000000000000000095417	00ED	98	0000	224655144 .5700976	
109	-56	922750	C00000000000000000095417	00EF	99	0000	224655643 .0693019	
120	-56	922750	C00000000000000000095417	00E0	100	0000	224655954 .3804184	
126	-56	922750	C00000000000000000095417	00E0	101	0000	224656048 .4741167	
118	-56	922750	C00000000000000000095417	00EE	102	0000	224656230 .6566223	
109	-56	922750	C00000000000000000095417	00F8	103	0000	224656353 .7793322	
118	-56	922750	C00000000000000000095417	00F8	104	0000	224656448 .8741025	
109	-56	922750	C00000000000000000095417	00F1	105	0000	224656634 .0605224	
118	-56	922750	C00000000000000000095417	00E5	106	0000	224657133 .559248	
120	-56	922750	C00000000000000000095417	00F2	107	0000	224657225 .651048	
112	-56	922750	C00000000000000000095417	00EB	108	0000	224657540 .9661105	
115	-56	922750	C00000000000000000095417	00E5	109	0000	224657636 .0619382	
118	-56	922750	C00000000000000000095417	00E5	110	0000	224657698 .1237676	
112	-56	922750	C00000000000000000095417	00F4	111	0000	224658042 .467895	
106	-56	922750	C00000000000000000095417	00F0	112	0000	224658229 .6553531	
115	-56	922750	C00000000000000000095417	00E8	113	0000	224658453 .878823	
109	-56	922750	C00000000000000000095417	00F0	114	0000	224658640 .0662825	
120	-56	922750	C00000000000000000095417	00EF	115	0000	224658734 .1599281	
123	-56	922750	C00000000000000000095417	00E1	116	000A	224658856 .2816481	
129	-56	922750	C00000000000000000095417	00EB	117	0000	224658948 .374388	
120	-56	922750	C00000000000000000095417	00EE	118	0000	224659137 .5629308	
126	-56	922750	C00000000000000000095417	00F4	119	0000	224659730 .1563414	
112	-56	922750	C00000000000000000095417	00F9	120	0000	224659824 .2500861	
120	-56	922750	C00000000000000000095417	00ED	121	0000	224700230 .6560234	
112	-56	922750	C00000000000000000095417	00F4	122	0000	224700538 .964172	
115	-56	922750	C00000000000000000095417	00F0	123	0000	224700633 .0589218	
112	-56	922750	C00000000000000000095417	00F1	124	0000	224700726 .1517807	
112	-56	922750	C00000000000000000095417	00F1	125	0000	224700852 .2775385	
118	-56	922750	C00000000000000000095417	00F4	126	0000	224701041 .4669921	
112	-56	922750	C00000000000000000095417	00E3	127	000A	224701137 .5628161	
112	-56	922750	C00000000000000000095417	00EB	128	0000	224701324 .7503679	
109	-56	922750	C00000000000000000095417	00E6	129	000A	224701448 .8739343	
109	-56	922750	C00000000000000000095417	00FA	130	0000	224701543 .9687298	
112	-56	922750	C00000000000000000095417	00EA	131	0000	224701636 .0624234	
118	-56	922750	C00000000000000000095417	00E8	132	0000	224701825 .2509423	
118	-56	922750	C00000000000000000095417	00F8	133	0000	224702136 .562077	
115	-56	922750	C00000000000000000095417	00E4	134	000A	224702638 .0638336	
115	-56	922750	C00000000000000000095417	00F0	135	0000	224702700 .1257368	
115	-56	922750	C00000000000000000095417	00F2	136	0000	224702762 .1885368	
115	-56	922750	C00000000000000000095417	00F2	137	0000	224702854 .280334	
123	-56	922750	C00000000000000000095417	00E0	138	0000	224702950 .3760574	
126	-56	922750	C00000000000000000095417	00E0	139	0000	224703042 .467765	
109	-56	922750	C00000000000000000095417	00EA	140	000A	224703261 .6872214	
123	-56	922750	C00000000000000000095417	00E4	141	000A	224703448 .8737521	
118	-56	922750	C00000000000000000095417	00E7	142	0000	224703664 .0900793	
115	-56	922750	C00000000000000000095417	00EE	143	0000	224703759 .1848825	
118	-56	922750	C00000000000000000095417	00EE	144	0000	224703851 .2766407	
126	-56	922750	C00000000000000000095417	00EA	145	000A	224704164 .5897889	
109	-56	922750	C00000000000000000095417	00EC	146	000A	224704441 .8669993	
126	-56	922750	C00000000000000000095417	00E0	147	0000	224704535 .9607698	
115	-56	922750	C00000000000000000095417	00E6	148	0000	224704754 .1802034	
115	-56	922750	C00000000000000000095417	00E6	149	0000	224704848 .2739409	
112	-56	922750	C00000000000000000095417	00E7	150	0000	224704939 .3646996	
118	-56	922750	C00000000000000000095417	00D9	151	0000	224705063 .4893703	
115	-56	922750	C00000000000000000095417	00FA	152	000A	224705750 .1755745	
123	-56	922750	C00000000000000000095417	00F2	153	0000	224706155 .581505	
132	-56	922750	C00000000000000000095417	00DF	154	000A	224706249 .675217	
109	-56	922750	C00000000000000000095417	00F4	155	0000	224706659 .0847477	
115	-56	922750	C00000000000000000095417	00EA	156	0000	224706844 .2702335	
118	-56	922750	C00000000000000000095417	00F2	157	0000	224707155 .5814232	
112	-56	922750	C00000000000000000095417	00E4	158	000A	224707464 .8906094	
126	-56	922750	C00000000000000000095417	00E0	159	0000	224707558 .9843643	
120	-56	922750	C00000000000000000095417	00EA	160	0000	224707652 .0781652	
115	-56	922750	C00000000000000000095417	00EB	161	000A	224707746 .171837	
112	-56	922750	C00000000000000000095417	00EC	162	0000	224707838 .2641665	
112	-56	922750	C00000000000000000095417	00EC	163	0000	224707964 .3897934	
112	-56	922750	C00000000000000000095417	00E0	164	0000	224708151 .5772558	
109	-56	922750	C00000000000000000095417	00E3	165	000A	224708552 .9782599	
120	-56	922750	C00000000000000000095417	00E4	166	0000	224708648 .0739922	
118	-56	922750	C00000000000000000095417	00EF	167	0000	224709055 .4809852	
120	-56	922750	C00000000000000000095417	00EF	168	0000	224709150 .5756229	
123	-56	922750	C00000000000000000095417	00EA	169	0000	224709654 .0802768	
118	-56	922750	C00000000000000000095417	00E2	170	0000	224710058 .4843066	
115	-56	922750	C00000000000000000095417	00E7	171	0000	224710240 .6657104	
112	-56	922750	C00000000000000000095417	00EA	172	0000	224710457 .8831633	
120	-56	922750	C00000000000000000095417	00E3	173	000A	224710552 .977933	
112	-56	922750	C00000000000000000095417	00E2	174	0000	224710646 .0716947	
120	-56	922750	C00000000000000000095417	00EF	175	0000	224710835 .2610696	
112	-56	922750	C00000000000000000095417	00EA	176	0000	224710960 .3857853	
115	-56	922750	C00000000000000000095417	00E2	177	0000	224711050 .4755912	
118	-56	922750	C00000000000000000095417	00EC	178	0000	224711454 .8805108	
112	-56	922750	C00000000000000000095417	00EB	179	000A	224711550 .9762877	
115	-56	922750	C00000000000000000095417	00E9	180	0000	224711646 .0720301	
118	-56	922750	C00000000000000000095417	00E4	181	000A	224711740 .1657032	
115	-56	922750	C00000000000000000095417	00F6	182	0000	224711865 .2914396	
118	-56	922750	C00000000000000000095417	00EB	183	0000	224712053 .4789663	
118	-56	922750	C00000000000000000095417	00DF	184	0000	224712336 .7621947	
118	-56	922750	C00000000000000000095417	00EC	185	0000	224712463 .8888852	
118	-56	922750	C00000000000000000095417	00E6	186	0000	224712648 .0743826	
120	-56	922750	C00000000000000000095417	00E1	187	000A	224713246 .6717436	
120	-56	922750	C00000000000000000095417	00E8	188	0000	224713369 .795389	
115	-56	922750	C00000000000000000095417	00F9	189	0000	224713555 .9809305	
120	-56	922750	C00000000000000000095417	00F9	190	0000	224713649 .075647	
112	-56	922750	C00000000000000000095417	00E5	191	0000	224713870 .2966006	
115	-56	922750	C00000000000000000095417	00DF	192	000A	224714059 .4850932	
115	-56	922750	C00000000000000000095417	00E5	193	000A	224714371 .7972086	
112	-56	922750	C00000000000000000095417	00FA	194	0000	224714465 .8909757	
126	-56	922750	C00000000000000000095417	00EA	195	000A	224714559 .9847423	
115	-56	922750	C00000000000000000095417	00EB	196	0000	224714869 .2948224	
115	-56	922750	C00000000000000000095417	00E0	197	0000	224715247 .6728131	
115	-56	922750	C00000000000000000095417	00D9	198	0000	224715558 .9839849	
120	-56	922750	C00000000000000000095417	00EC	199	0000	224715747 .1730213	
