160	-55	922750	C00000000000000000095417	01D8	0	000B	121249527 2602891	
163	-56	922750	C00000000000000000095417	01CF	1	0000	121250520 2531455	
165	-56	922750	C00000000000000000095417	01CF	2	0000	121250613 3459159	
160	-55	922750	C00000000000000000095417	01CB	3	0000	121250739 4715821	
165	-56	922750	C00000000000000000095417	01DB	4	0000	121251830 5626652	
154	-56	922750	C00000000000000000095417	01D6	5	000A	121252209 9416605	
154	-56	922750	C00000000000000000095417	01CC	6	0000	121253418 1504897	
163	-56	922750	C00000000000000000095417	01D1	7	0000	121253665 39776	
163	-56	922750	C00000000000000000095417	01CF	8	0000	121253759 4915976	
160	-55	922750	C00000000000000000095417	01D6	9	000A	121253978 7110375	
160	-55	922750	C00000000000000000095417	01CB	10	0000	121254667 3993729	
165	-55	922750	C00000000000000000095417	01D6	11	0000	121254886 6185181	
157	-55	922750	C00000000000000000095417	01D1	12	0000	121255263 9958907	
165	-56	922750	C00000000000000000095417	01CA	13	0000	121256165 8975283	
171	-56	922750	C00000000000000000095417	01D9	14	0000	121256573 3054022	
165	-55	922750	C00000000000000000095417	01D5	15	0000	121257476 2090098	
163	-56	922750	C00000000000000000095417	01D7	16	0000	121257572 3046955	
165	-55	922750	C00000000000000000095417	01D7	17	0000	121257664 396501	
160	-56	922750	C00000000000000000095417	01D6	18	000A	121257785 5182127	
165	-56	922750	C00000000000000000095417	01CA	19	0000	121257975 7076891	
160	-55	922750	C00000000000000000095417	01D1	20	0000	121258380 .1125435	
157	-56	922750	C00000000000000000095417	01DB	21	0000	121258442 .1744893	
160	-56	922750	C00000000000000000095417	01DC	22	0000	121258663 .3959943	
168	-56	922750	C00000000000000000095417	01DB	23	000A	121258880 .6124187	
163	-56	922750	C00000000000000000095417	01D1	24	0000	121300181 .9139429	
160	-56	922750	C00000000000000000095417	01D9	25	000A	121300367 .0993899	
168	-56	922750	C00000000000000000095417	01DD	26	0000	121300987 .7193427	
160	-56	922750	C00000000000000000095417	01D9	27	000A	121301171 .9039223	
160	-56	922750	C00000000000000000095417	01D9	28	000A	121301266 .99864	
168	-55	922750	C00000000000000000095417	01CE	29	0000	121301575 .3078201	
146	-56	922750	C00000000000000000095417	01D9	30	0000	121302986 .7191543	
163	-55	922750	C00000000000000000095417	01D1	31	0000	121303419 .151934	
157	-55	922750	C00000000000000000095417	01D6	32	0000	121303981 .7134878	
160	-55	922750	C00000000000000000095417	01D3	33	0000	121304793 .5253746	
157	-55	922750	C00000000000000000095417	01D8	34	0000	121305070 .8027114	
165	-56	922750	C00000000000000000095417	01D7	35	000A	121305193 .9253503	
165	-55	922750	C00000000000000000095417	01D4	36	0000	121305600 .3322914	
160	-55	922750	C00000000000000000095417	01D5	37	0000	121306191 .9237822	
157	-56	922750	C00000000000000000095417	01D9	38	000A	121306378 .1112172	
168	-55	922750	C00000000000000000095417	01D3	39	0000	121306592 .3246742	
163	-56	922750	C00000000000000000095417	01DA	40	0000	121306998 .7305833	
154	-55	922750	C00000000000000000095417	01D2	41	0000	121307997 .7294565	
168	-55	922750	C00000000000000000095417	01D8	42	0000	121308580 .3130705	
163	-56	922750	C00000000000000000095417	01D3	43	000A	121308675 .4080539	
157	-55	922750	C00000000000000000095417	01DD	44	000A	121309177 .9097744	
160	-55	922750	C00000000000000000095417	01D4	45	0000	121309394 .1267745	
157	-56	922750	C00000000000000000095417	01DE	46	000A	121309799 .5317583	
168	-55	922750	C00000000000000000095417	01D7	47	000A	121309986 .719152	
157	-55	922750	C00000000000000000095417	01C3	48	0000	121310268 .0004809	
151	-56	922750	C00000000000000000095417	01D4	49	000A	121310486 .2188234	
160	-56	922750	C00000000000000000095417	01D5	50	000A	121310673 .4063475	
168	-55	922750	C00000000000000000095417	01D3	51	0000	121311388 .1205082	
154	-55	922750	C00000000000000000095417	01DA	52	0000	121311793 .5254166	
151	-55	922750	C00000000000000000095417	01DC	53	0000	121311886 .619112	
154	-55	922750	C00000000000000000095417	01DB	54	0000	121312289 .0220657	
160	-55	922750	C00000000000000000095417	01D2	55	0000	121312477 .209508	
171	-56	922750	C00000000000000000095417	01C2	56	000A	121312784 .5167832	
174	-55	922750	C00000000000000000095417	01D7	57	0000	121313096 .829014	
165	-56	922750	C00000000000000000095417	01D9	58	000A	121313283 .0154332	
163	-55	922750	C00000000000000000095417	01D9	59	0000	121313439 .1719384	
163	-55	922750	C00000000000000000095417	01DF	60	000A	121314094 .826351	
165	-55	922750	C00000000000000000095417	01D5	61	0000	121314379 .1115255	
174	-55	922750	C00000000000000000095417	01D3	62	000A	121314472 .2043623	
157	-55	922750	C00000000000000000095417	01D3	63	000A	121314690 .4228175	
163	-55	922750	C00000000000000000095417	01D9	64	0000	121315097 .8296575	
168	-55	922750	C00000000000000000095417	01D3	65	0000	121316182 .9151215	
165	-55	922750	C00000000000000000095417	01DA	66	0000	121316370 .1025823	
163	-55	922750	C00000000000000000095417	01D7	67	0000	121316592 .3245051	
157	-56	922750	C00000000000000000095417	01C8	68	000A	121317589 .3214337	
160	-56	922750	C00000000000000000095417	01C8	69	000A	121317682 .4150887	
163	-55	922750	C00000000000000000095417	01D5	70	0000	121317998 .7303911	
174	-55	922750	C00000000000000000095417	01D9	71	0000	121318466 .19912	
163	-55	922750	C00000000000000000095417	01D7	72	0000	121318678 .410629	
160	-55	922750	C00000000000000000095417	01E1	73	0000	121318898 .6309912	
171	-55	922750	C00000000000000000095417	01DB	74	0000	121319081 .813507	
160	-55	922750	C00000000000000000095417	01DF	75	0000	121319393 .1257256	
165	-55	922750	C00000000000000000095417	01DD	76	0000	121319704 .4369011	
163	-55	922750	C00000000000000000095417	01D6	77	0000	121319985 .7181039	
174	-55	922750	C00000000000000000095417	01CF	78	000A	121320300 .0323288	
160	-55	922750	C00000000000000000095417	01DF	79	000A	121320583 .3155081	
157	-55	922750	C00000000000000000095417	01D2	80	0000	121320708 .4412238	
157	-55	922750	C00000000000000000095417	01DB	81	000A	121321084 .8172667	
174	-55	922750	C00000000000000000095417	01DA	82	000A	121321394 .1264477	
157	-55	922750	C00000000000000000095417	01DA	83	000A	121321488 .221177	
165	-55	922750	C00000000000000000095417	01D5	84	0000	121321800 .5323622	
171	-55	922750	C00000000000000000095417	01D6	85	0000	121322582 .3152659	
163	-55	922750	C00000000000000000095417	01D6	86	0000	121322707 .4398249	
165	-56	922750	C00000000000000000095417	01DB	87	000A	121322896 .628455	
168	-56	922750	C00000000000000000095417	01C7	88	0000	121322987 .7201847	
160	-56	922750	C00000000000000000095417	01D6	89	000A	121323206 .9387128	
168	-55	922750	C00000000000000000095417	01D5	90	0000	121323392 .1252084	
163	-55	922750	C00000000000000000095417	01D2	91	0000	121323800 .5332306	
151	-55	922750	C00000000000000000095417	01DA	92	000A	121324583 .315991	
154	-55	922750	C00000000000000000095417	01DD	93	000A	121325085 .8182982	
160	-55	922750	C00000000000000000095417	01D3	94	0000	121325179 .9120182	
160	-55	922750	C00000000000000000095417	01CE	95	000B	121325591 .323598	
160	-55	922750	C00000000000000000095417	01D1	96	0000	121325684 .4173474	
160	-55	922750	C00000000000000000095417	01D3	97	0000	121325778 .5111115	
154	-55	922750	C00000000000000000095417	01D8	98	0000	121325902 .6347573	
168	-55	922750	C00000000000000000095417	01D8	99	0000	121325996 .7285572	
168	-55	922750	C00000000000000000095417	01DA	100	0000	121326184 .9170774	
163	-55	922750	C00000000000000000095417	01CE	101	0000	121326493 .226237	
154	-55	922750	C00000000000000000095417	01D9	102	000A	121326588 .3209953	
160	-55	922750	C00000000000000000095417	01D9	103	000A	121326684 .4168064	
163	-56	922750	C00000000000000000095417	01D8	104	0000	121326778 .5105515	
157	-55	922750	C00000000000000000095417	01D3	105	000A	121327302 .0351533	
157	-55	922750	C00000000000000000095417	01E2	106	0000	121327797 .5298969	
168	-55	922750	C00000000000000000095417	01D5	107	000B	121328081 .8141473	
163	-55	922750	C00000000000000000095417	01CD	108	0000	121328207 .9397201	
165	-55	922750	C00000000000000000095417	01D4	109	0000	121328395 .1272373	
165	-55	922750	C00000000000000000095417	01DE	110	0000	121328486 .2189521	
168	-55	922750	C00000000000000000095417	01DC	111	000A	121328707 .4394405	
154	-55	922750	C00000000000000000095417	01D7	112	0000	121328799 .5322478	
154	-55	922750	C00000000000000000095417	01D8	113	0000	121329204 .9371595	
168	-55	922750	C00000000000000000095417	01D7	114	000B	121329484 .2163433	
163	-55	922750	C00000000000000000095417	01CD	115	0000	121329801 .533637	
163	-55	922750	C00000000000000000095417	01DF	116	0000	121329986 .7190723	
163	-55	922750	C00000000000000000095417	01D3	117	0000	121330607 .3394323	
157	-55	922750	C00000000000000000095417	01DD	118	000B	121330889 .6217358	
160	-55	922750	C00000000000000000095417	01CB	119	0000	121331195 .9278866	
165	-55	922750	C00000000000000000095417	01D5	120	000B	121331885 .6176552	
160	-55	922750	C00000000000000000095417	01CA	121	0000	121332101 .8341405	
157	-55	922750	C00000000000000000095417	01D1	122	000B	121332378 .1113409	
160	-55	922750	C00000000000000000095417	01D1	123	000B	121332503 .2359645	
160	-55	922750	C00000000000000000095417	01C2	124	000B	121332689 .4215364	
163	-55	922750	C00000000000000000095417	01C2	125	000B	121332879 .6119275	
160	-55	922750	C00000000000000000095417	01D9	126	0000	121333101 .8339191	
163	-55	922750	C00000000000000000095417	01CC	127	000B	121333195 .9276132	
160	-55	922750	C00000000000000000095417	01D8	128	0000	121333290 .0224148	
168	-55	922750	C00000000000000000095417	01D8	129	0000	121333384 .1171684	
154	-55	922750	C00000000000000000095417	01D0	130	0000	121333819 .5516801	
157	-55	922750	C00000000000000000095417	01D2	131	0000	121333913 .6454968	
165	-55	922750	C00000000000000000095417	01CE	132	000B	121334193 .9257933	
160	-55	922750	C00000000000000000095417	01D7	133	0000	121334410 .1431948	
165	-55	922750	C00000000000000000095417	01D4	134	0000	121334500 .2329067	
165	-55	922750	C00000000000000000095417	01D6	135	000B	121334814 .5470153	
171	-55	922750	C00000000000000000095417	01D8	136	0000	121334908 .6408549	
160	-55	922750	C00000000000000000095417	01D9	137	000B	121334999 .7316345	
168	-55	922750	C00000000000000000095417	01D1	138	0000	121335904 .6373563	
160	-55	922750	C00000000000000000095417	01D9	139	0000	121336091 .8238839	
160	-55	922750	C00000000000000000095417	01D9	140	0000	121336215 .9474472	
171	-55	922750	C00000000000000000095417	01DA	141	0000	121336308 .0412065	
160	-55	922750	C00000000000000000095417	01DE	142	000B	121336496 .2287784	
163	-55	922750	C00000000000000000095417	01D9	143	0000	121336589 .3214708	
165	-55	922750	C00000000000000000095417	01D8	144	0000	121336713 .4461279	
154	-55	922750	C00000000000000000095417	01D3	145	000B	121336806 .538851	
168	-55	922750	C00000000000000000095417	01D4	146	0000	121337089 .8221161	
174	-55	922750	C00000000000000000095417	01D2	147	000B	121337311 .0435348	
165	-55	922750	C00000000000000000095417	01D2	148	000B	121337404 .1363887	
168	-55	922750	C00000000000000000095417	01D5	149	000B	121337495 .2280216	
151	-55	922750	C00000000000000000095417	01CE	150	000B	121337996 .7286877	
163	-55	922750	C00000000000000000095417	01D7	151	0000	121338215 .9480945	
157	-55	922750	C00000000000000000095417	01E0	152	000B	121338468 .2004621	
157	-55	922750	C00000000000000000095417	01DD	153	000B	121338813 .5455515	
168	-55	922750	C00000000000000000095417	01CB	154	0000	121339000 .733102	
165	-55	922750	C00000000000000000095417	01D5	155	0000	121339499 .2318024	
174	-55	922750	C00000000000000000095417	01D5	156	000B	121339591 .3235369	
160	-55	922750	C00000000000000000095417	01D3	157	000B	121339810 .5425988	
163	-55	922750	C00000000000000000095417	01D6	158	000B	121339995 .7281229	
165	-55	922750	C00000000000000000095417	01D6	159	000B	121340091 .8238286	
165	-55	922750	C00000000000000000095417	01D4	160	000B	121340306 .0391893	
165	-55	922750	C00000000000000000095417	01CE	161	0000	121340993 .7261114	
160	-55	922750	C00000000000000000095417	01C9	162	000B	121341213 .9454998	
163	-55	922750	C00000000000000000095417	01D7	163	0000	121341705 .4381906	
163	-55	922750	C00000000000000000095417	01D0	164	0000	121341799 .5319631	
160	-55	922750	C00000000000000000095417	01D8	165	000B	121342106 .8390741	
160	-55	922750	C00000000000000000095417	01D8	166	000B	121342198 .9308761	
157	-55	922750	C00000000000000000095417	01DC	167	000B	121342417 .1502482	
154	-55	922750	C00000000000000000095417	01D1	168	000B	121342603 .3357105	
163	-55	922750	C00000000000000000095417	01D1	169	000B	121342698 .4305793	
157	-55	922750	C00000000000000000095417	01D4	170	0000	121342916 .6489711	
160	-55	922750	C00000000000000000095417	01D4	171	0000	121343199 .9321292	
171	-55	922750	C00000000000000000095417	01CD	172	0000	121343510 .2433077	
154	-55	922750	C00000000000000000095417	01DA	173	0000	121343795 .5276282	
157	-55	922750	C00000000000000000095417	01DA	174	000B	121344012 .7449234	
157	-55	922750	C00000000000000000095417	01D8	175	0000	121344418 .1508409	
163	-55	922750	C00000000000000000095417	01D8	176	0000	121344512 .2446393	
165	-55	922750	C00000000000000000095417	01CF	177	000B	121344605 .3373982	
168	-55	922750	C00000000000000000095417	01DA	178	0000	121344697 .4301601	
163	-55	922750	C00000000000000000095417	01CB	179	000B	121345200 .9328535	
157	-55	922750	C00000000000000000095417	01D6	180	000B	121345510 .2429081	
157	-55	922750	C00000000000000000095417	01D7	181	0000	121345789 .5222512	
163	-55	922750	C00000000000000000095417	01D6	182	000B	121345915 .6479627	
163	-55	922750	C00000000000000000095417	01D8	183	000B	121346411 .1436834	
160	-55	922750	C00000000000000000095417	01D8	184	000B	121346504 .2364458	
174	-55	922750	C00000000000000000095417	01D5	185	0000	121346694 .4270067	
168	-55	922750	C00000000000000000095417	01D5	186	000B	121346913 .6460613	
163	-55	922750	C00000000000000000095417	01D5	187	000B	121347007 .7397548	
160	-55	922750	C00000000000000000095417	01D5	188	0000	121347513 .2462098	
165	-55	922750	C00000000000000000095417	01DA	189	0000	121347609 .3418811	
168	-55	922750	C00000000000000000095417	01DA	190	000B	121347703 .4356789	
165	-55	922750	C00000000000000000095417	01D0	191	0000	121347990 .7223636	
163	-55	922750	C00000000000000000095417	01D0	192	0000	121348115 .847749	
160	-55	922750	C00000000000000000095417	01CE	193	0000	121349120 .8529752	
168	-55	922750	C00000000000000000095417	01D8	194	0000	121349622 .3546457	
163	-55	922750	C00000000000000000095417	01DA	195	000B	121349901 .6338793	
160	-55	922750	C00000000000000000095417	01D9	196	0000	121350122 .8552698	
163	-55	922750	C00000000000000000095417	01D6	197	0000	121350215 .9481674	
165	-55	922750	C00000000000000000095417	01D6	198	0000	121350308 .0408097	
168	-55	922750	C00000000000000000095417	01D7	199	000B	121350526 .2592205	
