0.791899	4.014848
0.777479	1.560816
0.775482	1.220994
0.749591	1.000000
0.703946	1.272883
0.687281	1.498742
0.679190	0.010594
0.651460	0.577129
0.639647	0.688437
0.696248	0.000000
0.783376	0.299133
0.826245	0.500000
0.769932	0.780017
0.723376	0.978376
0.681410	0.000000
0.732428	0.896482
0.777906	1.500000
0.762344	0.590973
0.757808	0.000000
0.798053	0.569430
0.812566	1.106907
0.817299	1.419908
0.694966	0.011903
0.731524	0.848167
0.758443	1.500000
0.758540	1.500000
0.783600	1.500000
0.799162	1.310776
0.777267	1.000000
0.765685	0.990750
0.666331	0.990499
0.705205	1.559177
0.758516	1.741507
0.761562	1.067292
0.709461	0.343972
0.705631	0.822961
0.711279	1.500000
0.719207	1.482292
0.784905	1.000000
0.721824	1.370035
0.678694	1.500000
0.661646	1.163145
0.663079	0.782500
0.724562	1.383410
0.742447	1.471623
0.740680	1.000000
0.714450	1.000000
0.870213	1.000000
-2.174531	1.000000
0.816178	1.000000
0.736832	1.000000
0.687952	1.264580
0.693429	1.500000
0.711151	1.497952
0.543276	1.000000
0.695203	1.330672
0.779298	1.248525
0.755478	1.541801
0.721326	2.180274
0.728379	1.943890
0.789959	1.000000
0.797762	1.003005
0.837216	1.993128
0.834893	2.000000
0.821895	1.772006
0.767899	0.537004
0.784378	0.241685
0.815760	0.508627
0.803355	1.009186
0.810917	0.420505
0.807052	0.122574
0.731102	0.362412
0.759053	0.173347
0.785181	0.000000
0.794933	0.289203
0.802626	0.500000
0.813147	0.492541
0.791913	0.000000
0.823688	0.374308
0.839618	0.500000
0.842986	0.346341
0.948973	-0.335369
0.944442	-0.500000
0.804391	-0.500000
0.780634	-0.500000
0.790244	-0.500000
0.790601	-0.184800
0.781162	0.000000
0.785976	0.000000
0.865012	0.000000
0.851327	0.000000
0.839219	0.000000
0.836884	0.390852
0.814127	1.000000
0.797646	0.996044
0.821846	0.000000
0.813200	0.000000
0.815454	0.000000
0.806532	0.000000
0.813963	0.000000
0.822509	0.000000
0.865442	0.000000
0.865165	0.096254
0.846757	0.162529
0.889709	0.243518
0.865165	-0.074797
0.865240	0.006114
0.792537	0.006288
0.775248	0.000000
0.802600	0.000000
0.761117	0.000000
0.745729	0.000000
0.748609	0.000000
0.809820	0.000000
0.766949	0.000000
0.785377	0.500000
0.820469	0.500000
0.879400	0.500000
0.882760	0.493975
0.822137	-0.987553
0.835233	-1.000000
0.827286	-0.365331
0.810973	0.000000
0.874167	0.000000
0.858242	0.000000
0.811457	0.000000
0.829225	0.000000
0.816535	0.000000
0.810764	0.000000
0.798826	0.000000
0.907632	0.000000
0.883200	0.000000
0.861096	0.000000
0.863998	0.000000
0.871077	0.000000
0.816310	0.000000
0.818477	0.000000
0.820358	0.000000
0.822214	0.000000
0.828350	0.000000
0.828859	-0.020734
0.858662	-0.985024
0.851042	-1.000000
0.839739	0.000000
0.811417	0.000000
0.797670	0.000000
0.798684	0.000000
0.828503	0.000000
0.813493	0.000000
0.790937	0.000000
0.772314	0.000000
0.777909	0.000000
0.791619	0.000000
0.755067	-0.500000
0.833655	-0.006151
0.820513	0.000000
0.779400	-0.311095
0.760720	-0.500000
0.803472	0.000000
0.730799	0.000000
0.814033	0.000000
0.883537	0.000000
0.873139	0.000000
0.806072	0.000000
0.773077	0.000000
0.797804	0.000000
0.804813	0.000000
0.801523	0.228678
0.796747	0.712381
0.793768	-0.158987
0.811357	0.111533
0.891734	-1.133495
0.908169	-0.991439
0.785331	-0.510908
0.824943	-0.252122
0.752361	-0.091700
0.765562	-0.232834
0.817556	-0.759131
0.815927	-1.000000
0.785349	-1.000000
0.787996	-1.000000
0.780801	-0.125373
0.773126	0.500000
0.765552	0.500000
0.760886	0.500000
0.748506	0.500000
0.776527	0.246992
0.779798	0.106261
0.788620	0.000000
0.772175	0.179580
0.748774	0.505208
0.821454	0.013749
0.785485	-0.374113
0.773020	-0.497843
0.828008	-0.493048
0.809507	-0.491147
0.809379	0.011470
0.821101	-0.977332
0.804220	0.491568
0.730336	0.496711
0.762575	0.279983
0.800320	0.284080
0.797844	0.500000
0.876564	0.007905
0.870965	0.000000
0.837902	0.000000
0.833097	0.000000
0.653166	0.500000
0.721938	0.246572
0.712966	0.126187
0.748727	0.000000
0.699246	0.500000
0.759596	0.500000
0.805605	0.336195
0.828357	-0.285799
0.805789	-0.451654
0.809997	-0.496601
0.828420	1.988477
0.816816	1.436098
0.768225	1.160348
0.744481	0.221927
0.752125	1.179550
0.745926	1.094498
0.742474	0.995554
0.778821	0.492809
0.774263	1.314711
0.792746	1.500000
0.822344	1.104247
0.799652	0.161516
0.797701	0.000000
0.791464	0.000000
0.820005	-0.290002
0.862718	-0.500000
0.864166	-0.339888
0.777989	0.777214
0.765406	0.376357
0.779424	0.004384
0.803709	0.007889
0.789602	0.000000
0.807735	1.000000
0.788783	0.500000
0.791024	0.729199
0.797746	1.000000
0.759754	0.500000
0.784598	0.500000
0.778619	0.000000
0.784914	0.500000
0.785229	0.500000
0.791612	0.000000
0.791307	0.006163
0.806506	0.510004
0.833957	0.014362
0.796975	0.018887
0.767174	0.495006
0.764222	0.500000
0.781189	0.000000
0.767770	0.187299
0.796574	0.317859
0.785270	0.500000
0.834678	0.500000
0.824823	0.500000
0.703329	1.500000
0.739768	1.281220
0.787482	1.000000
0.818734	0.500000
0.816012	0.500000
0.803720	0.500000
0.821855	0.500000
0.822623	0.500000
0.812956	0.754355
0.803727	1.000000
0.792580	1.000000
0.807487	1.000000
0.822157	0.990784
0.798136	0.000000
0.834713	1.000000
0.853056	1.500000
0.835263	1.021109
0.819986	0.500000
0.828475	0.520432
0.810377	0.517717
0.797803	0.005400
0.795247	-0.197479
0.791295	-0.492205
0.779048	0.500000
0.855403	0.112220
0.882217	0.000000
0.885440	0.000000
0.888404	0.000000
0.883412	0.003287
0.810597	0.500000
0.825181	0.189550
0.825263	0.250518
0.810809	0.500000
0.820792	0.000000
0.803040	0.012482
0.833458	0.016739
0.798208	0.491239
0.797827	0.497442
0.790526	0.500000
0.778392	0.500000
0.767099	0.500000
0.834192	0.500000
0.848552	0.117934
0.877006	0.845035
0.872280	0.500000
0.850924	0.500000
0.853406	0.489558
0.809313	0.012814
0.816342	0.000000
0.832471	0.000000
0.819045	0.000000
0.809914	0.001139
0.828223	0.505170
0.810126	0.492517
0.790139	0.500000
0.787286	0.500000
0.780797	0.500000
0.818365	0.500000
0.827615	0.494013
0.773041	0.000000
0.773126	0.000000
0.778384	0.000000
0.800557	0.205871
0.822214	0.500000
0.821966	0.500000
0.810348	0.500000
0.786769	0.500000
0.782028	0.443650
0.767586	-0.137129
0.770403	0.305474
0.785541	0.011648
0.797590	0.993456
0.810518	1.000000
0.810648	0.778791
0.788096	0.500000
0.785735	0.614161
0.828493	1.000000
0.792092	0.506493
0.797332	0.500000
0.817932	0.500000
0.822156	0.500000
0.840235	0.500000
0.840621	0.500000
0.785398	0.500000
0.785764	0.500000
0.786358	0.500000
0.792885	0.500000
0.894772	0.500000
0.857524	0.500000
0.814752	0.500000
0.802881	0.500000
0.816015	0.500000
0.767193	0.500000
0.779315	0.500000
0.790052	0.500000
0.836295	0.235255
0.863762	0.000000
0.782390	0.000000
0.779127	0.005524
0.773058	0.994408
0.770513	1.000000
0.738066	0.500000
0.699370	0.731554
0.758858	0.935594
0.748531	1.000000
0.808731	0.507050
0.790857	0.500000
0.789541	0.500000
0.763056	0.830161
0.770329	1.000000
0.791303	0.994616
0.742604	-0.243592
0.760925	0.252875
0.779288	0.251033
0.791519	1.249379
0.828421	0.002908
0.803561	0.336660
0.805590	0.213653
0.812768	-0.134865
0.795785	0.173194
0.791269	0.002703
0.773758	0.493565
0.753182	1.150081
0.752372	0.960832
0.754388	-0.290389
0.766571	-0.511405
0.789327	0.106704
0.773389	-0.326194
0.785292	0.000000
0.791618	0.500000
0.778379	0.857327
0.773126	1.000000
0.770754	0.871116
0.748877	0.682685
0.736668	0.000000
0.763770	0.500000
0.755960	0.240449
0.782857	0.117185
0.776605	0.000000
0.745049	0.500000
0.772388	0.500000
0.790448	0.500000
0.809810	0.500000
0.709208	1.000000
0.757096	0.314128
0.790579	0.000000
0.772163	0.000000
0.728442	0.000000
0.718404	0.000000
0.809028	0.000000
0.802998	0.000000
0.729213	0.500000
0.735107	0.210247
0.749767	0.401538
0.755726	-0.083578
0.801195	0.857442
0.777813	0.476382
0.718608	0.011492
0.739643	-0.354308
0.772673	-0.336411
0.831178	0.000000
0.783739	0.500000
0.797670	0.500000
0.803722	0.500000
0.825889	0.500000
0.843557	0.500000
0.723033	1.000000
0.856367	0.500000
0.864924	0.500000
0.791867	0.006777
0.821310	-0.303296
0.801586	0.085114
0.809942	0.000000
0.791534	0.500000
0.791670	0.500000
0.815988	0.500000
0.793793	0.500000
0.797409	1.000000
0.798308	1.000000
0.831124	1.000000
0.840225	0.993543
0.846344	0.500000
0.916337	1.066988
-2.188610	1.500000
0.799189	1.000000
0.791534	1.000000
0.785398	1.000000
0.786260	1.000000
0.840139	0.500000
0.840212	0.500000
0.650713	0.500000
0.737630	0.500000
0.832081	0.500000
0.853683	0.500000
0.815714	0.500000
0.794122	0.500000
0.778939	0.500000
0.744956	0.810617
0.733118	1.000000
0.767566	0.685093
0.840432	0.000000
0.852190	0.016381
0.773555	1.494182
0.786948	0.749116
0.804822	0.319539
0.838825	0.284535
0.821631	0.755940
0.798683	1.000000
0.805620	0.500000
0.810066	0.510102
0.803739	1.494546
0.789276	0.611970
0.785944	-0.181502
0.777413	0.216891
0.830112	0.118797
0.833881	0.002464
0.663360	0.500000
0.747684	0.500000
0.827921	0.500000
0.839464	0.531439
0.806681	0.671914
0.848652	0.281859
0.769512	0.210272
0.718168	0.000000
0.856611	0.489628
0.858520	0.497814
0.880536	0.500000
0.843726	0.500000
0.852927	0.501828
0.829451	1.987184
0.896426	1.493234
0.791780	0.997136
0.814758	1.189246
0.855186	0.818685
0.877263	1.000000
0.792218	0.506191
0.824142	0.500000
0.862354	0.500000
0.866703	0.500000
0.875764	0.500000
0.871156	0.500000
0.828811	0.500000
0.812088	0.500000
0.800463	0.500000
0.791534	0.500000
0.822214	0.500000
0.821170	0.500000
0.760854	0.500000
0.774526	0.500000
0.788851	0.500000
0.784121	0.500000
0.778072	0.902982
0.829684	1.000000
0.864999	0.594581
0.846228	-0.002878
0.682999	1.010386
0.804403	0.503246
0.790253	0.361949
0.784411	0.177449
0.763960	0.000000
0.704071	0.500000
0.702810	0.497631
0.821646	0.505438
0.796231	0.500000
0.710025	1.000000
0.659584	0.415925
0.670671	-0.239017
0.772572	0.060576
0.803373	0.151133
