118	-53	922750	C00000000000000000095417	0159	0	000A	111115432 6837916	
118	-54	922750	C00000000000000000095417	0150	1	000A	111115676 9279402	
115	-55	922750	C00000000000000000095417	0150	2	000A	111115768 019752	
123	-54	922750	C00000000000000000095417	0149	3	000A	111115953 2051293	
129	-54	922750	C00000000000000000095417	0149	4	000A	111116078 3298813	
115	-54	922750	C00000000000000000095417	0153	5	000A	111116169 420939	
123	-54	922750	C00000000000000000095417	0153	6	000A	111116262 5143661	
112	-54	922750	C00000000000000000095417	0150	7	000A	111116356 6081384	
120	-54	922750	C00000000000000000095417	0150	8	000A	111116484 73585	
120	-54	922750	C00000000000000000095417	0150	9	000A	111116577 8285459	
112	-54	922750	C00000000000000000095417	0149	10	000A	111116667 9193722	
123	-54	922750	C00000000000000000095417	0149	11	000A	111116761 0130249	
112	-54	922750	C00000000000000000095417	0149	12	000A	111116854 1057996	
112	-54	922750	C00000000000000000095417	014E	13	000A	111116981 232481	
115	-54	922750	C00000000000000000095417	014E	14	000A	111117072 3242284	
123	-54	922750	C00000000000000000095417	0140	15	000A	111117167 4190074	
123	-54	922750	C00000000000000000095417	0140	16	000A	111117260 5117064	
123	-54	922750	C00000000000000000095417	0140	17	000A	111117356 6074674	
120	-54	922750	C00000000000000000095417	0131	18	000A	111117572 8239122	
126	-54	922750	C00000000000000000095417	0157	19	000A	111117665 9166348	
120	-54	922750	C00000000000000000095417	0157	20	000A	111117761 0124404	
115	-54	922750	C00000000000000000095417	0157	21	000A	111117881 1330964	
123	-54	922750	C00000000000000000095417	0147	22	000A	111117974 2258998	
115	-54	922750	C00000000000000000095417	0147	23	000A	111118068 3196179	
118	-54	922750	C00000000000000000095417	0141	24	000A	111118161 4134207	
123	-54	922750	C00000000000000000095417	0141	25	000A	111118257 5091347	
118	-54	922750	C00000000000000000095417	0141	26	000A	111118383 6348381	
118	-54	922750	C00000000000000000095417	0148	27	000A	111118474 7260953	
120	-54	922750	C00000000000000000095417	0148	28	000A	111118568 8198101	
106	-54	922750	C00000000000000000095417	0156	29	000A	111118662 9135776	
118	-54	922750	C00000000000000000095417	0156	30	000A	111118782 0341895	
112	-54	922750	C00000000000000000095417	0156	31	000A	111118877 1286474	
123	-54	922750	C00000000000000000095417	0157	32	000A	111118968 2203165	
115	-54	922750	C00000000000000000095417	0157	33	000A	111119062 3135804	
120	-53	922750	C00000000000000000095417	014A	34	000A	111119154 4063964	
123	-54	922750	C00000000000000000095417	014A	35	000A	111119280 532031	
120	-54	922750	C00000000000000000095417	014A	36	000A	111119375 626735	
112	-54	922750	C00000000000000000095417	0148	37	000A	111119468 7195343	
123	-54	922750	C00000000000000000095417	0148	38	000A	111119559 8112864	
118	-54	922750	C00000000000000000095417	0150	39	000A	111119682 9335294	
112	-54	922750	C00000000000000000095417	0150	40	000A	111119776 0282482	
115	-54	922750	C00000000000000000095417	0150	41	000A	111119868 1199689	
115	-54	922750	C00000000000000000095417	0150	42	000A	111119898 1498983	
112	-54	922750	C00000000000000000095417	014A	43	000A	111119993 2447583	
118	-54	922750	C00000000000000000095417	014A	44	000A	111120114 3662733	
126	-54	922750	C00000000000000000095417	014F	45	000A	111120206 4581174	
115	-54	922750	C00000000000000000095417	014F	46	000A	111120296 5479299	
123	-54	922750	C00000000000000000095417	014F	47	000A	111120423 6746132	
112	-54	922750	C00000000000000000095417	0164	48	000A	111120514 766287	
118	-54	922750	C00000000000000000095417	0164	49	000A	111120609 8609554	
115	-54	922750	C00000000000000000095417	0149	50	000A	111120703 9546818	
120	-54	922750	C00000000000000000095417	0149	51	000A	111120796 0474811	
123	-54	922750	C00000000000000000095417	0149	52	000A	111120920 1721928	
118	-54	922750	C00000000000000000095417	013F	53	000A	111121016 2679141	
120	-54	922750	C00000000000000000095417	013F	54	000A	111121111 362685	
126	-54	922750	C00000000000000000095417	014D	55	000A	111121204 4554039	
123	-54	922750	C00000000000000000095417	014D	56	000A	111121298 5501597	
123	-54	922750	C00000000000000000095417	014D	57	000A	111121424 675848	
120	-54	922750	C00000000000000000095417	0155	58	000A	111121610 8622323	
112	-54	922750	C00000000000000000095417	0159	59	000A	111121705 9570697	
118	-54	922750	C00000000000000000095417	0159	60	000A	111121798 0497406	
123	-54	922750	C00000000000000000095417	0159	61	000A	111121893 1445436	
118	-54	922750	C00000000000000000095417	014C	62	000A	111122017 2692326	
120	-54	922750	C00000000000000000095417	014C	63	000A	111122113 3650636	
120	-54	922750	C00000000000000000095417	015B	64	000A	111122209 4607309	
120	-54	922750	C00000000000000000095417	015B	65	000A	111122303 5544075	
120	-54	922750	C00000000000000000095417	015B	66	000A	111122393 6452239	
129	-54	922750	C00000000000000000095417	014C	67	000A	111122517 7688795	
120	-54	922750	C00000000000000000095417	014C	68	000A	111122611 862661	
126	-54	922750	C00000000000000000095417	0147	69	000A	111122703 9544101	
120	-54	922750	C00000000000000000095417	0147	70	000A	111122794 0461567	
118	-54	922750	C00000000000000000095417	0147	71	000A	111122919 1708664	
120	-54	922750	C00000000000000000095417	0147	72	000A	111123014 2655074	
115	-54	922750	C00000000000000000095417	0147	73	000A	111123106 3583141	
118	-54	922750	C00000000000000000095417	0152	74	000A	111123201 4530723	
115	-54	922750	C00000000000000000095417	0152	75	000A	111123293 5448297	
118	-54	922750	C00000000000000000095417	0152	76	000A	111123417 6685004	
118	-54	922750	C00000000000000000095417	014E	77	000A	111123510 7622234	
120	-54	922750	C00000000000000000095417	014E	78	000A	111123604 8560189	
120	-54	922750	C00000000000000000095417	014E	79	000A	111123699 9507471	
118	-54	922750	C00000000000000000095417	015B	80	000A	111123916 168117	
123	-54	922750	C00000000000000000095417	014E	81	000A	111124009 2608678	
118	-54	922750	C00000000000000000095417	014E	82	000A	111124103 3546439	
123	-54	922750	C00000000000000000095417	014E	83	000A	111124197 4483834	
120	-54	922750	C00000000000000000095417	0159	84	000A	111124322 5740632	
120	-54	922750	C00000000000000000095417	0159	85	000A	111124415 6668216	
123	-54	922750	C00000000000000000095417	013C	86	000A	111124510 7615508	
129	-54	922750	C00000000000000000095417	013C	87	000A	111124604 8553252	
118	-54	922750	C00000000000000000095417	013C	88	000A	111124697 94911	
118	-54	922750	C00000000000000000095417	0148	89	000A	111124793 .0448358	
115	-54	922750	C00000000000000000095417	0148	90	000A	111124887 .1385648	
118	-54	922750	C00000000000000000095417	0148	91	000A	111124917 .1685152	
126	-54	922750	C00000000000000000095417	0145	92	000A	111125223 .4747536	
118	-54	922750	C00000000000000000095417	014B	93	000A	111125300 .551421	
115	-54	922750	C00000000000000000095417	014B	94	000A	111125395 .647221	
115	-54	922750	C00000000000000000095417	0156	95	000A	111125521 .7728732	
120	-54	922750	C00000000000000000095417	0156	96	000A	111125615 .8666023	
118	-54	922750	C00000000000000000095417	0156	97	000A	111125708 .9593678	
123	-54	922750	C00000000000000000095417	0150	98	000A	111125800 .0521367	
112	-54	922750	C00000000000000000095417	0150	99	000A	111125922 .1737103	
120	-54	922750	C00000000000000000095417	0145	100	000A	111126109 .3613684	
120	-54	922750	C00000000000000000095417	0145	101	000A	111126204 .4560632	
118	-54	922750	C00000000000000000095417	0146	102	000A	111126297 .5488699	
126	-54	922750	C00000000000000000095417	0146	103	000A	111126423 .6744755	
120	-54	922750	C00000000000000000095417	0154	104	000A	111126516 .7681478	
129	-54	922750	C00000000000000000095417	0154	105	000A	111126607 .8589252	
115	-54	922750	C00000000000000000095417	0154	106	000A	111126702 .9537172	
115	-54	922750	C00000000000000000095417	0146	107	000A	111126824 .0763543	
123	-54	922750	C00000000000000000095417	0146	108	000A	111126920 .1722433	
129	-54	922750	C00000000000000000095417	0146	109	000A	111127014 .2659248	
126	-54	922750	C00000000000000000095417	0148	110	000A	111127110 .3616325	
129	-54	922750	C00000000000000000095417	0148	111	000A	111127204 .4554707	
120	-54	922750	C00000000000000000095417	0143	112	000A	111127294 .5462458	
126	-54	922750	C00000000000000000095417	0143	113	000A	111127417 .6688939	
120	-54	922750	C00000000000000000095417	0154	114	000A	111127603 .8553085	
115	-54	922750	C00000000000000000095417	0154	115	000A	111127698 .9501445	
106	-54	922750	C00000000000000000095417	0150	116	000A	111127823 .0747617	
118	-54	922750	C00000000000000000095417	0150	117	000A	111127916 .1675318	
118	-54	922750	C00000000000000000095417	0150	118	000A	111128008 .2599102	
115	-54	922750	C00000000000000000095417	0154	119	000A	111128102 .3536962	
123	-54	922750	C00000000000000000095417	0154	120	000A	111128194 .4455041	
118	-54	922750	C00000000000000000095417	0138	121	000A	111128317 .5691227	
123	-54	922750	C00000000000000000095417	0138	122	000A	111128411 .6633996	
120	-54	922750	C00000000000000000095417	0138	123	000A	111128504 .7562612	
123	-54	922750	C00000000000000000095417	0144	124	000A	111128599 .8509804	
118	-54	922750	C00000000000000000095417	0144	125	000A	111128695 .9466805	
115	-54	922750	C00000000000000000095417	0149	126	000A	111128818 .0703808	
129	-54	922750	C00000000000000000095417	0149	127	000A	111128910 .1621871	
120	-54	922750	C00000000000000000095417	0149	128	000A	111129004 .2559545	
118	-54	922750	C00000000000000000095417	014A	129	000A	111129098 .349638	
123	-54	922750	C00000000000000000095417	014A	130	000A	111129222 .4743751	
120	-54	922750	C00000000000000000095417	0148	131	000A	111129317 .5690651	
115	-54	922750	C00000000000000000095417	0148	132	000A	111129411 .6627723	
123	-54	922750	C00000000000000000095417	0148	133	000A	111129504 .7555591	
126	-54	922750	C00000000000000000095417	0147	134	000A	111129597 .8483337	
120	-54	922750	C00000000000000000095417	0147	135	000A	111129722 .9734534	
118	-54	922750	C00000000000000000095417	0160	136	000A	111129815 .0671992	
112	-54	922750	C00000000000000000095417	0160	137	000A	111129878 .1300146	
118	-54	922750	C00000000000000000095417	0160	138	000A	111129908 .1599607	
120	-54	922750	C00000000000000000095417	0160	139	000A	111130001 .2527646	
118	-54	922750	C00000000000000000095417	0156	140	000A	111130094 .3454878	
112	-54	922750	C00000000000000000095417	0156	141	000A	111130220 .4713858	
118	-54	922750	C00000000000000000095417	0161	142	000A	111130313 .5651435	
118	-54	922750	C00000000000000000095417	0161	143	000A	111130404 .6558699	
126	-54	922750	C00000000000000000095417	0150	144	000A	111130713 .964989	
118	-54	922750	C00000000000000000095417	0150	145	000A	111130807 .0587759	
123	-54	922750	C00000000000000000095417	0151	146	000A	111130900 .1514771	
118	-54	922750	C00000000000000000095417	0151	147	000A	111130995 .2473205	
118	-54	922750	C00000000000000000095417	013D	148	000A	111131123 .3749878	
118	-54	922750	C00000000000000000095417	013D	149	000A	111131215 .4666762	
120	-54	922750	C00000000000000000095417	013D	150	000A	111131309 .5604473	
118	-54	922750	C00000000000000000095417	0152	151	000A	111131404 .6561474	
118	-54	922750	C00000000000000000095417	0152	152	000A	111131496 .7479684	
123	-54	922750	C00000000000000000095417	0154	153	000A	111131618 .869621	
115	-54	922750	C00000000000000000095417	0154	154	000A	111131711 .9633284	
123	-54	922750	C00000000000000000095417	013E	155	000A	111131900 .1518861	
120	-54	922750	C00000000000000000095417	013E	156	000A	111131995 .2466627	
115	-54	922750	C00000000000000000095417	0152	157	000A	111132122 .3742967	
120	-54	922750	C00000000000000000095417	0152	158	000A	111132216 .4680682	
120	-54	922750	C00000000000000000095417	0152	159	000A	111132310 .5617951	
120	-54	922750	C00000000000000000095417	014C	160	000A	111132402 .6535131	
126	-54	922750	C00000000000000000095417	014C	161	000A	111132494 .7462547	
118	-54	922750	C00000000000000000095417	0148	162	000A	111132620 .872041	
120	-54	922750	C00000000000000000095417	0148	163	000A	111132714 .9657149	
120	-54	922750	C00000000000000000095417	0148	164	000A	111132808 .0595671	
129	-53	922750	C00000000000000000095417	0143	165	0000	111132901 .1532857	
118	-53	922750	C00000000000000000095417	0143	166	0000	111132993 .2450412	
120	-54	922750	C00000000000000000095417	015A	167	000A	111133118 .3701838	
112	-54	922750	C00000000000000000095417	015A	168	000A	111133212 .4639613	
118	-54	922750	C00000000000000000095417	015A	169	000A	111133307 .5586651	
115	-54	922750	C00000000000000000095417	0148	170	000A	111133400 .6514693	
123	-54	922750	C00000000000000000095417	0148	171	000A	111133495 .7472553	
112	-54	922750	C00000000000000000095417	0160	172	000A	111133622 .8739363	
126	-54	922750	C00000000000000000095417	0160	173	000A	111133715 .9665557	
120	-54	922750	C00000000000000000095417	0160	174	000A	111133806 .0583686	
118	-54	922750	C00000000000000000095417	0151	175	000A	111133901 .1531486	
126	-54	922750	C00000000000000000095417	0151	176	000A	111134022 .2738337	
115	-54	922750	C00000000000000000095417	0151	177	000A	111134116 .3674943	
115	-54	922750	C00000000000000000095417	0148	178	000A	111134209 .461288	
126	-54	922750	C00000000000000000095417	0148	179	000A	111134304 .5561048	
129	-54	922750	C00000000000000000095417	0155	180	000A	111134400 .65182	
118	-54	922750	C00000000000000000095417	0155	181	000A	111134493 .7448719	
109	-54	922750	C00000000000000000095417	0155	182	000A	111134616 .8683233	
118	-54	922750	C00000000000000000095417	0150	183	000A	111134709 .9611854	
112	-54	922750	C00000000000000000095417	0150	184	000A	111134803 .0547336	
129	-54	922750	C00000000000000000095417	0142	185	000A	111134893 .1446248	
120	-54	922750	C00000000000000000095417	0142	186	000A	111134923 .1745408	
120	-54	922750	C00000000000000000095417	0142	187	000A	111135014 .2662157	
118	-54	922750	C00000000000000000095417	0142	188	000A	111135108 .3599425	
118	-54	922750	C00000000000000000095417	014B	189	000A	111135232 .4836492	
120	-54	922750	C00000000000000000095417	014B	190	000A	111135326 .57842	
115	-54	922750	C00000000000000000095417	0150	191	000A	111135418 .6701099	
115	-54	922750	C00000000000000000095417	0150	192	000A	111135513 .7648643	
115	-54	922750	C00000000000000000095417	0150	193	000A	111135604 .8555965	
120	-54	922750	C00000000000000000095417	0161	194	000A	111135727 .9792567	
106	-54	922750	C00000000000000000095417	0161	195	000A	111135817 .0690903	
120	-54	922750	C00000000000000000095417	0157	196	000A	111135908 .159816	
115	-54	922750	C00000000000000000095417	0157	197	000A	111136032 .2835345	
120	-54	922750	C00000000000000000095417	0157	198	000A	111136125 .3772152	
126	-54	922750	C00000000000000000095417	0154	199	000A	111136219 .4709999	
