73	-54	922750	C00000000000000000095417	00E3	0	000C	223815594 7629582	
70	-54	922750	C00000000000000000095417	00E8	1	000C	223815848 0157273	
73	-54	922750	C00000000000000000095417	00E8	2	000C	223815940 1074873	
73	-53	922750	C00000000000000000095417	00E4	3	000C	223816034 2022531	
70	-54	922750	C00000000000000000095417	00E4	4	000C	223816156 3239554	
75	-54	922750	C00000000000000000095417	00E4	5	000C	223816247 4147085	
67	-53	922750	C00000000000000000095417	00DE	6	000C	223816340 5074615	
75	-54	922750	C00000000000000000095417	00DE	7	000C	223816433 6011297	
73	-54	922750	C00000000000000000095417	00E2	8	000C	223816558 7258388	
61	-54	922750	C00000000000000000095417	00E2	9	000C	223816654 8216209	
61	-54	922750	C00000000000000000095417	00E2	10	000C	223816748 9153648	
75	-53	922750	C00000000000000000095417	00DD	11	000C	223816839 0070458	
70	-53	922750	C00000000000000000095417	00DD	12	000C	223816933 1009005	
73	-53	922750	C00000000000000000095417	00D7	13	000C	223817059 2264648	
75	-53	922750	C00000000000000000095417	00D7	14	000C	223817154 3222944	
70	-53	922750	C00000000000000000095417	00D7	15	000C	223817250 4180103	
73	-53	922750	C00000000000000000095417	00DB	16	000C	223817342 5097576	
73	-54	922750	C00000000000000000095417	00DB	17	000C	223817436 6034601	
78	-54	922750	C00000000000000000095417	00E5	18	000C	223817659 8268465	
73	-54	922750	C00000000000000000095417	00E5	19	000C	223817753 9206412	
75	-53	922750	C00000000000000000095417	00D4	20	000C	223817847 0144326	
78	-53	922750	C00000000000000000095417	00D4	21	000C	223817939 1072811	
78	-53	922750	C00000000000000000095417	00D9	22	000C	223818035 2029426	
64	-53	922750	C00000000000000000095417	00D9	23	000C	223818162 3296278	
73	-53	922750	C00000000000000000095417	00D9	24	000C	223818255 4233752	
73	-53	922750	C00000000000000000095417	00E1	25	000C	223818347 5151996	
81	-53	922750	C00000000000000000095417	00E1	26	000C	223818443 6108384	
70	-53	922750	C00000000000000000095417	00E1	27	000C	223818538 7056019	
61	-54	922750	C00000000000000000095417	00E3	28	000C	223818633 8013203	
70	-54	922750	C00000000000000000095417	00E3	29	000C	223818761 9290403	
67	-53	922750	C00000000000000000095417	00DD	30	000C	223818855 0227829	
67	-53	922750	C00000000000000000095417	00DD	31	000C	223818949 116605	
78	-53	922750	C00000000000000000095417	00DD	32	000C	223819041 2092712	
78	-53	922750	C00000000000000000095417	00DA	33	000C	223819135 3029922	
75	-53	922750	C00000000000000000095417	00DA	34	000C	223819261 428723	
67	-54	922750	C00000000000000000095417	00E1	35	000C	223819352 520631	
70	-54	922750	C00000000000000000095417	00E1	36	000C	223819444 612145	
73	-54	922750	C00000000000000000095417	00E1	37	000C	223819536 7039347	
67	-54	922750	C00000000000000000095417	00EA	38	000C	223819658 825642	
70	-54	922750	C00000000000000000095417	00EA	39	000C	223819754 9214367	
64	-53	922750	C00000000000000000095417	00E8	40	000C	223819848 0161266	
75	-54	922750	C00000000000000000095417	00E8	41	000C	223819941 1088562	
61	-53	922750	C00000000000000000095417	00E8	42	000C	223819971 1387646	
73	-54	922750	C00000000000000000095417	00E8	43	000C	223820003 1707231	
70	-54	922750	C00000000000000000095417	00E5	44	000C	223820099 2664552	
67	-53	922750	C00000000000000000095417	00E5	45	000C	223820192 3601922	
73	-54	922750	C00000000000000000095417	00E5	46	000C	223820317 4848614	
73	-54	922750	C00000000000000000095417	00ED	47	000C	223820408 5756642	
67	-54	922750	C00000000000000000095417	00ED	48	000C	223820503 6703546	
70	-53	922750	C00000000000000000095417	00DD	49	000C	223820596 7641507	
73	-53	922750	C00000000000000000095417	00DD	50	000C	223820720 8877506	
73	-53	922750	C00000000000000000095417	00E5	51	000C	223820907 075254	
78	-54	922750	C00000000000000000095417	00E5	52	000C	223821001 1689795	
64	-53	922750	C00000000000000000095417	00EA	53	000C	223821093 2607655	
61	-53	922750	C00000000000000000095417	00EA	54	000C	223821220 3884471	
67	-53	922750	C00000000000000000095417	00EA	55	000C	223821316 4841588	
75	-54	922750	C00000000000000000095417	00E8	56	000C	223821408 5759622	
50	-53	922750	C00000000000000000095417	00E8	57	000C	223821502 6697023	
78	-53	922750	C00000000000000000095417	00E8	58	000C	223821595 7624327	
61	-53	922750	C00000000000000000095417	00E7	59	000C	223821720 8880805	
67	-54	922750	C00000000000000000095417	00E7	60	000C	223821814 981877	
73	-53	922750	C00000000000000000095417	00D8	61	000C	223821908 075633	
75	-53	922750	C00000000000000000095417	00D8	62	000C	223822002 1693842	
67	-53	922750	C00000000000000000095417	00D8	63	000C	223822097 2651247	
61	-54	922750	C00000000000000000095417	00E0	64	000C	223822223 3907359	
75	-54	922750	C00000000000000000095417	00E0	65	000C	223822319 4865078	
75	-53	922750	C00000000000000000095417	00DE	66	000C	223822410 5782738	
73	-53	922750	C00000000000000000095417	00DE	67	000C	223822502 6700274	
70	-53	922750	C00000000000000000095417	00DE	68	000C	223822593 7608026	
81	-53	922750	C00000000000000000095417	00D3	69	000C	223822717 8844287	
78	-53	922750	C00000000000000000095417	00D3	70	000C	223822807 9751843	
70	-53	922750	C00000000000000000095417	00D3	71	000C	223822998 1657305	
67	-53	922750	C00000000000000000095417	00D3	72	000C	223823121 289367	
75	-54	922750	C00000000000000000095417	00DA	73	000C	223823217 3851132	
70	-54	922750	C00000000000000000095417	00DA	74	000C	223823308 47588	
70	-53	922750	C00000000000000000095417	00E4	75	0000	223823401 5686169	
78	-54	922750	C00000000000000000095417	00DE	76	000C	223823495 6623672	
73	-54	922750	C00000000000000000095417	00DE	77	000C	223823614 782083	
78	-53	922750	C00000000000000000095417	00D8	78	000C	223823709 8767844	
64	-53	922750	C00000000000000000095417	00D8	79	000C	223823804 9715741	
70	-53	922750	C00000000000000000095417	00D8	80	000C	223823895 063279	
70	-53	922750	C00000000000000000095417	00E9	81	000C	223824021 1889849	
73	-53	922750	C00000000000000000095417	00E9	82	000C	223824115 282714	
73	-53	922750	C00000000000000000095417	00DA	83	000C	223824209 3763827	
75	-53	922750	C00000000000000000095417	00DA	84	000C	223824396 5639643	
75	-53	922750	C00000000000000000095417	00EA	85	000C	223824523 6905943	
73	-54	922750	C00000000000000000095417	00EA	86	000C	223824617 7853889	
67	-53	922750	C00000000000000000095417	00E4	87	000C	223824709 8771893	
67	-53	922750	C00000000000000000095417	00E4	88	000C	223824803 9709466	
75	-53	922750	C00000000000000000095417	00E4	89	000C	223824896 .0636578	
75	-53	922750	C00000000000000000095417	00E5	90	000C	223824957 .124532	
78	-53	922750	C00000000000000000095417	00E5	91	000C	223825019 .1873678	
75	-53	922750	C00000000000000000095417	00E5	92	000C	223825112 .2801154	
75	-53	922750	C00000000000000000095417	00E1	93	000C	223825204 .3721821	
75	-54	922750	C00000000000000000095417	00E1	94	000C	223825299 .4666136	
78	-53	922750	C00000000000000000095417	00E1	95	000C	223825394 .5623466	
70	-54	922750	C00000000000000000095417	00E4	96	000C	223825520 .6879909	
75	-54	922750	C00000000000000000095417	00E4	97	000C	223825616 .7837702	
75	-54	922750	C00000000000000000095417	00E8	98	000C	223825707 .8745383	
70	-54	922750	C00000000000000000095417	00E8	99	000C	223825800 .9683903	
81	-54	922750	C00000000000000000095417	00E8	100	000C	223825895 .0630193	
75	-54	922750	C00000000000000000095417	00F3	101	000C	223826019 .1866769	
75	-54	922750	C00000000000000000095417	00F3	102	000C	223826112 .2794838	
75	-54	922750	C00000000000000000095417	00F3	103	000C	223826204 .3721715	
73	-53	922750	C00000000000000000095417	00EE	104	000C	223826298 .4659391	
73	-53	922750	C00000000000000000095417	00EE	105	000C	223826393 .5607123	
75	-54	922750	C00000000000000000095417	00DA	106	000C	223826518 .6863165	
78	-53	922750	C00000000000000000095417	00DA	107	000C	223826612 .7801122	
73	-54	922750	C00000000000000000095417	00DA	108	000C	223826707 .8748666	
75	-54	922750	C00000000000000000095417	00ED	109	000C	223826801 .9686521	
70	-53	922750	C00000000000000000095417	00ED	110	000C	223826894 .0614233	
75	-53	922750	C00000000000000000095417	00D6	111	000C	223827019 .1871526	
75	-53	922750	C00000000000000000095417	00D6	112	000C	223827112 .2798638	
73	-54	922750	C00000000000000000095417	00D6	113	000C	223827206 .3736168	
61	-53	922750	C00000000000000000095417	00DE	114	000C	223827299 .467278	
78	-54	922750	C00000000000000000095417	00DE	115	000C	223827395 .5631005	
67	-54	922750	C00000000000000000095417	00E2	116	000C	223827520 .6877793	
64	-53	922750	C00000000000000000095417	00E2	117	000C	223827614 .7815165	
75	-54	922750	C00000000000000000095417	00E2	118	000C	223827705 .8732804	
70	-53	922750	C00000000000000000095417	00D4	119	000C	223827799 .9670542	
70	-54	922750	C00000000000000000095417	00D4	120	000C	223827894 .0617578	
70	-53	922750	C00000000000000000095417	00E1	121	000C	223828019 .1864643	
73	-53	922750	C00000000000000000095417	00E1	122	000C	223828112 .2801932	
73	-54	922750	C00000000000000000095417	00E1	123	000C	223828206 .3739243	
70	-53	922750	C00000000000000000095417	00DF	124	000C	223828302 .4695948	
78	-53	922750	C00000000000000000095417	00DF	125	000C	223828394 .5614308	
75	-53	922750	C00000000000000000095417	00E6	126	000C	223828516 .6840949	
70	-54	922750	C00000000000000000095417	00E6	127	000C	223828611 .778833	
70	-54	922750	C00000000000000000095417	00E6	128	000C	223828705 .8725856	
73	-53	922750	C00000000000000000095417	00EA	129	000C	223828798 .9662737	
70	-53	922750	C00000000000000000095417	00EA	130	000C	223828893 .0610621	
70	-54	922750	C00000000000000000095417	00E6	131	000C	223829016 .183833	
70	-54	922750	C00000000000000000095417	00E6	132	000C	223829111 .2784802	
75	-54	922750	C00000000000000000095417	00E6	133	000C	223829206 .374218	
73	-53	922750	C00000000000000000095417	00DE	134	0000	223829422 .5896856	
67	-53	922750	C00000000000000000095417	00D9	135	000C	223829516 .6834449	
78	-53	922750	C00000000000000000095417	00D9	136	000C	223829610 .7781592	
70	-53	922750	C00000000000000000095417	00D9	137	000C	223829705 .8731793	
78	-53	922750	C00000000000000000095417	00DE	138	000C	223829800 .9678798	
73	-53	922750	C00000000000000000095417	00DE	139	000C	223829895 .0627236	
64	-53	922750	C00000000000000000095417	00DE	140	000C	223829988 .1554204	
73	-53	922750	C00000000000000000095417	00DE	141	000C	223830018 .186465	
75	-53	922750	C00000000000000000095417	00E4	142	000C	223830109 .2771312	
73	-53	922750	C00000000000000000095417	00E4	143	000C	223830203 .3709022	
67	-54	922750	C00000000000000000095417	00EB	144	000C	223830326 .4936139	
73	-54	922750	C00000000000000000095417	00EB	145	000C	223830419 .5872982	
75	-54	922750	C00000000000000000095417	00EB	146	000C	223830514 .6821058	
73	-53	922750	C00000000000000000095417	00DB	147	000C	223830608 .7757746	
67	-53	922750	C00000000000000000095417	00DB	148	000C	223830732 .8999607	
75	-53	922750	C00000000000000000095417	00E4	149	000C	223830825 .9926989	
75	-53	922750	C00000000000000000095417	00E4	150	000C	223830917 .0848717	
67	-53	922750	C00000000000000000095417	00E4	151	000C	223831013 .1806042	
78	-53	922750	C00000000000000000095417	00E2	152	000C	223831104 .2723721	
75	-53	922750	C00000000000000000095417	00E2	153	000C	223831230 .397931	
67	-53	922750	C00000000000000000095417	00D7	154	000C	223831324 .4917913	
70	-53	922750	C00000000000000000095417	00D7	155	000C	223831417 .5844796	
64	-53	922750	C00000000000000000095417	00D7	156	000C	223831510 .678232	
75	-54	922750	C00000000000000000095417	00E3	157	000C	223831604 .7720436	
73	-54	922750	C00000000000000000095417	00E3	158	000C	223831732 .8996428	
75	-53	922750	C00000000000000000095417	00E4	159	000C	223831823 .9909596	
70	-53	922750	C00000000000000000095417	00E4	160	000C	223831918 .0857077	
67	-54	922750	C00000000000000000095417	00E4	161	000C	223832011 .1784263	
67	-53	922750	C00000000000000000095417	00E2	162	000C	223832133 .3011128	
78	-54	922750	C00000000000000000095417	00E2	163	000C	223832226 .3938536	
73	-54	922750	C00000000000000000095417	00E2	164	000C	223832320 .4876029	
75	-53	922750	C00000000000000000095417	00DF	165	000C	223832413 .5813338	
64	-54	922750	C00000000000000000095417	00DF	166	000C	223832508 .6760918	
81	-53	922750	C00000000000000000095417	00DB	167	000C	223832633 .8008168	
75	-54	922750	C00000000000000000095417	00DB	168	000C	223832728 .8954937	
73	-54	922750	C00000000000000000095417	00DB	169	000C	223832821 .9892963	
78	-53	922750	C00000000000000000095417	00DB	170	000C	223832917 .0850336	
73	-53	922750	C00000000000000000095417	00DB	171	000C	223833011 .1787122	
73	-53	922750	C00000000000000000095417	00D8	172	000C	223833105 .2724823	
70	-53	922750	C00000000000000000095417	00D8	173	000C	223833229 .3971363	
73	-53	922750	C00000000000000000095417	00D8	174	000C	223833322 .4899155	
70	-54	922750	C00000000000000000095417	00E1	175	000C	223833418 .5856809	
67	-54	922750	C00000000000000000095417	00E1	176	000C	223833514 .6813569	
73	-53	922750	C00000000000000000095417	00D8	177	000C	223833608 .7761878	
75	-53	922750	C00000000000000000095417	00D8	178	000C	223833703 .8709047	
75	-53	922750	C00000000000000000095417	00D8	179	000C	223833827 .9945619	
73	-54	922750	C00000000000000000095417	00E7	180	000C	223833918 .0863648	
64	-54	922750	C00000000000000000095417	00E7	181	000C	223834009 .1770783	
67	-53	922750	C00000000000000000095417	00E9	182	000C	223834104 .2714745	
70	-53	922750	C00000000000000000095417	00E9	183	000C	223834226 .3941636	
67	-54	922750	C00000000000000000095417	00E9	184	000C	223834319 .4865303	
78	-54	922750	C00000000000000000095417	00DD	185	000C	223834411 .5792967	
70	-54	922750	C00000000000000000095417	00DD	186	000C	223834504 .6720106	
73	-53	922750	C00000000000000000095417	00DD	187	000C	223834630 .7977399	
70	-54	922750	C00000000000000000095417	00E0	188	000C	223834724 .8915414	
67	-54	922750	C00000000000000000095417	00E0	189	000C	223834817 .9851192	
81	-53	922750	C00000000000000000095417	00D4	190	000C	223834911 .0789011	
73	-53	922750	C00000000000000000095417	00D4	191	000C	223834972 .1397657	
70	-53	922750	C00000000000000000095417	00D4	192	000C	223835004 .1717113	
75	-53	922750	C00000000000000000095417	00D4	193	000C	223835130 .2983463	
75	-53	922750	C00000000000000000095417	00DA	194	000C	223835223 .3912338	
70	-54	922750	C00000000000000000095417	00E4	195	000C	223835413 .5806274	
67	-54	922750	C00000000000000000095417	00E4	196	000C	223835506 .674352	
73	-54	922750	C00000000000000000095417	00E4	197	000C	223835629 .7970924	
78	-54	922750	C00000000000000000095417	00DA	198	000C	223835720 .8878273	
81	-53	922750	C00000000000000000095417	00DA	199	000C	223835816 .983575	
