165	-54	922750	C00000000000000000095417	0163	0	000B	114444642 801218	
0	-54	922750	C00000000000000000095417	016E	1	000B	114444884 0431233	
2	-54	922750	C00000000000000000095417	012F	2	000B	114445073 2316751	
177	-54	922750	C00000000000000000095417	012F	3	000B	114445195 3542603	
168	-54	922750	C00000000000000000095417	018E	4	000B	114445383 5418466	
163	-54	922750	C00000000000000000095417	018E	5	000B	114445473 6326194	
174	-54	922750	C00000000000000000095417	0161	6	000B	114445595 7542944	
5	-55	922750	C00000000000000000095417	0112	7	0000	114445689 8480367	
2	-55	922750	C00000000000000000095417	0112	8	0000	114445783 9417739	
171	-54	922750	C00000000000000000095417	0160	9	0000	114445972 1312647	
168	-54	922750	C00000000000000000095417	017F	10	000B	114446187 3461836	
168	-54	922750	C00000000000000000095417	017F	11	000B	114446281 4398955	
174	-54	922750	C00000000000000000095417	016C	12	000B	114446371 5306722	
171	-54	922750	C00000000000000000095417	016C	13	000B	114446587 7461537	
165	-54	922750	C00000000000000000095417	016C	14	000B	114446772 9316818	
5	-54	922750	C00000000000000000095417	013F	15	000B	114446899 0579188	
177	-54	922750	C00000000000000000095417	013F	16	000B	114446991 1497117	
177	-54	922750	C00000000000000000095417	013F	17	000B	114447085 2444124	
163	-54	922750	C00000000000000000095417	0169	18	000B	114447399 5576067	
168	-54	922750	C00000000000000000095417	0169	19	000B	114447584 7431066	
165	-54	922750	C00000000000000000095417	018E	20	000B	114447678 8367557	
177	-54	922750	C00000000000000000095417	015B	21	000B	114447895 0542216	
163	-54	922750	C00000000000000000095417	015B	22	000B	114447989 1479865	
160	-54	922750	C00000000000000000095417	01A3	23	000B	114448298 4572384	
177	-54	922750	C00000000000000000095417	0149	24	000B	114448392 5508698	
174	-54	922750	C00000000000000000095417	0149	25	000B	114448488 6466844	
160	-54	922750	C00000000000000000095417	0187	26	0000	114448581 7404419	
165	-54	922750	C00000000000000000095417	0153	27	000B	114448675 8342641	
174	-54	922750	C00000000000000000095417	0163	28	000B	114448896 054636	
174	-54	922750	C00000000000000000095417	0163	29	000B	114448986 1453979	
174	-54	922750	C00000000000000000095417	016C	30	000B	114449112 2710772	
171	-54	922750	C00000000000000000095417	016C	31	000B	114449205 3638081	
177	-54	922750	C00000000000000000095417	0166	32	000B	114449423 5822938	
171	-54	922750	C00000000000000000095417	0166	33	000B	114449515 6740826	
177	-54	922750	C00000000000000000095417	0165	34	000B	114449830 9888892	
174	-54	922750	C00000000000000000095417	0158	35	000B	114450017 1764337	
160	-54	922750	C00000000000000000095417	0171	36	000B	114450207 3659256	
157	-54	922750	C00000000000000000095417	0193	37	0000	114450301 4597343	
174	-54	922750	C00000000000000000095417	0150	38	000B	114450801 9606874	
165	-54	922750	C00000000000000000095417	0170	39	000B	114450926 0852168	
163	-54	922750	C00000000000000000095417	0170	40	000B	114451019 1779523	
163	-54	922750	C00000000000000000095417	0170	41	000B	114451114 2733302	
0	-54	922750	C00000000000000000095417	0181	42	0000	114451421 5805657	
163	-54	922750	C00000000000000000095417	0181	43	0000	114451513 6723303	
157	-54	922750	C00000000000000000095417	01AE	44	000B	114451703 8618354	
165	-54	922750	C00000000000000000095417	018D	45	000B	114451916 0752262	
168	-54	922750	C00000000000000000095417	018E	46	000B	114452229 3885212	
168	-54	922750	C00000000000000000095417	018E	47	000B	114452323 4822328	
157	-54	922750	C00000000000000000095417	018E	48	000B	114452416 5749911	
168	-54	922750	C00000000000000000095417	0162	49	000B	114452602 7614471	
154	-54	922750	C00000000000000000095417	0175	50	000B	114452822 98091	
165	-54	922750	C00000000000000000095417	0163	51	000B	114453131 2899747	
165	-54	922750	C00000000000000000095417	01A6	52	000B	114453226 3847741	
174	-54	922750	C00000000000000000095417	0177	53	0000	114453318 4775551	
174	-54	922750	C00000000000000000095417	0177	54	0000	114453414 5732353	
174	-54	922750	C00000000000000000095417	0157	55	000B	114453509 6679621	
163	-54	922750	C00000000000000000095417	0157	56	000B	114453604 7627473	
157	-54	922750	C00000000000000000095417	0175	57	000B	114453727 8863909	
160	-54	922750	C00000000000000000095417	0175	58	000B	114453912 .0709525	
160	-54	922750	C00000000000000000095417	0179	59	000B	114453972 .13079	
171	-54	922750	C00000000000000000095417	0179	60	000B	114454004 .1626912	
171	-54	922750	C00000000000000000095417	0179	61	000B	114454130 .2893302	
154	-54	922750	C00000000000000000095417	0174	62	000B	114454225 .3841064	
163	-54	922750	C00000000000000000095417	0174	63	000B	114454319 .4778632	
168	-54	922750	C00000000000000000095417	0174	64	000B	114454412 .5716246	
168	-54	922750	C00000000000000000095417	0169	65	000B	114454506 .6653281	
168	-54	922750	C00000000000000000095417	0169	66	000B	114454602 .7610927	
171	-54	922750	C00000000000000000095417	0165	67	000B	114454729 .8877611	
168	-54	922750	C00000000000000000095417	0165	68	000B	114454823 .9824791	
165	-54	922750	C00000000000000000095417	0165	69	000B	114454917 .0762213	
165	-54	922750	C00000000000000000095417	016E	70	000B	114455102 .2607993	
163	-54	922750	C00000000000000000095417	0180	71	000B	114455226 .3853985	
165	-54	922750	C00000000000000000095417	0171	72	0000	114455319 .4781933	
163	-54	922750	C00000000000000000095417	016F	73	000B	114455509 .667666	
168	-54	922750	C00000000000000000095417	017C	74	0000	114455630 .7892655	
163	-54	922750	C00000000000000000095417	017C	75	0000	114455724 .8831364	
0	-54	922750	C00000000000000000095417	016E	76	000B	114456225 .38382	
168	-54	922750	C00000000000000000095417	0164	77	0000	114456413 .5723586	
168	-54	922750	C00000000000000000095417	0175	78	000B	114456509 .6676412	
165	-54	922750	C00000000000000000095417	0175	79	000B	114456604 .7634382	
168	-54	922750	C00000000000000000095417	0167	80	0000	114456732 .891105	
157	-54	922750	C00000000000000000095417	0187	81	000B	114456919 .0782244	
163	-54	922750	C00000000000000000095417	016A	82	0000	114457230 .3894144	
171	-54	922750	C00000000000000000095417	016E	83	000B	114457326 .4847848	
174	-54	922750	C00000000000000000095417	016E	84	000B	114457418 .5775822	
168	-54	922750	C00000000000000000095417	0175	85	0000	114457702 .8612908	
174	-54	922750	C00000000000000000095417	016F	86	0000	114458017 .1757374	
163	-54	922750	C00000000000000000095417	0170	87	000B	114458111 .2704046	
157	-54	922750	C00000000000000000095417	016D	88	000B	114458419 .5776523	
168	-54	922750	C00000000000000000095417	017F	89	0000	114458509 .6684071	
160	-54	922750	C00000000000000000095417	017A	90	0000	114458602 .76115	
157	-54	922750	C00000000000000000095417	017A	91	0000	114458727 .8865094	
165	-54	922750	C00000000000000000095417	017A	92	000B	114458819 .9783342	
0	-54	922750	C00000000000000000095417	016F	93	0000	114459011 .169767	
168	-54	922750	C00000000000000000095417	0168	94	000B	114459106 .2655485	
168	-54	922750	C00000000000000000095417	0168	95	000B	114459232 .3912298	
168	-54	922750	C00000000000000000095417	0172	96	000B	114459326 .4849995	
165	-54	922750	C00000000000000000095417	0172	97	000B	114459418 .5767262	
157	-54	922750	C00000000000000000095417	0172	98	000B	114459511 .6705092	
163	-54	922750	C00000000000000000095417	0169	99	000B	114459602 .7611996	
171	-54	922750	C00000000000000000095417	0167	100	000B	114459815 .9736661	
168	-54	922750	C00000000000000000095417	0167	101	000B	114459909 .0684341	
168	-54	922750	C00000000000000000095417	0167	102	000B	114500004 .1636166	
157	-54	922750	C00000000000000000095417	0162	103	000B	114500222 .3815608	
165	-54	922750	C00000000000000000095417	0162	104	000B	114500315 .4743411	
157	-54	922750	C00000000000000000095417	017D	105	000B	114500408 .5669701	
165	-54	922750	C00000000000000000095417	017D	106	000B	114500503 .6618233	
171	-54	922750	C00000000000000000095417	0174	107	000B	114500627 .7864151	
163	-54	922750	C00000000000000000095417	0174	108	000B	114500722 .8812953	
177	-54	922750	C00000000000000000095417	0174	109	000B	114500815 .9739749	
171	-54	922750	C00000000000000000095417	017A	110	000B	114500907 .0657166	
163	-54	922750	C00000000000000000095417	017A	111	000B	114501029 .1884206	
165	-54	922750	C00000000000000000095417	0175	112	0000	114501218 .37687	
171	-54	922750	C00000000000000000095417	0175	113	0000	114501310 .4686559	
168	-54	922750	C00000000000000000095417	0166	114	000B	114501402 .5613918	
163	-54	922750	C00000000000000000095417	0166	115	000B	114501529 .6880585	
165	-54	922750	C00000000000000000095417	0173	116	000B	114501622 .7808536	
168	-54	922750	C00000000000000000095417	0173	117	000B	114501715 .8745137	
165	-54	922750	C00000000000000000095417	0173	118	000B	114501809 .9683582	
163	-54	922750	C00000000000000000095417	017D	119	000B	114501904 .0630579	
160	-54	922750	C00000000000000000095417	017D	120	000B	114502031 .1898565	
168	-54	922750	C00000000000000000095417	0171	121	000B	114502124 .2834661	
168	-54	922750	C00000000000000000095417	0171	122	000B	114502220 .3792808	
157	-54	922750	C00000000000000000095417	0171	123	000B	114502315 .4739476	
168	-54	922750	C00000000000000000095417	016F	124	000B	114502410 .5687756	
168	-54	922750	C00000000000000000095417	0177	125	000B	114502629 .7881226	
163	-54	922750	C00000000000000000095417	0172	126	0000	114502816 .9756579	
154	-54	922750	C00000000000000000095417	017A	127	000B	114502908 .0673605	
174	-54	922750	C00000000000000000095417	017A	128	000B	114503031 .190062	
165	-54	922750	C00000000000000000095417	016E	129	000B	114503216 .3756225	
151	-54	922750	C00000000000000000095417	017B	130	000B	114503403 .5620662	
163	-54	922750	C00000000000000000095417	018A	131	000B	114503716 .8752642	
163	-54	922750	C00000000000000000095417	018A	132	000B	114503807 .9660588	
171	-54	922750	C00000000000000000095417	0184	133	000B	114503932 .0907374	
168	-54	922750	C00000000000000000095417	0184	134	000B	114503963 .1225846	
0	-54	922750	C00000000000000000095417	016C	135	0000	114504120 .27889	
171	-54	922750	C00000000000000000095417	015E	136	000B	114504211 .369639	
171	-54	922750	C00000000000000000095417	015E	137	000B	114504306 .4651293	
165	-54	922750	C00000000000000000095417	017C	138	0000	114504614 .7732647	
174	-54	922750	C00000000000000000095417	015B	139	000B	114504831 .9898317	
171	-54	922750	C00000000000000000095417	016C	140	000B	114504922 .0815958	
157	-54	922750	C00000000000000000095417	0177	141	000B	114505423 .5817965	
2	-54	922750	C00000000000000000095417	0177	142	000B	114505514 .6735358	
160	-54	922750	C00000000000000000095417	0172	143	0000	114505608 .7673081	
174	-54	922750	C00000000000000000095417	0160	144	000B	114505703 .8620739	
0	-54	922750	C00000000000000000095417	0174	145	0000	114505919 .0784904	
163	-55	922750	C00000000000000000095417	0191	146	000B	114506103 .2620016	
165	-54	922750	C00000000000000000095417	0160	147	000B	114506230 .3886784	
160	-54	922750	C00000000000000000095417	0160	148	000B	114506323 .4824268	
165	-54	922750	C00000000000000000095417	016F	149	000B	114506511 .669931	
171	-54	922750	C00000000000000000095417	016F	150	000B	114506603 .7617194	
163	-54	922750	C00000000000000000095417	0163	151	000B	114506728 .8873016	
171	-54	922750	C00000000000000000095417	0163	152	000B	114506918 .0768574	
165	-54	922750	C00000000000000000095417	018E	153	000B	114507013 .1726484	
165	-54	922750	C00000000000000000095417	018E	154	000B	114507109 .2683328	
165	-54	922750	C00000000000000000095417	016A	155	000B	114507203 .3621241	
2	-54	922750	C00000000000000000095417	016A	156	000B	114507331 .4897448	
163	-55	922750	C00000000000000000095417	016A	157	000B	114507426 .5854626	
177	-54	922750	C00000000000000000095417	0173	158	000B	114507516 .6751845	
165	-54	922750	C00000000000000000095417	016B	159	000B	114507825 .984431	
165	-54	922750	C00000000000000000095417	016B	160	000B	114507915 .0742036	
171	-54	922750	C00000000000000000095417	0176	161	000B	114508101 .260294	
165	-54	922750	C00000000000000000095417	0170	162	000B	114508228 .3868663	
163	-54	922750	C00000000000000000095417	0178	163	000B	114508507 .6663434	
171	-54	922750	C00000000000000000095417	0167	164	0000	114508630 .7889507	
171	-54	922750	C00000000000000000095417	0180	165	000B	114508720 .8796725	
171	-54	922750	C00000000000000000095417	016A	166	0000	114508816 .9755459	
177	-54	922750	C00000000000000000095417	016A	167	0000	114508908 .0672167	
168	-54	922750	C00000000000000000095417	0176	168	000B	114509002 .1609206	
165	-54	922750	C00000000000000000095417	0176	169	000B	114509125 .2845851	
168	-54	922750	C00000000000000000095417	0175	170	000B	114509312 .4715737	
174	-54	922750	C00000000000000000095417	0175	171	000B	114509436 .5952798	
174	-54	922750	C00000000000000000095417	0177	172	000B	114509624 .7827157	
177	-54	922750	C00000000000000000095417	017B	173	000B	114509839 .9977607	
174	-54	922750	C00000000000000000095417	017B	174	000B	114509932 .0909211	
168	-54	922750	C00000000000000000095417	0165	175	000B	114510026 .1847487	
171	-54	922750	C00000000000000000095417	0165	176	000B	114510119 .2784908	
168	-54	922750	C00000000000000000095417	0165	177	000B	114510211 .3701913	
168	-54	922750	C00000000000000000095417	0169	178	0000	114510428 .5876506	
160	-54	922750	C00000000000000000095417	017D	179	000B	114510524 .6833587	
171	-54	922750	C00000000000000000095417	017D	180	000B	114510620 .7791596	
168	-54	922750	C00000000000000000095417	017D	181	000B	114510712 .8708854	
171	-54	922750	C00000000000000000095417	0161	182	000B	114510838 .9976521	
165	-54	922750	C00000000000000000095417	0170	183	000B	114511119 .2778063	
163	-54	922750	C00000000000000000095417	0170	184	000B	114511212 .3715829	
165	-54	922750	C00000000000000000095417	017B	185	0000	114511338 .4971944	
165	-54	922750	C00000000000000000095417	017B	186	0000	114511432 .590955	
174	-54	922750	C00000000000000000095417	016F	187	000B	114511525 .6837065	
168	-54	922750	C00000000000000000095417	016F	188	000B	114511618 .7774588	
168	-54	922750	C00000000000000000095417	016F	189	000B	114511712 .8712373	
168	-54	922750	C00000000000000000095417	0174	190	000B	114511835 .9938875	
163	-54	922750	C00000000000000000095417	0174	191	000B	114511928 .0866946	
168	-54	922750	C00000000000000000095417	0171	192	000B	114512113 .2721746	
165	-54	922750	C00000000000000000095417	0184	193	000B	114512421 .5803108	
174	-54	922750	C00000000000000000095417	016F	194	000B	114512514 .6731207	
174	-54	922750	C00000000000000000095417	016F	195	000B	114512730 .8896136	
160	-54	922750	C00000000000000000095417	0174	196	000B	114512823 .9823036	
168	-54	922750	C00000000000000000095417	0174	197	000B	114513013 .1717398	
177	-54	922750	C00000000000000000095417	0174	198	000B	114513140 .2994274	
174	-54	922750	C00000000000000000095417	0174	199	000B	114513231 .3902117	
