5.06520456159839	-58	920.625	2216	0000	0	920.625	091947942 0.685423095758527	
3.33180627128761	-54	920.625	2215	0000	1	920.625	091947944 0.686722349697539	
5.09281621578033	-57.5	920.625	2216	0000	2	920.625	091947944 0.686985900772643	
3.49747619637926	-54.5	920.625	2215	0000	3	920.625	091947944 0.687208295591032	
5.09281621578033	-58	920.625	2216	0000	4	920.625	091947945 0.687450702167273	
4.94555406014331	-57.5	920.625	2216	0000	5	920.625	091947945 0.687699905189577	
3.42998104171229	-54	920.625	2215	0000	6	920.625	091947946 0.688566074482252	
0.331339850183298	-54.5	920.625	2215	0000	7	920.625	091947948 0.691022234573295	
5.10815602365918	-58	920.625	2216	0000	8	920.625	091947951 0.693782724415817	
3.40543734910612	-54	920.625	2215	0000	9	920.625	091948160 0.903647539327824	
5.00691329165873	-57.5	920.625	2216	0000	10	920.625	091948165 0.908232497357882	
0.33440781175907	-54.5	920.625	2215	0000	11	920.625	091948168 0.911278437935043	
5.08668029262879	-58	920.625	2216	0000	12	920.625	091948174 0.917331050734337	
5.00691329165873	-57.5	920.625	2216	0000	13	920.625	091948177 0.920879173159475	
3.40543734910612	-54	920.625	2215	0000	14	920.625	091948180 0.923994966098949	
3.60178688995549	-54	920.625	2215	0000	15	920.625	091948187 0.930363991220502	
5.08668029262879	-57.5	920.625	2216	0000	16	920.625	091948197 0.94070478390511	
5.05600067687107	-57.5	920.625	2216	0000	17	920.625	091948201 0.944587442508674	
3.42998104171229	-54	920.625	2215	0000	18	920.625	091948208 0.951629693370784	
5.04372883056799	-57.5	920.625	2216	0000	19	920.625	091948400 1.14358889354991	
3.39930142595458	-54	920.625	2215	0000	20	920.625	091948414 1.15762544257135	
3.38089365649995	-54	920.625	2215	0000	21	920.625	091948418 1.16117243225548	
5.03759290741645	-57.5	920.625	2216	0000	22	920.625	091948422 1.16476435399969	
5.02532106111336	-57.5	920.625	2216	0000	23	920.625	091948428 1.17114697201337	
3.39930142595458	-54	920.625	2215	0000	24	920.625	091948431 1.17437377357187	
5.08668029262879	-57.5	920.625	2216	0000	25	920.625	091948438 1.18138166462333	
3.38089365649995	-54	920.625	2215	0000	26	920.625	091948441 1.18442911552184	
5.04372883056799	-57.5	920.625	2216	0000	27	920.625	091948447 1.19034542181954	
3.43611696486384	-54	920.625	2215	0000	28	920.625	091948451 1.19408950843949	
5.01304921481027	-57.5	920.625	2216	0000	29	920.625	091948660 1.40356919140793	
3.36862181019687	-54	920.625	2215	0000	30	920.625	091948664 1.40808807287905	
3.32567034813607	-54	920.625	2215	0000	31	920.625	091948667 1.41106000771019	
5.1173599083865	-57.5	920.625	2216	0000	32	920.625	091948673 1.4173229327571	
5.08054436947724	-57.5	920.625	2216	0000	33	920.625	091948677 1.42094430576758	
3.32567034813607	-54	920.625	2215	0000	34	920.625	091948680 1.4241016325441	
5.1173599083865	-57.5	920.625	2216	0000	35	920.625	091948686 1.43019351369843	
3.37475773334841	-54	920.625	2215	0000	36	920.625	091948691 1.43434689740349	
5.09281621578033	-57.5	920.625	2216	0000	37	920.625	091948697 1.43969456771394	
5.14190360099267	-57.5	920.625	2216	0000	38	920.625	091948700 1.44278166454781	
3.35634996389378	-54	920.625	2215	0000	39	920.625	091948703 1.44641512012907	
3.36862181019687	-54	920.625	2215	0000	40	920.625	091948901 1.64403424955719	
5.12349583153804	-57.5	920.625	2216	0000	41	920.625	091948904 1.64769149269967	
3.3870295796515	-54	920.625	2215	0000	42	920.625	091948906 1.64963112288994	
5.11122398523496	-57.5	920.625	2216	0000	43	920.625	091948908 1.65195890566646	
3.33794219443916	-54	920.625	2215	0000	44	920.625	091948910 1.65395555048759	
5.02532106111336	-58	920.625	2216	0000	45	920.625	091948915 1.65902267860777	
3.41770919540921	-54	920.625	2215	0000	46	920.625	091948917 1.6609834532969	
5.18485506305347	-57	920.625	2216	0000	47	920.625	091948920 1.66390932332695	
3.39930142595458	-54	920.625	2215	0000	48	920.625	091948925 1.66823261818359	
5.05600067687107	-57	920.625	2216	0000	49	920.625	091948926 1.66934912323958	
5.10508806208341	-57.5	920.625	2216	0000	50	920.625	091949160 1.90354710295823	
3.39930142595458	-54	920.625	2215	0000	51	920.625	091949162 1.90619280837836	
3.40543734910612	-54	920.625	2215	0000	52	920.625	091949165 1.90852927550263	
5.09281621578033	-57.5	920.625	2216	0000	53	920.625	091949167 1.91060068123044	
5.10508806208341	-57.5	920.625	2216	0000	54	920.625	091949168 1.91202642458229	
3.36862181019687	-54	920.625	2215	0000	55	920.625	091949174 1.91753192347353	
3.36248588704533	-54	920.625	2215	0000	56	920.625	091949177 1.91954782489183	
5.33211721869049	-57	920.625	2216	0000	57	920.625	091949179 1.92153503020454	
5.04372883056799	-57.5	920.625	2216	0000	58	920.625	091949180 1.92336629483814	
3.35021404074224	-54	920.625	2215	0000	59	920.625	091949185 1.92761445120775	
3.39930142595458	-54	920.625	2215	0000	60	920.625	091949400 2.14355793196229	
5.04372883056799	-57.5	920.625	2216	0000	61	920.625	091949403 2.14649928278615	
3.36248588704533	-54	920.625	2215	0000	62	920.625	091949405 2.14861108961001	
5.22780652511427	-57	920.625	2216	0000	63	920.625	091949407 2.15052957530141	
3.39930142595458	-54	920.625	2215	0000	64	920.625	091949409 2.15233214382941	
5.01304921481027	-57.5	920.625	2216	0000	65	920.625	091949413 2.15667771592592	
3.31339850183298	-54	920.625	2215	0000	66	920.625	091949414 2.15804304642388	
5.0744084463257	-57.5	920.625	2216	0000	67	920.625	091949415 2.15898171114123	
5.08054436947724	-57.5	920.625	2216	0000	68	920.625	091949416 2.15989583313668	
3.3440781175907	-54	920.625	2215	0000	69	920.625	091949417 2.16078465724956	
3.37475773334841	-54	920.625	2215	0000	70	920.625	091949660 2.4034140058895	
5.1173599083865	-57.5	920.625	2216	0000	71	920.625	091949663 2.40611295013712	
3.43611696486384	-54	920.625	2215	0000	72	920.625	091949664 2.40716300105383	
5.09281621578033	-57.5	920.625	2216	0000	73	920.625	091949665 2.40854985363098	
3.36248588704533	-54	920.625	2215	0000	74	920.625	091949666 2.40994236991319	
5.09281621578033	-57.5	920.625	2216	0000	75	920.625	091949668 2.41201339806067	
5.0314569842649	-57.5	920.625	2216	0000	76	920.625	091949673 2.41651755389865	
3.38089365649995	-54	920.625	2215	0000	77	920.625	091949674 2.41789761002974	
5.08668029262879	-57.5	920.625	2216	0000	78	920.625	091949676 2.41933090498833	
3.3440781175907	-54	920.625	2215	0000	79	920.625	091949676 2.41985574165651	
3.36862181019687	-54	920.625	2215	0000	80	920.625	091949900 2.6434508879368	
5.20939875565964	-57	920.625	2216	0000	81	920.625	091949903 2.64697673312206	
5.12963175468958	-57.5	920.625	2216	0000	82	920.625	091949905 2.64866942577205	
3.36862181019687	-54	920.625	2215	0000	83	920.625	091949906 2.64970135283259	
3.37475773334841	-54	920.625	2215	0000	84	920.625	091949908 2.6513460927798	
5.05600067687107	-57	920.625	2216	0000	85	920.625	091949908 2.65185205043114	
5.05600067687107	-57.5	920.625	2216	0000	86	920.625	091949909 2.65291305117762	
3.36862181019687	-54	920.625	2215	0000	87	920.625	091949916 2.65999494797509	
5.13576767784113	-57.5	920.625	2216	0000	88	920.625	091949920 2.66381417308207	
3.41770919540921	-54	920.625	2215	0000	89	920.625	091949923 2.66666037366105	
5.08054436947724	-57.5	920.625	2216	0000	90	920.625	091950160 2.90315177634557	
3.43611696486384	-54	920.625	2215	0000	91	920.625	091950163 2.90612824214076	
5.1603113704473	-57.5	920.625	2216	0000	92	920.625	091950165 2.90818492223544	
3.36862181019687	-54	920.625	2215	0000	93	920.625	091950167 2.91019364962735	
3.36248588704533	-54	920.625	2215	0000	94	920.625	091950168 2.91077550092639	
5.11122398523496	-57	920.625	2216	0000	95	920.625	091950173 2.91601442809983	
3.27658296292373	-53.5	920.625	2215	0000	96	920.625	091950175 2.91853968539251	
5.10508806208341	-57.5	920.625	2216	0000	97	920.625	091950178 2.92065413527873	
5.16644729359884	-57.5	920.625	2216	0000	98	920.625	091950180 2.92289280909576	
3.36862181019687	-54	920.625	2215	0000	99	920.625	091950185 2.92795993721594	
5.14190360099267	-57.5	920.625	2216	0000	100	920.625	091950188 2.93088958304936	
3.39930142595458	-54	920.625	2215	0000	101	920.625	091950189 2.93194831831382	
5.25848614087198	-57.5	920.625	2216	0000	102	920.625	091950410 3.15327911531417	
3.33794219443916	-54	920.625	2215	0000	103	920.625	091950412 3.15630844235651	
3.35021404074224	-54	920.625	2215	0000	104	920.625	091950414 3.15805663931601	
5.12349583153804	-57.5	920.625	2216	0000	105	920.625	091950417 3.15981125514123	
3.38089365649995	-54	920.625	2215	0000	106	920.625	091950419 3.16221304366377	
4.9885055222041	-56.5	920.625	2216	0000	107	920.625	091950423 3.1660851300179	
5.14190360099267	-57.5	920.625	2216	0000	108	920.625	091950425 3.16834494833379	
3.39316550280304	-54	920.625	2215	0000	109	920.625	091950427 3.16982506325415	
5.10508806208341	-57.5	920.625	2216	0000	110	920.625	091950660 3.40333697950079	
3.37475773334841	-54	920.625	2215	0000	111	920.625	091950663 3.40624510325501	
3.38089365649995	-54	920.625	2215	0000	112	920.625	091950664 3.40769312384673	
5.10508806208341	-57.5	920.625	2216	0000	113	920.625	091950666 3.40911207075251	
3.45452473431846	-54	920.625	2215	0000	114	920.625	091950667 3.41049325962462	
5.06827252317416	-57.5	920.625	2216	0000	115	920.625	091950672 3.41554037598695	
3.28885480922681	-54	920.625	2215	0000	116	920.625	091950674 3.41731613631103	
5.11122398523496	-57.5	920.625	2216	0000	117	920.625	091950675 3.41831219323958	
3.36248588704533	-54	920.625	2215	0000	118	920.625	091950676 3.41924670457322	
5.18485506305347	-57	920.625	2216	0000	119	920.625	091950677 3.42103416988774	
5.0744084463257	-57	920.625	2216	0000	120	920.625	091950679 3.42292546979489	
3.36248588704533	-54.5	920.625	2215	0000	121	920.625	091950680 3.42391359753636	
3.39316550280304	-54	920.625	2215	0000	122	920.625	091950900 3.64337159606607	
5.03759290741645	-57	920.625	2216	0000	123	920.625	091950903 3.64652137123585	
3.36862181019687	-54	920.625	2215	0000	124	920.625	091950904 3.64785460740518	
5.08668029262879	-57.5	920.625	2216	0000	125	920.625	091950906 3.6493026279969	
3.29499073237836	-54	920.625	2215	0000	126	920.625	091950907 3.65080917354083	
5.12963175468958	-57.5	920.625	2216	0000	127	920.625	091950908 3.65181920094184	
5.06213660002262	-57.5	920.625	2216	0000	128	920.625	091950909 3.65241313481166	
3.35021404074224	-54.5	920.625	2215	0000	129	920.625	091950913 3.65624972861413	
5.09281621578033	-57.5	920.625	2216	0000	130	920.625	091950916 3.65917522106385	
3.31953442498453	-54	920.625	2215	0000	131	920.625	091950918 3.66178203570928	
3.28885480922681	-54	920.625	2215	0000	132	920.625	091951160 3.90321520984216	
5.16644729359884	-57.5	920.625	2216	0000	133	920.625	091951165 3.90779639206885	
5.08054436947724	-57.5	920.625	2216	0000	134	920.625	091951167 3.91064599087086	
3.38089365649995	-54.5	920.625	2215	0000	135	920.625	091951171 3.91405138792868	
5.10508806208341	-57.5	920.625	2216	0000	136	920.625	091951175 3.91821270082082	
3.35634996389378	-54	920.625	2215	0000	137	920.625	091951175 3.91876849907663	
3.33180627128761	-54	920.625	2215	0000	138	920.625	091951177 3.92016101535884	
5.12963175468958	-57	920.625	2216	0000	139	920.625	091951178 3.92120313708847	
3.35021404074224	-54	920.625	2215	0000	140	920.625	091951179 3.92216483420636	
5.1173599083865	-57.5	920.625	2216	0000	141	920.625	091951180 3.92311482633381	
5.1173599083865	-57	920.625	2216	0000	142	920.625	091951400 4.1432955136282	
3.36248588704533	-54	920.625	2215	0000	143	920.625	091951404 4.14797448916212	
3.38089365649995	-54	920.625	2215	0000	144	920.625	091951406 4.1493451057848	
5.1603113704473	-57	920.625	2216	0000	145	920.625	091951407 4.15039402396049	
3.38089365649995	-54	920.625	2215	0000	146	920.625	091951409 4.15274823736059	
5.06213660002262	-57.5	920.625	2216	0000	147	920.625	091951411 4.15406448241476	
5.06213660002262	-57.5	920.625	2216	0000	148	920.625	091951415 4.15892280860868	
3.35021404074224	-54	920.625	2215	0000	149	920.625	091951419 4.16238937368106	
5.08668029262879	-57.5	920.625	2216	0000	150	920.625	091951420 4.16332464017538	
3.33180627128761	-54	920.625	2215	0000	151	920.625	091951420 4.16383777185312	
3.33794219443916	-54	920.625	2215	0000	152	920.625	091951660 4.40312779999419	
5.0314569842649	-57	920.625	2216	0000	153	920.625	091951663 4.40621867263143	
3.33180627128761	-54.5	920.625	2215	0000	154	920.625	091951664 4.40776071072702	
5.08054436947724	-57	920.625	2216	0000	155	920.625	091951667 4.40987969157728	
3.3011266555299	-54	920.625	2215	0000	156	920.625	091951669 4.41198130373204	
5.05600067687107	-57.5	920.625	2216	0000	157	920.625	091951672 4.41548222861508	
3.38089365649995	-54	920.625	2215	0000	158	920.625	091951674 4.41696196595509	
5.06213660002262	-57.5	920.625	2216	0000	159	920.625	091951674 4.41752758129965	
5.14803952414421	-57.5	920.625	2216	0000	160	920.625	091951675 4.41806185747626	
3.27658296292373	-54.5	920.625	2215	0000	161	920.625	091951675 4.41861350234836	
5.0314569842649	-57.5	920.625	2216	0000	162	920.625	091951899 4.64323755504649	
3.38089365649995	-54	920.625	2215	0000	163	920.625	091951902 4.64623969630458	
3.42998104171229	-54	920.625	2215	0000	164	920.625	091951904 4.64763447806881	
5.12349583153804	-57	920.625	2216	0000	165	920.625	091951906 4.64976478632918	
5.03759290741645	-57.5	920.625	2216	0000	166	920.625	091951907 4.65083975754811	
3.37475773334841	-54	920.625	2215	0000	167	920.625	091951909 4.65234063938699	
5.05600067687107	-57	920.625	2216	0000	168	920.625	091951913 4.65652611742069	
3.29499073237836	-54	920.625	2215	0000	169	920.625	091951913 4.65700564444846	
5.09281621578033	-57	920.625	2216	0000	170	920.625	091951915 4.65875082076526	
3.38089365649995	-54	920.625	2215	0000	171	920.625	091951918 4.66157210104201	
3.35021404074224	-54	920.625	2215	0000	172	920.625	091952160 4.90309174107202	
5.08054436947724	-57.5	920.625	2216	0000	173	920.625	091952163 4.90621508561823	
3.39316550280304	-54.5	920.625	2215	0000	174	920.625	091952164 4.90752075842297	
5.20939875565964	-57	920.625	2216	0000	175	920.625	091952167 4.91085403763645	
5.08668029262879	-57	920.625	2216	0000	176	920.625	091952169 4.91279366782672	
3.35634996389378	-54	920.625	2215	0000	177	920.625	091952173 4.91676203716674	
5.11122398523496	-57	920.625	2216	0000	178	920.625	091952174 4.91775809409529	
3.39316550280304	-54	920.625	2215	0000	179	920.625	091952175 4.91874659941709	
3.33180627128761	-54	920.625	2215	0000	180	920.625	091952176 4.91971886878441	
5.13576767784113	-57	920.625	2216	0000	181	920.625	091952177 4.92026447237113	
5.05600067687107	-57.5	920.625	2216	0000	182	920.625	091952400 5.14308444621991	
3.38089365649995	-54	920.625	2215	0000	183	920.625	091952404 5.14768261956176	
5.06213660002262	-57	920.625	2216	0000	184	920.625	091952407 5.15021014233646	
3.33180627128761	-54	920.625	2215	0000	185	920.625	091952408 5.15126434663687	
3.39930142595458	-54	920.625	2215	0000	186	920.625	091952409 5.15229136515304	
5.04372883056799	-57	920.625	2216	0000	187	920.625	091952414 5.15726636367103	
3.35634996389378	-54.5	920.625	2215	0000	188	920.625	091952417 5.16042255770655	
5.04986475371953	-57.5	920.625	2216	0000	189	920.625	091952420 5.16355609692185	
3.33180627128761	-54	920.625	2215	0000	190	920.625	091952422 5.16531599887179	
5.05600067687107	-57.5	920.625	2216	0000	191	920.625	091952427 5.17013090332697	
5.04372883056799	-57.5	920.625	2216	0000	192	920.625	091952429 5.1726791930202	
3.37475773334841	-54.5	920.625	2215	0000	193	920.625	091952432 5.17534377745717	
5.09895213893187	-57.5	920.625	2216	0000	194	920.625	091952660 5.40313346369924	
3.41770919540921	-54	920.625	2215	0000	195	920.625	091952665 5.40755908282716	
3.3870295796515	-54	920.625	2215	0000	196	920.625	091952668 5.41091690476253	
4.97009775274948	-57	920.625	2216	0000	197	920.625	091952671 5.41362377819723	
5.12963175468958	-57	920.625	2216	0000	198	920.625	091952676 5.41931957757822	
3.39316550280304	-54	920.625	2215	0000	199	920.625	091952679 5.42203438019999	
3.35634996389378	-54	920.625	2215	0000	200	920.625	091952682 5.42478694085544	
5.03759290741645	-57	920.625	2216	0000	201	920.625	091952688 5.43079084579128	
3.38089365649995	-54.5	920.625	2215	0000	202	920.625	091952690 5.43353887548269	
5.06827252317416	-57.5	920.625	2216	0000	203	920.625	091952693 5.43621252184774	
5.12349583153804	-57.5	920.625	2216	0000	204	920.625	091952900 5.64341992634918	
3.40543734910612	-54	920.625	2215	0000	205	920.625	091952903 5.64666220870149	
5.0744084463257	-56.5	920.625	2216	0000	206	920.625	091952905 5.64866111900464	
3.36248588704533	-54	920.625	2215	0000	207	920.625	091952907 5.65049313879891	
5.09281621578033	-57.5	920.625	2216	0000	208	920.625	091952909 5.65243352414985	
3.42998104171229	-54	920.625	2215	0000	209	920.625	091952913 5.65608057262324	
5.08668029262879	-57.5	920.625	2216	0000	210	920.625	091952914 5.65756861673066	
3.37475773334841	-54.5	920.625	2215	0000	211	920.625	091952916 5.65980464748533	
5.10508806208341	-57.5	920.625	2216	0000	212	920.625	091952917 5.66086527065147	
3.42384511856075	-54	920.625	2215	0000	213	920.625	091952918 5.66174654315762	
3.43611696486384	-54	920.625	2215	0000	214	920.625	091953160 5.90297091536423	
5.06827252317416	-57.5	920.625	2216	0000	215	920.625	091953162 5.90599646660321	
5.14803952414421	-57.5	920.625	2216	0000	216	920.625	091953163 5.90714280050581	
3.42998104171229	-54.5	920.625	2215	0000	217	920.625	091953164 5.90809807875797	
5.03759290741645	-57	920.625	2216	0000	218	920.625	091953166 5.91015060546895	
3.41157327225767	-54	920.625	2215	0000	219	920.625	091953167 5.91074265143709	
3.37475773334841	-54	920.625	2215	0000	220	920.625	091953168 5.91171303290273	
5.14190360099267	-57	920.625	2216	0000	221	920.625	091953169 5.91282916037838	
3.42384511856075	-53.5	920.625	2215	0000	222	920.625	091953175 5.91786230626825	
5.09281621578033	-57.5	920.625	2216	0000	223	920.625	091953177 5.91967620220635	
5.09281621578033	-57.5	920.625	2216	0000	224	920.625	091953399 6.14295984470876	
3.3870295796515	-54	920.625	2215	0000	225	920.625	091953404 6.14722083880982	
3.42998104171229	-54.5	920.625	2215	0000	226	920.625	091953405 6.1487145466223	
4.97623367590102	-57	920.625	2216	0000	227	920.625	091953406 6.14971173629185	
5.02532106111336	-57.5	920.625	2216	0000	228	920.625	091953408 6.15177068186855	
3.39930142595458	-54	920.625	2215	0000	229	920.625	091953409 6.15310995932327	
5.06213660002262	-56.5	920.625	2216	0000	230	920.625	091953416 6.1596387009273	
3.46066065747001	-54.5	920.625	2215	0000	231	920.625	091953417 6.16101233819267	
5.1173599083865	-57.5	920.625	2216	0000	232	920.625	091953421 6.16442113347352	
3.44225288801538	-54	920.625	2215	0000	233	920.625	091953426 6.16951997834199	
3.41157327225767	-54	920.625	2215	0000	234	920.625	091953659 6.40302472056223	
5.09895213893187	-57.5	920.625	2216	0000	235	920.625	091953663 6.4065116749728	
5.15417544729575	-57	920.625	2216	0000	236	920.625	091953664 6.40750961980303	
3.41770919540921	-54	920.625	2215	0000	237	920.625	091953665 6.40877791215442	
3.42998104171229	-54	920.625	2215	0000	238	920.625	091953666 6.4097343231476	
5.12963175468958	-57.5	920.625	2216	0000	239	920.625	091953667 6.41085649190864	
3.42384511856075	-54	920.625	2215	0000	240	920.625	091953668 6.41177741035016	
5.08668029262879	-57.5	920.625	2216	0000	241	920.625	091953674 6.41758421835018	
5.12963175468958	-57.5	920.625	2216	0000	242	920.625	091953675 6.41812340307116	
3.45452473431846	-54	920.625	2215	0000	243	920.625	091953675 6.41869883550448	
3.39316550280304	-54	920.625	2215	0000	244	920.625	091953900 6.64294719576748	
5.1603113704473	-57.5	920.625	2216	0000	245	920.625	091953903 6.64670714076157	
5.12349583153804	-57.5	920.625	2216	0000	246	920.625	091953905 6.6491723627807	
3.39930142595458	-54.5	920.625	2215	0000	247	920.625	091953907 6.65092131490087	
3.39930142595458	-54	920.625	2215	0000	248	920.625	091953908 6.65236253904653	
5.18485506305347	-58	920.625	2216	0000	249	920.625	091953913 6.65681496637836	
3.42998104171229	-54	920.625	2215	0000	250	920.625	091953915 6.65883615392138	
5.1173599083865	-57.5	920.625	2216	0000	251	920.625	091953917 6.66079164248579	
3.42998104171229	-54	920.625	2215	0000	252	920.625	091953920 6.66312999751175	
5.08054436947724	-57.5	920.625	2216	0000	253	920.625	091953924 6.6664126809601	
3.42384511856075	-54	920.625	2215	0000	254	920.625	091954160 6.90338398825272	
5.08054436947724	-57.5	920.625	2216	0000	255	920.625	091954163 6.90641520319675	
3.44225288801538	-54.5	920.625	2215	0000	256	920.625	091954165 6.90805390185856	
5.09281621578033	-58	920.625	2216	0000	257	920.625	091954166 6.90954043564464	
3.37475773334841	-54.5	920.625	2215	0000	258	920.625	091954168 6.91085328247578	
5.12349583153804	-57.5	920.625	2216	0000	259	920.625	091954168 6.91139850848215	
3.41770919540921	-54	920.625	2215	0000	260	920.625	091954170 6.91304626907205	
5.18485506305347	-57	920.625	2216	0000	261	920.625	091954174 6.91709846124685	
3.43611696486384	-54.5	920.625	2215	0000	262	920.625	091954175 6.91869147268792	
5.09281621578033	-57.5	920.625	2216	0000	263	920.625	091954177 6.92020821290094	
5.09281621578033	-57.5	920.625	2216	0000	264	920.625	091954178 6.92110383345989	
3.39316550280304	-54	920.625	2215	0000	265	920.625	091954179 6.92203872237386	
5.06213660002262	-57.5	920.625	2216	0000	266	920.625	091954400 7.142805414351	
3.42384511856075	-54	920.625	2215	0000	267	920.625	091954402 7.14620363738242	
3.44225288801538	-54	920.625	2215	0000	268	920.625	091954405 7.14834074208884	
5.15417544729575	-57.5	920.625	2216	0000	269	920.625	091954407 7.14998095107201	
5.18485506305347	-57.5	920.625	2216	0000	270	920.625	091954408 7.15103930875613	
3.40543734910612	-54	920.625	2215	0000	271	920.625	091954409 7.15216109993683	
3.41157327225767	-54	920.625	2215	0000	272	920.625	091954413 7.15557253828004	
5.14190360099267	-57.5	920.625	2216	0000	273	920.625	091954414 7.1569963937302	
5.18485506305347	-57	920.625	2216	0000	274	920.625	091954659 7.40286047311571	
3.44838881116692	-54.5	920.625	2215	0000	275	920.625	091954663 7.40721850536334	
3.28885480922681	-53.5	920.625	2215	0000	276	920.625	091954666 7.41022555516581	
5.14803952414421	-57.5	920.625	2216	0000	277	920.625	091954672 7.41597383821362	
3.39930142595458	-54	920.625	2215	0000	278	920.625	091954674 7.41774884337703	
5.04372883056799	-57.5	920.625	2216	0000	279	920.625	091954675 7.41867316004158	
5.06213660002262	-57.5	920.625	2216	0000	280	920.625	091954676 7.41957897526962	
3.36862181019687	-54	920.625	2215	0000	281	920.625	091954677 7.42048479049766	
3.36862181019687	-54	920.625	2215	0000	282	920.625	091954678 7.42146649937341	
5.08054436947724	-57.5	920.625	2216	0000	283	920.625	091954679 7.42267928741529	
3.3870295796515	-54	920.625	2215	0000	284	920.625	091954687 7.43042648076625	
5.0744084463257	-57	920.625	2216	0000	285	920.625	091954689 7.43277012191692	
3.40543734910612	-54.5	920.625	2215	0000	286	920.625	091954899 7.64275953834007	
5.08668029262879	-57.5	920.625	2216	0000	287	920.625	091954904 7.64732901557632	
5.0744084463257	-57.5	920.625	2216	0000	288	920.625	091954906 7.6493928696974	
3.40543734910612	-54	920.625	2215	0000	289	920.625	091954907 7.65049691460228	
3.43611696486384	-54.5	920.625	2215	0000	290	920.625	091954907 7.6510006067716	
5.0314569842649	-57	920.625	2216	0000	291	920.625	091954911 7.65514002000421	
5.05600067687107	-57	920.625	2216	0000	292	920.625	091954913 7.65709588614896	
3.39316550280304	-54	920.625	2215	0000	293	920.625	091954915 7.65865869116307	
5.09281621578033	-57.5	920.625	2216	0000	294	920.625	091954917 7.66115487476982	
3.42998104171229	-54	920.625	2215	0000	295	920.625	091954920 7.6636873060889	
5.13576767784113	-57.5	920.625	2216	0000	296	920.625	091955159 7.90269150591499	
3.32567034813607	-54	920.625	2215	0000	297	920.625	091955162 7.90546860929233	
5.09281621578033	-57.5	920.625	2216	0000	298	920.625	091955163 7.90679278353357	
3.42998104171229	-54.5	920.625	2215	0000	299	920.625	091955165 7.90892800033831	
3.42384511856075	-54	920.625	2215	0000	300	920.625	091955166 7.90938147432284	
5.17871913990192	-57.5	920.625	2216	0000	301	920.625	091955168 7.9122510848827	
5.0744084463257	-57.5	920.625	2216	0000	302	920.625	091955173 7.91700331100197	
3.42384511856075	-54	920.625	2215	0000	303	920.625	091955174 7.91797142698559	
3.3870295796515	-54.5	920.625	2215	0000	304	920.625	091955176 7.91942284580034	
5.1603113704473	-57.5	920.625	2216	0000	305	920.625	091955177 7.92091881909484	
3.39930142595458	-54	920.625	2215	0000	306	920.625	091955399 8.14272083635555	
5.06213660002262	-57.5	920.625	2216	0000	307	920.625	091955402 8.14539372755993	
3.35021404074224	-54.5	920.625	2215	0000	308	920.625	091955404 8.14738244319398	
5.01918513796182	-57.5	920.625	2216	0000	309	920.625	091955405 8.14882404491998	
3.43611696486384	-54.5	920.625	2215	0000	310	920.625	091955408 8.15144822826091	
5.08668029262879	-57	920.625	2216	0000	311	920.625	091955409 8.15287699225545	
5.04986475371953	-57.5	920.625	2216	0000	312	920.625	091955413 8.15617440133694	
3.39930142595458	-54	920.625	2215	0000	313	920.625	091955414 8.15775872843025	
3.37475773334841	-54.5	920.625	2215	0000	314	920.625	091955415 8.15833416086357	
5.1173599083865	-57.5	920.625	2216	0000	315	920.625	091955416 8.1593321056938	
3.3870295796515	-54	920.625	2215	0000	316	920.625	091955659 8.40260258574566	
5.17258321675038	-57.5	920.625	2216	0000	317	920.625	091955663 8.40663816438564	
5.20939875565964	-57.5	920.625	2216	0000	318	920.625	091955666 8.40973168008524	
3.36248588704533	-54.5	920.625	2215	0000	319	920.625	091955671 8.41489207054862	
5.14803952414421	-57.5	920.625	2216	0000	320	920.625	091955674 8.41736522175482	
3.35021404074224	-54	920.625	2215	0000	321	920.625	091955675 8.41831483630193	
3.42998104171229	-54.5	920.625	2215	0000	322	920.625	091955676 8.41969187179033	
5.16644729359884	-57.5	920.625	2216	0000	323	920.625	091955677 8.42071133869976	
3.46679658062155	-54	920.625	2215	0000	324	920.625	091955678 8.42169493547718	
5.06827252317416	-57.5	920.625	2216	0000	325	920.625	091955679 8.42224544760827	
3.46066065747001	-54.5	920.625	2215	0000	326	920.625	091955899 8.6429464406068	
5.10508806208341	-57.5	920.625	2216	0000	327	920.625	091955905 8.64861203356085	
3.42998104171229	-54	920.625	2215	0000	328	920.625	091955907 8.65122526707201	
5.06213660002262	-57.5	920.625	2216	0000	329	920.625	091955912 8.6557192282409	
5.1603113704473	-57.5	920.625	2216	0000	330	920.625	091955915 8.65889807709662	
3.47906842692463	-54.5	920.625	2215	0000	331	920.625	091955917 8.66120207231192	
3.55883542789469	-53.5	920.625	2215	0000	332	920.625	091955921 8.6646029384057	
5.09281621578033	-57.5	920.625	2216	0000	333	920.625	091955925 8.66929966021545	
5.11122398523496	-57.5	920.625	2216	0000	334	920.625	091955927 8.67111657679625	
3.39316550280304	-54	920.625	2215	0000	335	920.625	091955929 8.67301051976576	
3.48520435007618	-54.5	920.625	2215	0000	336	920.625	091955931 8.67476928897469	
5.12963175468958	-57.5	920.625	2216	0000	337	920.625	091955937 8.68058629164381	
4.93328221384022	-57	920.625	2216	0000	338	920.625	091956160 8.90264468595322	
3.44225288801538	-54.5	920.625	2215	0000	339	920.625	091956162 8.90531380135423	
5.10508806208341	-57.5	920.625	2216	0000	340	920.625	091956164 8.90757248692911	
3.56497135104623	-54	920.625	2215	0000	341	920.625	091956166 8.90922138026002	
5.0744084463257	-57.5	920.625	2216	0000	342	920.625	091956167 8.91027029843572	
3.36248588704533	-54.5	920.625	2215	0000	343	920.625	091956169 8.91231867176299	
3.3870295796515	-54.5	920.625	2215	0000	344	920.625	091956173 8.91648791384221	
5.11122398523496	-57.5	920.625	2216	0000	345	920.625	091956174 8.91700784196602	
5.14190360099267	-57	920.625	2216	0000	346	920.625	091956174 8.91756326264148	
3.43611696486384	-54	920.625	2215	0000	347	920.625	091956175 8.91810433526415	
5.11122398523496	-57.5	920.625	2216	0000	348	920.625	091956400 9.14306972058677	
3.37475773334841	-54.5	920.625	2215	0000	349	920.625	091956403 9.14636184354355	
5.08054436947724	-57.5	920.625	2216	0000	350	920.625	091956405 9.14794088451215	
3.39316550280304	-54	920.625	2215	0000	351	920.625	091956406 9.14910836291361	
3.46679658062155	-54	920.625	2215	0000	352	920.625	091956407 9.15044877310933	
5.0744084463257	-57.5	920.625	2216	0000	353	920.625	091956408 9.15111218176113	
3.3440781175907	-54	920.625	2215	0000	354	920.625	091956408 9.15160718958271	
5.08668029262879	-57	920.625	2216	0000	355	920.625	091956409 9.15224605551262	
3.41157327225767	-54.5	920.625	2215	0000	356	920.625	091956409 9.15280600715213	
5.11122398523496	-57.5	920.625	2216	0000	357	920.625	091956413 9.15663504934786	
3.47293250377309	-54	920.625	2215	0000	358	920.625	091956659 9.40243191943342	
5.06213660002262	-58	920.625	2216	0000	359	920.625	091956662 9.40540460942524	
3.3870295796515	-54	920.625	2215	0000	360	920.625	091956663 9.40640595247849	
5.08054436947724	-57.5	920.625	2216	0000	361	920.625	091956664 9.40784604388314	
3.36862181019687	-53.5	920.625	2215	0000	362	920.625	091956665 9.40886626595324	
5.08054436947724	-57.5	920.625	2216	0000	363	920.625	091956666 9.40973621104929	
5.16644729359884	-57.5	920.625	2216	0000	364	920.625	091956668 9.41186010044392	
3.41157327225767	-54	920.625	2215	0000	365	920.625	091956672 9.41560456464421	
3.42998104171229	-54	920.625	2215	0000	366	920.625	091956674 9.41785116764831	
5.17258321675038	-57	920.625	2216	0000	367	920.625	091956675 9.41879927187408	
5.09281621578033	-57	920.625	2216	0000	368	920.625	091956899 9.64242953312569	
3.43611696486384	-54	920.625	2215	0000	369	920.625	091956903 9.64714098056858	
3.44838881116692	-54	920.625	2215	0000	370	920.625	091956905 9.64900245162913	
5.09895213893187	-57.5	920.625	2216	0000	371	920.625	091956907 9.65062491433646	
3.40543734910612	-54	920.625	2215	0000	372	920.625	091956912 9.65534013758272	
5.13576767784113	-57.5	920.625	2216	0000	373	920.625	091956915 9.65860167653221	
3.38089365649995	-54	920.625	2215	0000	374	920.625	091956916 9.65995152623636	
5.10508806208341	-57.5	920.625	2216	0000	375	920.625	091956917 9.66101139424183	
3.46066065747001	-54	920.625	2215	0000	376	920.625	091956923 9.66668189574025	
5.11122398523496	-57.5	920.625	2216	0000	377	920.625	091956925 9.66896512403703	
3.41770919540921	-54.5	920.625	2215	0000	378	920.625	091957159 9.90247175415895	
5.06827252317416	-57	920.625	2216	0000	379	920.625	091957163 9.90586053768195	
3.49134027322772	-54.5	920.625	2215	0000	380	920.625	091957165 9.90807089297372	
5.09281621578033	-58.5	920.625	2216	0000	381	920.625	091957166 9.90910168729325	
3.38089365649995	-54	920.625	2215	0000	382	920.625	091957167 9.91021894750991	
5.06827252317416	-57.5	920.625	2216	0000	383	920.625	091957168 9.91113118160368	
3.46679658062155	-54	920.625	2215	0000	384	920.625	091957174 9.91700557648399	
5.09895213893187	-57	920.625	2216	0000	385	920.625	091957176 9.91894407393325	
5.08054436947724	-57.5	920.625	2216	0000	386	920.625	091957178 9.92083084287636	
3.45452473431846	-54.5	920.625	2215	0000	387	920.625	091957179 9.92278519869977	
3.45452473431846	-54	920.625	2215	0000	388	920.625	091957183 9.92624987587046	
5.0744084463257	-57.5	920.625	2216	0000	389	920.625	091957186 9.92945742083179	
3.3870295796515	-54	920.625	2215	0000	390	920.625	091957399 10.1427506652022	
4.97009775274948	-57.5	920.625	2216	0000	391	920.625	091957402 10.1455345650256	
3.44838881116692	-54	920.625	2215	0000	392	920.625	091957403 10.1467409342017	
5.0314569842649	-57.5	920.625	2216	0000	393	920.625	091957405 10.1483592435253	
5.04986475371953	-57	920.625	2216	0000	394	920.625	091957406 10.1493009288854	
3.42384511856075	-54	920.625	2215	0000	395	920.625	091957407 10.1504325371548	
5.12963175468958	-57.5	920.625	2216	0000	396	920.625	091957408 10.1515248770693	
3.36248588704533	-54	920.625	2215	0000	397	920.625	091957409 10.1525537834871	
3.42384511856075	-54.5	920.625	2215	0000	398	920.625	091957659 10.4024700550474	
5.16644729359884	-56.5	920.625	2216	0000	399	920.625	091957662 10.4056647622773	
3.42998104171229	-54	920.625	2215	0000	400	920.625	091957664 10.4070161223028	
5.14190360099267	-57.5	920.625	2216	0000	401	920.625	091957665 10.408628390341	
3.41770919540921	-54	920.625	2215	0000	402	920.625	091957666 10.4099049894598	
5.10508806208341	-57.5	920.625	2216	0000	403	920.625	091957667 10.4104857080179	
5.13576767784113	-57.5	920.625	2216	0000	404	920.625	091957668 10.4111325031349	
3.43611696486384	-54	920.625	2215	0000	405	920.625	091957673 10.4169132580916	
3.41770919540921	-54	920.625	2215	0000	406	920.625	091957675 10.4189982567116	
5.13576767784113	-57.5	920.625	2216	0000	407	920.625	091957677 10.4208121526497	
5.1173599083865	-57.5	920.625	2216	0000	408	920.625	091957899 10.6423653444684	
3.41157327225767	-54.5	920.625	2215	0000	409	920.625	091957904 10.647076414331	
3.30726257868144	-54	920.625	2215	0000	410	920.625	091957905 10.6483820871357	
5.0744084463257	-57.5	920.625	2216	0000	411	920.625	091957906 10.6496545328708	
5.10508806208341	-57.5	920.625	2216	0000	412	920.625	091957908 10.651406883214	
3.35021404074224	-54	920.625	2215	0000	413	920.625	091957909 10.6519343629446	
3.39316550280304	-54	920.625	2215	0000	414	920.625	091957914 10.6574251362027	
5.09281621578033	-57.5	920.625	2216	0000	415	920.625	091957918 10.6616547911358	
5.11122398523496	-57.5	920.625	2216	0000	416	920.625	091957920 10.6630631657921	
3.35634996389378	-54	920.625	2215	0000	417	920.625	091957921 10.664018066464	
3.31953442498453	-54	920.625	2215	0000	418	920.625	091958052 10.7949772753274	
5.12349583153804	-57.5	920.625	2216	0000	419	920.625	091958054 10.7974617539437	
3.36862181019687	-54	920.625	2215	0000	420	920.625	091958059 10.8025972241049	
5.39347645020591	-57	920.625	2216	0000	421	920.625	091958061 10.8044288663188	
3.44838881116692	-54	920.625	2215	0000	422	920.625	091958062 10.8049136794713	
5.25848614087198	-57	920.625	2216	0000	423	920.625	091958064 10.8069707371463	
