5.86594253287469	-59	920.625	2215	0000	0	920.625	085954541 0.670827483973572	
0.782330201821677	-64.5	920.625	2216	0000	1	920.625	085954543 0.672273241812721	
5.76163183929847	-58	920.625	2215	0000	2	920.625	085954543 0.672570398098804	
3.93926266329033	-63.5	920.625	2216	0000	3	920.625	085954544 0.672835459995665	
0.770058355518592	-64.5	920.625	2216	0000	4	920.625	085954544 0.67305294668027	
5.88435030232932	-59	920.625	2215	0000	5	920.625	085954544 0.673258350771285	
3.90858304753261	-63.5	920.625	2216	0000	6	920.625	085954545 0.674052026137671	
5.71254445408613	-57.5	920.625	2215	0000	7	920.625	085954548 0.677313193663586	
0.794602048124762	-65	920.625	2216	0000	8	920.625	085954551 0.679985712333081	
5.87207845602623	-59	920.625	2215	0000	9	920.625	085954558 0.686883740529323	
3.89631120122953	-64	920.625	2216	0000	10	920.625	085954755 0.884767549778398	
5.90889399493549	-57.5	920.625	2215	0000	11	920.625	085954761 0.890631005898571	
5.84139884026852	-59	920.625	2215	0000	12	920.625	085954765 0.89484367766963	
0.720970970306251	-64.5	920.625	2216	0000	13	920.625	085954772 0.90191123975717	
3.98835004850267	-64	920.625	2216	0000	14	920.625	085954775 0.905138047407566	
5.52233083638831	-58	920.625	2215	0000	15	920.625	085954783 0.912821066606052	
5.88435030232932	-59	920.625	2215	0000	16	920.625	085954787 0.916271402237847	
0.819145740730932	-65	920.625	2216	0000	17	920.625	085954792 0.921856581124421	
5.70640853093458	-58	920.625	2215	0000	18	920.625	085954797 0.926808934171765	
3.95153450959341	-64.5	920.625	2216	0000	19	920.625	085954802 0.932133204553023	
0.828349625458246	-65	920.625	2216	0000	20	920.625	085955006 1.13483947896836	
5.86594253287469	-59	920.625	2215	0000	21	920.625	085955014 1.14305413228477	
5.80458330135927	-58	920.625	2215	0000	22	920.625	085955018 1.14692245013853	
3.95153450959341	-64	920.625	2216	0000	23	920.625	085955024 1.15328053743376	
2.73662172558798	-59	920.625	2215	0000	24	920.625	085955027 1.15673766952445	
0.809941856003619	-64.5	920.625	2216	0000	25	920.625	085955035 1.16464988042008	
3.99448597165421	-64	920.625	2216	0000	26	920.625	085955038 1.16758028694649	
5.78617553190464	-58	920.625	2215	0000	27	920.625	085955044 1.17349811473782	
5.89048622548086	-59	920.625	2215	0000	28	920.625	085955048 1.17776251511268	
0.828349625458246	-65	920.625	2216	0000	29	920.625	085955051 1.1807978891709	
5.75549591614693	-58	920.625	2215	0000	30	920.625	085955256 1.38473696571338	
3.98835004850267	-64.5	920.625	2216	0000	31	920.625	085955261 1.38957415654057	
0.81300981757939	-65	920.625	2216	0000	32	920.625	085955264 1.39314418536511	
5.87514641760201	-59	920.625	2215	0000	33	920.625	085955271 1.39968766495572	
5.70027260778304	-58.5	920.625	2215	0000	34	920.625	085955274 1.40261165260429	
3.89631120122953	-64	920.625	2216	0000	35	920.625	085955281 1.40999185180095	
0.754718547639735	-65	920.625	2216	0000	36	920.625	085955285 1.41453868280096	
5.88435030232932	-59	920.625	2215	0000	37	920.625	085955291 1.41974137208422	
5.74322406984384	-58	920.625	2215	0000	38	920.625	085955294 1.42336577257991	
3.92699081698724	-63.5	920.625	2216	0000	39	920.625	085955299 1.42764678652096	
5.88741826390509	-59	920.625	2215	0000	40	920.625	085955506 1.63548665288748	
0.809941856003619	-65	920.625	2216	0000	41	920.625	085955508 1.63829963170744	
5.83526291711698	-58	920.625	2215	0000	42	920.625	085955511 1.64046996758089	
4.0067578179573	-64	920.625	2216	0000	43	920.625	085955513 1.64316325320812	
5.87207845602623	-59	920.625	2215	0000	44	920.625	085955515 1.64497413192229	
3.94846654801764	-65	920.625	2216	0000	45	920.625	085955521 1.65001408377315	
5.81071922451081	-58.5	920.625	2215	0000	46	920.625	085955522 1.65100070305591	
3.97607820219958	-64.5	920.625	2216	0000	47	920.625	085955523 1.65218970578129	
0.800737971276305	-65	920.625	2216	0000	48	920.625	085955756 1.88474791556382	
5.89355418705663	-59	920.625	2215	0000	49	920.625	085955759 1.88796415094482	
5.70027260778304	-58	920.625	2215	0000	50	920.625	085955761 1.89018772574627	
3.95153450959341	-64	920.625	2216	0000	51	920.625	085955763 1.89245623269263	
0.766990393942821	-65	920.625	2216	0000	52	920.625	085955765 1.89435206714297	
5.84446680184429	-59	920.625	2215	0000	53	920.625	085955769 1.89830383040872	
5.59596191420682	-57.5	920.625	2215	0000	54	920.625	085955772 1.9014317118241	
3.87176750862336	-64	920.625	2216	0000	55	920.625	085955776 1.90541783496536	
5.88741826390509	-59	920.625	2215	0000	56	920.625	085955783 1.91244612862374	
0.760854470791278	-64.5	920.625	2216	0000	57	920.625	085955787 1.91595536689928	
5.66345706887379	-58.5	920.625	2215	0000	58	920.625	085955790 1.91915310080885	
3.80427235395639	-64	920.625	2216	0000	59	920.625	085955798 1.9271042025526	
3.88097139335067	-65	920.625	2216	0000	60	920.625	085956005 2.13458838757033	
5.9180978796628	-59	920.625	2215	0000	61	920.625	085956009 2.13835702402699	
5.76163183929847	-58.5	920.625	2215	0000	62	920.625	085956010 2.1397910768536	
4.0067578179573	-64	920.625	2216	0000	63	920.625	085956014 2.14327954817141	
0.806873894427847	-65	920.625	2216	0000	64	920.625	085956018 2.14774859747519	
5.86901049445046	-59	920.625	2215	0000	65	920.625	085956020 2.1499057180119	
5.7800396087531	-58.5	920.625	2215	0000	66	920.625	085956023 2.15261448446216	
0.809941856003619	-65	920.625	2216	0000	67	920.625	085956024 2.15371702112717	
0.797670009700533	-65	920.625	2216	0000	68	920.625	085956255 2.38463539641102	
5.8966221486324	-59	920.625	2215	0000	69	920.625	085956258 2.38779008608093	
5.74935999299538	-58.5	920.625	2215	0000	70	920.625	085956261 2.39026059888885	
3.93312674013878	-64	920.625	2216	0000	71	920.625	085956264 2.39321063962985	
0.745514662912422	-65	920.625	2216	0000	72	920.625	085956265 2.39462845647132	
5.9395736106932	-59	920.625	2215	0000	73	920.625	085956270 2.3999848212418	
3.98835004850267	-64	920.625	2216	0000	74	920.625	085956272 2.40174283860902	
5.74935999299538	-58	920.625	2215	0000	75	920.625	085956273 2.40298017170876	
5.9180978796628	-59	920.625	2215	0000	76	920.625	085956275 2.40481634835326	
0.770058355518592	-64.5	920.625	2216	0000	77	920.625	085956276 2.40591020065412	
5.61436968366145	-58	920.625	2215	0000	78	920.625	085956505 2.63474734919224	
4.0067578179573	-64.5	920.625	2216	0000	79	920.625	085956508 2.63791978517149	
5.92116584123858	-59	920.625	2215	0000	80	920.625	085956511 2.64050848084796	
0.868233125943273	-64.5	920.625	2216	0000	81	920.625	085956513 2.64231482858953	
5.71254445408613	-58.5	920.625	2215	0000	82	920.625	085956515 2.64451914675745	
3.98835004850267	-63.5	920.625	2216	0000	83	920.625	085956520 2.64976676818562	
0.849825356488645	-65	920.625	2216	0000	84	920.625	085956520 2.65027574744057	
5.86287457129892	-59	920.625	2215	0000	85	920.625	085956521 2.651297859342	
3.98221412535112	-64	920.625	2216	0000	86	920.625	085956522 2.65203905094248	
5.77390368560155	-58	920.625	2215	0000	87	920.625	085956524 2.65370946950618	
0.83755351018556	-65	920.625	2216	0000	88	920.625	085956755 2.88458442296931	
5.86594253287469	-59	920.625	2215	0000	89	920.625	085956759 2.8877625226643	
3.86563158547182	-64.5	920.625	2216	0000	90	920.625	085956760 2.8896009647951	
5.76776776245001	-58	920.625	2215	0000	91	920.625	085956763 2.89250758371538	
5.91502991808703	-59	920.625	2215	0000	92	920.625	085956765 2.8937075362912	
0.831417587034017	-65	920.625	2216	0000	93	920.625	085956768 2.89700532917893	
3.99448597165421	-64.5	920.625	2216	0000	94	920.625	085956768 2.89751393085283	
5.77390368560155	-58.5	920.625	2215	0000	95	920.625	085956770 2.89944941131339	
5.90582603335972	-59	920.625	2215	0000	96	920.625	085956771 2.90019966485906	
3.92392285541147	-65	920.625	2216	0000	97	920.625	085956772 2.90130559975352	
5.72481630038921	-58	920.625	2215	0000	98	920.625	085957005 3.13454383300647	
3.99448597165421	-64	920.625	2216	0000	99	920.625	085957008 3.13768832798804	
5.88741826390509	-59	920.625	2215	0000	100	920.625	085957010 3.13894000916767	
0.803805932852076	-65	920.625	2216	0000	101	920.625	085957013 3.14202899973494	
5.81071922451081	-58.5	920.625	2215	0000	102	920.625	085957014 3.14323348328335	
3.98835004850267	-62.5	920.625	2216	0000	103	920.625	085957015 3.14460259216942	
0.773126317094363	-65	920.625	2216	0000	104	920.625	085957023 3.15240908037115	
5.90582603335972	-59	920.625	2215	0000	105	920.625	085957026 3.15556301487896	
3.90244712438107	-64	920.625	2216	0000	106	920.625	085957032 3.16122899611016	
5.81071922451081	-58.5	920.625	2215	0000	107	920.625	085957034 3.16288355626977	
3.91471897068416	-65	920.625	2216	0000	108	920.625	085957255 3.38440016341708	
5.88435030232932	-59	920.625	2215	0000	109	920.625	085957259 3.38860943695869	
5.76776776245001	-58.5	920.625	2215	0000	110	920.625	085957262 3.39236674598386	
4.14174812729123	-64.5	920.625	2216	0000	111	920.625	085957264 3.39430373676862	
5.87821437917778	-59	920.625	2215	0000	112	920.625	085957267 3.3972163969857	
0.819145740730932	-65	920.625	2216	0000	113	920.625	085957270 3.39995990089253	
3.89017527807799	-64.5	920.625	2216	0000	114	920.625	085957272 3.40235603023367	
5.77390368560155	-58.5	920.625	2215	0000	115	920.625	085957274 3.40410687356094	
3.97301024062381	-65	920.625	2216	0000	116	920.625	085957275 3.40486467872761	
5.88128234075355	-59	920.625	2215	0000	117	920.625	085957281 3.41117670113478	
5.7370881466923	-58	920.625	2215	0000	118	920.625	085957505 3.63435881829214	
4.03130151056347	-64.5	920.625	2216	0000	119	920.625	085957508 3.63752483539354	
5.88741826390509	-59	920.625	2215	0000	120	920.625	085957509 3.63842461103488	
0.78846612497322	-65	920.625	2216	0000	121	920.625	085957513 3.64214378437403	
3.9208548938357	-64	920.625	2216	0000	122	920.625	085957514 3.64302619128709	
5.76776776245001	-58	920.625	2215	0000	123	920.625	085957518 3.64739820226111	
5.89048622548086	-59	920.625	2215	0000	124	920.625	085957521 3.65043659696772	
0.754718547639735	-65	920.625	2216	0000	125	920.625	085957523 3.65260919832747	
4.00062189480575	-64	920.625	2216	0000	126	920.625	085957524 3.65358335743559	
5.76776776245001	-58.5	920.625	2215	0000	127	920.625	085957526 3.65554300308333	
3.94539858644187	-65	920.625	2216	0000	128	920.625	085957755 3.88433597463864	
5.87514641760201	-59	920.625	2215	0000	129	920.625	085957758 3.88767492386078	
5.79231145505618	-58.5	920.625	2215	0000	130	920.625	085957761 3.89054265193295	
3.81040827710793	-64	920.625	2216	0000	131	920.625	085957763 3.89244226219379	
5.85980660972315	-59	920.625	2215	0000	132	920.625	085957764 3.89368186077983	
0.816077779155161	-65	920.625	2216	0000	133	920.625	085957767 3.89690640294392	
3.95767043274495	-64	920.625	2216	0000	134	920.625	085957769 3.89910958836869	
5.6941366846315	-58	920.625	2215	0000	135	920.625	085957771 3.90089403640939	
3.97301024062381	-65	920.625	2216	0000	136	920.625	085958015 4.1449012587797	
5.91502991808703	-59	920.625	2215	0000	137	920.625	085958018 4.14795211366096	
3.97607820219958	-64	920.625	2216	0000	138	920.625	085958021 4.15023157045776	
5.76163183929847	-58.5	920.625	2215	0000	139	920.625	085958022 4.15216554059412	
0.877437010670587	-65	920.625	2216	0000	140	920.625	085958025 4.15485920380239	
5.86594253287469	-59	920.625	2215	0000	141	920.625	085958031 4.1603511201697	
5.79844737820772	-58	920.625	2215	0000	142	920.625	085958033 4.16279822295255	
3.9208548938357	-64	920.625	2216	0000	143	920.625	085958035 4.16513242900155	
0.855961279640188	-65	920.625	2216	0000	144	920.625	085958040 4.1696279089788	
5.87821437917778	-59	920.625	2215	0000	145	920.625	085958041 4.17100305916166	
5.70027260778304	-58	920.625	2215	0000	146	920.625	085958044 4.17386248045074	
3.88403935492644	-64	920.625	2216	0000	147	920.625	085958045 4.17482531212737	
0.831417587034017	-65	920.625	2216	0000	148	920.625	085958255 4.38425668261821	
5.87207845602623	-59	920.625	2215	0000	149	920.625	085958260 4.3897051771648	
5.81685514766235	-58.5	920.625	2215	0000	150	920.625	085958263 4.39190722984642	
3.9638063558965	-63.5	920.625	2216	0000	151	920.625	085958265 4.39433809664413	
5.8966221486324	-59	920.625	2215	0000	152	920.625	085958273 4.4019350273633	
3.95767043274495	-65	920.625	2216	0000	153	920.625	085958277 4.40633988788863	
3.91471897068416	-64	920.625	2216	0000	154	920.625	085958283 4.41273157989728	
5.75549591614693	-58	920.625	2215	0000	155	920.625	085958287 4.41639902463263	
3.99448597165421	-65	920.625	2216	0000	156	920.625	085958505 4.63425611624663	
5.86594253287469	-59	920.625	2215	0000	157	920.625	085958510 4.6392398085211	
5.74935999299538	-58	920.625	2215	0000	158	920.625	085958512 4.64153927711353	
4.01289374110884	-65	920.625	2216	0000	159	920.625	085958515 4.64434432673145	
0.702563200851624	-64	920.625	2216	0000	160	920.625	085958521 4.650514756245	
5.88741826390509	-59	920.625	2215	0000	161	920.625	085958524 4.65342401823263	
4.0067578179573	-63.5	920.625	2216	0000	162	920.625	085958531 4.65999506123987	
5.75549591614693	-58	920.625	2215	0000	163	920.625	085958535 4.66466158543262	
5.88435030232932	-59	920.625	2215	0000	164	920.625	085958537 4.66598387426853	
0.859029241215959	-65	920.625	2216	0000	165	920.625	085958539 4.66804584438073	
5.7800396087531	-58.5	920.625	2215	0000	166	920.625	085958755 4.88422798645843	
3.97607820219958	-65	920.625	2216	0000	167	920.625	085958757 4.88697224552736	
3.96994227904804	-65	920.625	2216	0000	168	920.625	085958760 4.89007218594507	
5.89355418705663	-59	920.625	2215	0000	169	920.625	085958762 4.89174033902247	
3.95153450959341	-64	920.625	2216	0000	170	920.625	085958763 4.89295010870558	
5.81071922451081	-58	920.625	2215	0000	171	920.625	085958765 4.89448044469986	
5.88435030232932	-59	920.625	2215	0000	172	920.625	085958770 4.89977564134029	
0.806873894427847	-65	920.625	2216	0000	173	920.625	085958771 4.90092801870385	
5.73095222354076	-58.5	920.625	2215	0000	174	920.625	085958773 4.90284726317928	
3.81040827710793	-64.5	920.625	2216	0000	175	920.625	085958779 4.90887270156976	
5.9180978796628	-59	920.625	2215	0000	176	920.625	085959005 5.13433503068601	
0.797670009700533	-65	920.625	2216	0000	177	920.625	085959009 5.13777252856212	
5.82299107081389	-58	920.625	2215	0000	178	920.625	085959010 5.1392907819628	
3.9638063558965	-64.5	920.625	2216	0000	179	920.625	085959012 5.14087360172298	
5.90889399493549	-59	920.625	2215	0000	180	920.625	085959013 5.14175185524449	
3.9208548938357	-65	920.625	2216	0000	181	920.625	085959014 5.14266673412781	
5.85980660972315	-58	920.625	2215	0000	182	920.625	085959014 5.1435136484222	
4.00062189480575	-64	920.625	2216	0000	183	920.625	085959015 5.14436811433758	
5.93343768754166	-59	920.625	2215	0000	184	920.625	085959019 5.14801026114261	
3.92392285541147	-65	920.625	2216	0000	185	920.625	085959020 5.14940882135055	
5.84753476342006	-58.5	920.625	2215	0000	186	920.625	085959255 5.38422798645843	
3.96994227904804	-64	920.625	2216	0000	187	920.625	085959259 5.38884013898003	
3.89631120122953	-64.5	920.625	2216	0000	188	920.625	085959262 5.39138503525474	
5.81071922451081	-58.5	920.625	2215	0000	189	920.625	085959264 5.39342321776081	
5.78617553190464	-58	920.625	2215	0000	190	920.625	085959265 5.39467565410253	
3.96994227904804	-64.5	920.625	2216	0000	191	920.625	085959270 5.39910845562554	
3.8779034317749	-64.5	920.625	2216	0000	192	920.625	085959271 5.40043678575825	
5.83526291711698	-58	920.625	2215	0000	193	920.625	085959273 5.40235451990947	
4.0067578179573	-64.5	920.625	2216	0000	194	920.625	085959276 5.40580598828442	
5.76776776245001	-58	920.625	2215	0000	195	920.625	085959280 5.40934316755763	
3.90244712438107	-63.5	920.625	2216	0000	196	920.625	085959506 5.63513739041654	
5.75549591614693	-58	920.625	2215	0000	197	920.625	085959509 5.63798246362573	
3.77359273819868	-64	920.625	2216	0000	198	920.625	085959512 5.6409049409501	
5.81071922451081	-58.5	920.625	2215	0000	199	920.625	085959513 5.64214416195508	
3.79813643080485	-64	920.625	2216	0000	200	920.625	085959518 5.64741519340834	
5.83526291711698	-58.5	920.625	2215	0000	201	920.625	085959522 5.65168374717475	
5.7370881466923	-58.5	920.625	2215	0000	202	920.625	085959527 5.65624568141674	
3.98835004850267	-64.5	920.625	2216	0000	203	920.625	085959533 5.66247123776354	
3.9638063558965	-64	920.625	2216	0000	204	920.625	085959536 5.66570257638653	
5.87207845602623	-58	920.625	2215	0000	205	920.625	085959542 5.67151015051136	
3.95153450959341	-64.5	920.625	2216	0000	206	920.625	085959755 5.88409960890155	
5.85980660972315	-58.5	920.625	2215	0000	207	920.625	085959758 5.88774930732756	
5.81071922451081	-58.5	920.625	2215	0000	208	920.625	085959760 5.88907159616347	
3.95767043274495	-64.5	920.625	2216	0000	209	920.625	085959761 5.89046524781777	
5.7800396087531	-58	920.625	2215	0000	210	920.625	085959762 5.89184643929743	
3.94539858644187	-64	920.625	2216	0000	211	920.625	085959764 5.89349835638969	
5.65732114572224	-57.5	920.625	2215	0000	212	920.625	085959769 5.89819697497166	
3.97607820219958	-64.5	920.625	2216	0000	213	920.625	085959770 5.89964122248661	
3.90244712438107	-64	920.625	2216	0000	214	920.625	085959771 5.90024799523342	
5.84753476342006	-58.5	920.625	2215	0000	215	920.625	085959771 5.90080568244376	
5.93036972596589	-59	920.625	2215	0000	216	920.625	090000015 6.14416573089497	
0.766990393942821	-65	920.625	2216	0000	217	920.625	090000018 6.14721998400567	
5.80458330135927	-58.5	920.625	2215	0000	218	920.625	090000019 6.14886925803058	
3.99448597165421	-62.5	920.625	2216	0000	219	920.625	090000020 6.14984266197661	
5.91196195651126	-59	920.625	2215	0000	220	920.625	090000021 6.15081719866578	
0.855961279640188	-65	920.625	2216	0000	221	920.625	090000023 6.15245212461081	
5.80458330135927	-58.5	920.625	2215	0000	222	920.625	090000024 6.15300037229492	
4.07425297262426	-62.5	920.625	2216	0000	223	920.625	090000028 6.15766387583927	
5.91196195651126	-59	920.625	2215	0000	224	920.625	090000031 6.16064261274004	
0.819145740730932	-64.5	920.625	2216	0000	225	920.625	090000034 6.16382373308342	
3.85335973916873	-64.5	920.625	2216	0000	226	920.625	090000036 6.16532612808002	
5.83526291711698	-58.5	920.625	2215	0000	227	920.625	090000039 6.16889011560777	
5.91502991808703	-59	920.625	2215	0000	228	920.625	090000254 6.38402635817791	
0.739378739760879	-65	920.625	2216	0000	229	920.625	090000257 6.38652934295611	
5.85980660972315	-58.5	920.625	2215	0000	230	920.625	090000258 6.38793923059554	
3.89631120122953	-64	920.625	2216	0000	231	920.625	090000261 6.39016582604539	
0.785398163397448	-65	920.625	2216	0000	232	920.625	090000262 6.39158251014372	
5.90582603335972	-59	920.625	2215	0000	233	920.625	090000263 6.39296219129917	
4.07425297262426	-63.5	920.625	2216	0000	234	920.625	090000264 6.39397826190381	
5.87207845602623	-58.5	920.625	2215	0000	235	920.625	090000269 6.39824303985972	
5.87207845602623	-59	920.625	2215	0000	236	920.625	090000504 6.63405599829031	
3.94539858644187	-65	920.625	2216	0000	237	920.625	090000507 6.63707891217389	
3.81654420025948	-64	920.625	2216	0000	238	920.625	090000509 6.63919185572779	
5.85367068657161	-58.5	920.625	2215	0000	239	920.625	090000511 6.64058210915264	
5.81685514766235	-58.5	920.625	2215	0000	240	920.625	090000512 6.64155702342286	
3.96994227904804	-64.5	920.625	2216	0000	241	920.625	090000512 6.64209205577023	
5.84753476342006	-58.5	920.625	2215	0000	242	920.625	090000513 6.64261047455141	
3.80427235395639	-64	920.625	2216	0000	243	920.625	090000514 6.64353328263678	
3.81654420025948	-64.5	920.625	2216	0000	244	920.625	090000520 6.65004391267608	
5.82299107081389	-58.5	920.625	2215	0000	245	920.625	090000522 6.65128200093791	
5.91502991808703	-58.5	920.625	2215	0000	246	920.625	090000755 6.88397727264146	
4.03743743371501	-63.5	920.625	2216	0000	247	920.625	090000758 6.88689408625008	
5.92730176439012	-59	920.625	2215	0000	248	920.625	090000759 6.88836551960061	
0.766990393942821	-64.5	920.625	2216	0000	249	920.625	090000760 6.88942878783645	
5.79844737820772	-58.5	920.625	2215	0000	250	920.625	090000762 6.89078656929103	
3.81654420025948	-64.5	920.625	2216	0000	251	920.625	090000763 6.89229462800337	
0.809941856003619	-65	920.625	2216	0000	252	920.625	090000769 6.89873351764323	
5.89355418705663	-59	920.625	2215	0000	253	920.625	090000770 6.89934519894368	
3.93312674013878	-64	920.625	2216	0000	254	920.625	090000771 6.90051116922503	
5.92730176439012	-58.5	920.625	2215	0000	255	920.625	090000772 6.90160879733639	
0.828349625458246	-65	920.625	2216	0000	256	920.625	090001005 7.13388872988531	
5.89355418705663	-59	920.625	2215	0000	257	920.625	090001007 7.13585894780244	
5.88435030232932	-58.5	920.625	2215	0000	258	920.625	090001010 7.13876443397958	
3.84108789286565	-64	920.625	2216	0000	259	920.625	090001011 7.14019773164409	
5.92423380281435	-59	920.625	2215	0000	260	920.625	090001012 7.14126251020413	
0.800737971276305	-64.5	920.625	2216	0000	261	920.625	090001013 7.14257498193275	
3.80427235395639	-64	920.625	2216	0000	262	920.625	090001014 7.14339244490526	
5.82912699396544	-58.5	920.625	2215	0000	263	920.625	090001019 7.14780296914634	
5.83526291711698	-58.5	920.625	2215	0000	264	920.625	090001020 7.14987437878478	
3.89017527807799	-63.5	920.625	2216	0000	265	920.625	090001022 7.15175850822258	
5.79844737820772	-58	920.625	2215	0000	266	920.625	090001255 7.38392705436185	
3.98835004850267	-64.5	920.625	2216	0000	267	920.625	090001259 7.38784408017103	
0.825281663882475	-65	920.625	2216	0000	268	920.625	090001261 7.38986300604356	
5.91502991808703	-59	920.625	2215	0000	269	920.625	090001262 7.39111506480424	
3.82881604656256	-63.5	920.625	2216	0000	270	920.625	090001263 7.39208242745346	
5.82299107081389	-58.5	920.625	2215	0000	271	920.625	090001265 7.39379249202738	
5.90582603335972	-59	920.625	2215	0000	272	920.625	090001265 7.39433394325259	
0.849825356488645	-65	920.625	2216	0000	273	920.625	090001269 7.39823662098188	
5.92730176439012	-58.5	920.625	2215	0000	274	920.625	090001272 7.40086685057381	
3.91471897068416	-64	920.625	2216	0000	275	920.625	090001273 7.40201318664058	
3.95153450959341	-65	920.625	2216	0000	276	920.625	090001515 7.64415742411187	
5.9180978796628	-59	920.625	2215	0000	277	920.625	090001518 7.64713880407999	
5.81685514766235	-58.5	920.625	2215	0000	278	920.625	090001520 7.64851395426285	
3.86563158547182	-64.5	920.625	2216	0000	279	920.625	090001521 7.64984417230081	
0.791534086548991	-65	920.625	2216	0000	280	920.625	090001523 7.65183704508091	
5.92730176439012	-59	920.625	2215	0000	281	920.625	090001523 7.65235621902419	
3.93926266329033	-64	920.625	2216	0000	282	920.625	090001528 7.65706201164611	
5.79231145505618	-58.5	920.625	2215	0000	283	920.625	090001530 7.65860329749082	
5.91196195651126	-59	920.625	2215	0000	284	920.625	090001531 7.66019291370989	
0.874369049094815	-64.5	920.625	2216	0000	285	920.625	090001532 7.66135850641019	
5.81685514766235	-58.5	920.625	2215	0000	286	920.625	090001754 7.88386701897496	
3.95767043274495	-65	920.625	2216	0000	287	920.625	090001758 7.8872607174493	
5.88128234075355	-59	920.625	2215	0000	288	920.625	090001759 7.88901533658708	
0.901980703276757	-64.5	920.625	2216	0000	289	920.625	090001761 7.89032441008625	
3.90858304753261	-63.5	920.625	2216	0000	290	920.625	090001763 7.89229009703078	
5.82912699396544	-58.5	920.625	2215	0000	291	920.625	090001763 7.89313587858202	
0.81300981757939	-65	920.625	2216	0000	292	920.625	090001767 7.89656506967503	
5.87207845602623	-59	920.625	2215	0000	293	920.625	090001770 7.89963216054142	
3.91471897068416	-64	920.625	2216	0000	294	920.625	090001772 7.90190557604143	
5.85980660972315	-58.5	920.625	2215	0000	295	920.625	090001775 7.90506668458918	
5.89355418705663	-59	920.625	2215	0000	296	920.625	090002005 8.13381094818908	
3.91778693225993	-65	920.625	2216	0000	297	920.625	090002007 8.13645099488831	
5.88435030232932	-58	920.625	2215	0000	298	920.625	090002009 8.1381244341004	
3.99448597165421	-64	920.625	2216	0000	299	920.625	090002011 8.14012901189305	
5.90889399493549	-59	920.625	2215	0000	300	920.625	090002011 8.14104351319532	
4.06198112632118	-63.5	920.625	2216	0000	301	920.625	090002012 8.14191421509584	
3.91471897068416	-64.5	920.625	2216	0000	302	920.625	090002013 8.14284344205906	
5.7800396087531	-58.5	920.625	2215	0000	303	920.625	090002014 8.14378512919691	
3.94846654801764	-65	920.625	2216	0000	304	920.625	090002021 8.15019154686649	
5.93343768754166	-59	920.625	2215	0000	305	920.625	090002022 8.15165165278553	
5.81685514766235	-58	920.625	2215	0000	306	920.625	090002255 8.3837699806452	
3.94539858644187	-64.5	920.625	2216	0000	307	920.625	090002258 8.38735586787382	
5.92730176439012	-59	920.625	2215	0000	308	920.625	090002259 8.38840063463823	
3.9423306248661	-64.5	920.625	2216	0000	309	920.625	090002262 8.39050376108483	
5.90275807178395	-58.5	920.625	2215	0000	310	920.625	090002263 8.39216511770334	
3.75518496874405	-62.5	920.625	2216	0000	311	920.625	090002268 8.39731419047756	
3.96994227904804	-64.5	920.625	2216	0000	312	920.625	090002270 8.39944639066499	
5.88435030232932	-59	920.625	2215	0000	313	920.625	090002272 8.40091706885342	
4.00062189480575	-64.5	920.625	2216	0000	314	920.625	090002274 8.40342231911791	
5.95184545699629	-58.5	920.625	2215	0000	315	920.625	090002279 8.4080503300436	
3.95153450959341	-64	920.625	2216	0000	316	920.625	090002504 8.63370560307623	
5.79231145505618	-58.5	920.625	2215	0000	317	920.625	090002506 8.63615761441272	
4.04357335686655	-63.5	920.625	2216	0000	318	920.625	090002507 8.63668887094959	
5.95184545699629	-58.5	920.625	2215	0000	319	920.625	090002508 8.63764905955888	
3.93619470171456	-65	920.625	2216	0000	320	920.625	090002508 8.6381312305593	
5.86901049445046	-59	920.625	2215	0000	321	920.625	090002509 8.6386809885676	
3.90858304753261	-64	920.625	2216	0000	322	920.625	090002510 8.63966458720197	
5.87821437917778	-58	920.625	2215	0000	323	920.625	090002511 8.64060627433982	
3.96073839432073	-65	920.625	2216	0000	324	920.625	090002511 8.64116962526591	
5.88741826390509	-59	920.625	2215	0000	325	920.625	090002512 8.64171183165322	
3.94539858644187	-64.5	920.625	2216	0000	326	920.625	090002513 8.6426270881176	
5.49778714378214	-57.5	920.625	2215	0000	327	920.625	090002514 8.64360653336042	
3.96687431747227	-65	920.625	2216	0000	328	920.625	090002765 8.89372414985739	
5.92423380281435	-59	920.625	2215	0000	329	920.625	090002769 8.89798024344916	
3.71836942983479	-64	920.625	2216	0000	330	920.625	090002771 8.90034805421158	
5.85367068657161	-58.5	920.625	2215	0000	331	920.625	090002772 8.901879522949	
5.90582603335972	-59	920.625	2215	0000	332	920.625	090002774 8.90363338692467	
0.834485548609789	-65	920.625	2216	0000	333	920.625	090002778 8.90728006470229	
5.87821437917778	-58	920.625	2215	0000	334	920.625	090002779 8.9088768549613	
3.93312674013878	-64	920.625	2216	0000	335	920.625	090002781 8.91030562165322	
3.98221412535112	-64	920.625	2216	0000	336	920.625	090002782 8.91151086036373	
5.87821437917778	-58	920.625	2215	0000	337	920.625	090002783 8.91288714328974	
3.98835004850267	-64.5	920.625	2216	0000	338	920.625	090003004 9.13364707801353	
5.85980660972315	-58.5	920.625	2215	0000	339	920.625	090003009 9.138182204001	
5.89969011020818	-59	920.625	2215	0000	340	920.625	090003012 9.14130064589014	
0.874369049094815	-65	920.625	2216	0000	341	920.625	090003015 9.14428655683086	
3.94539858644187	-64.5	920.625	2216	0000	342	920.625	090003020 9.1492936591304	
5.81071922451081	-58.5	920.625	2215	0000	343	920.625	090003023 9.15278779416396	
5.92423380281435	-59	920.625	2215	0000	344	920.625	090003026 9.15514012410334	
0.865165164367502	-64.5	920.625	2216	0000	345	920.625	090003029 9.1582381766158	
3.90244712438107	-64.5	920.625	2216	0000	346	920.625	090003030 9.15980815862029	
5.84753476342006	-58.5	920.625	2215	0000	347	920.625	090003032 9.16159676005253	
5.86901049445046	-59	920.625	2215	0000	348	920.625	090003255 9.38363593937257	
0.877437010670587	-64.5	920.625	2216	0000	349	920.625	090003256 9.38540452900918	
3.98221412535112	-64.5	920.625	2216	0000	350	920.625	090003258 9.38824318334052	
5.83526291711698	-58	920.625	2215	0000	351	920.625	090003260 9.38981278776396	
5.91196195651126	-59	920.625	2215	0000	352	920.625	090003261 9.39088927133654	
0.898912741700986	-64.5	920.625	2216	0000	353	920.625	090003262 9.39185172543212	
3.98221412535112	-64	920.625	2216	0000	354	920.625	090003263 9.39285948925367	
5.80458330135927	-58.5	920.625	2215	0000	355	920.625	090003267 9.39698720528855	
5.94877749542052	-59	920.625	2215	0000	356	920.625	090003504 9.63361875943481	
0.892776818549443	-64.5	920.625	2216	0000	357	920.625	090003507 9.6364547706988	
3.95767043274495	-64	920.625	2216	0000	358	920.625	090003507 9.63698036351993	
5.80458330135927	-58.5	920.625	2215	0000	359	920.625	090003508 9.6374576259667	
5.90889399493549	-59	920.625	2215	0000	360	920.625	090003508 9.63796585005954	
0.917320511155613	-65	920.625	2216	0000	361	920.625	090003509 9.63847558447659	
5.68800076147996	-58	920.625	2215	0000	362	920.625	090003510 9.63960228632877	
3.91471897068416	-64.5	920.625	2216	0000	363	920.625	090003512 9.6416249880118	
0.86209720279173	-65	920.625	2216	0000	364	920.625	090003514 9.64344757173851	
5.9180978796628	-59	920.625	2215	0000	365	920.625	090003517 9.64674574220729	
5.76163183929847	-58	920.625	2215	0000	366	920.625	090003520 9.64997972389763	
4.0067578179573	-64.5	920.625	2216	0000	367	920.625	090003523 9.65264808917558	
0.849825356488645	-65	920.625	2216	0000	368	920.625	090003754 9.88358949690346	
5.89355418705663	-59	920.625	2215	0000	369	920.625	090003757 9.8865406703876	
3.93312674013878	-63.5	920.625	2216	0000	370	920.625	090003759 9.88781840465965	
5.90889399493549	-58	920.625	2215	0000	371	920.625	090003760 9.88883862865583	
5.9180978796628	-59	920.625	2215	0000	372	920.625	090003760 9.88934232177608	
0.83755351018556	-65	920.625	2216	0000	373	920.625	090003761 9.89054793806765	
3.89017527807799	-64.5	920.625	2216	0000	374	920.625	090003762 9.8910471002153	
5.85980660972315	-58.5	920.625	2215	0000	375	920.625	090003762 9.89159232725101	
5.90889399493549	-59	920.625	2215	0000	376	920.625	090003763 9.89213679912462	
0.86209720279173	-65	920.625	2216	0000	377	920.625	090003764 9.89307131222253	
5.84753476342006	-58	920.625	2215	0000	378	920.625	090004014 10.1434604094942	
3.94539858644187	-64	920.625	2216	0000	379	920.625	090004019 10.1484867684273	
5.87207845602623	-59	920.625	2215	0000	380	920.625	090004023 10.1522856113679	
0.880504972246358	-65	920.625	2216	0000	381	920.625	090004028 10.1573202770841	
5.83526291711698	-58.5	920.625	2215	0000	382	920.625	090004031 10.160041503709	
0.859029241215959	-64	920.625	2216	0000	383	920.625	090004032 10.161676052073	
0.849825356488645	-65	920.625	2216	0000	384	920.625	090004039 10.1679593783204	
5.9180978796628	-59	920.625	2215	0000	385	920.625	090004042 10.1714255723562	
3.98835004850267	-64	920.625	2216	0000	386	920.625	090004264 10.3936595834979	
5.84139884026852	-58.5	920.625	2215	0000	387	920.625	090004269 10.398146379111	
3.9208548938357	-63.5	920.625	2216	0000	388	920.625	090004271 10.400100738624	
5.83526291711698	-58.5	920.625	2215	0000	389	920.625	090004272 10.4014060363127	
5.82912699396544	-58.5	920.625	2215	0000	390	920.625	090004273 10.402730968216	
4.06811704947272	-64.5	920.625	2216	0000	391	920.625	090004276 10.4058203363643	
5.89048622548086	-59	920.625	2215	0000	392	920.625	090004280 10.4092971026696	
0.831417587034017	-65	920.625	2216	0000	393	920.625	090004281 10.4106469549221	
5.76776776245001	-58.5	920.625	2215	0000	394	920.625	090004283 10.4124623646089	
3.98221412535112	-64	920.625	2216	0000	395	920.625	090004289 10.4184171953431	
3.99141801007844	-64.5	920.625	2216	0000	396	920.625	090004505 10.6335413553196	
5.88741826390509	-59	920.625	2215	0000	397	920.625	090004508 10.6368474549905	
5.79844737820772	-58.5	920.625	2215	0000	398	920.625	090004510 10.6388323985685	
3.9208548938357	-63.5	920.625	2216	0000	399	920.625	090004511 10.6400093187003	
5.90889399493549	-58.5	920.625	2215	0000	400	920.625	090004512 10.6413587933718	
3.98835004850267	-64.5	920.625	2216	0000	401	920.625	090004514 10.6429691765486	
3.8779034317749	-64.5	920.625	2216	0000	402	920.625	090004520 10.6490591812986	
5.71868037723767	-58.5	920.625	2215	0000	403	920.625	090004522 10.6511558888673	
0.877437010670587	-65	920.625	2216	0000	404	920.625	090004523 10.6523127972035	
5.91502991808703	-59	920.625	2215	0000	405	920.625	090004526 10.6547565017569	
3.9638063558965	-64	920.625	2216	0000	406	920.625	090004754 10.8834275146332	
5.84753476342006	-58.5	920.625	2215	0000	407	920.625	090004757 10.8863817087657	
4.04357335686655	-64.5	920.625	2216	0000	408	920.625	090004759 10.888330782144	
5.89048622548086	-58	920.625	2215	0000	409	920.625	090004760 10.889661377763	
3.87176750862336	-64	920.625	2216	0000	410	920.625	090004761 10.8905909823073	
5.78617553190464	-58.5	920.625	2215	0000	411	920.625	090004761 10.8911146872232	
5.89969011020818	-59	920.625	2215	0000	412	920.625	090004762 10.8916417903685	
3.94846654801764	-64.5	920.625	2216	0000	413	920.625	090004764 10.8937298135731	
3.9208548938357	-64.5	920.625	2216	0000	414	920.625	090004770 10.8996434879729	
5.51619491323677	-58	920.625	2215	0000	415	920.625	090004771 10.9007739656356	
3.96994227904804	-65	920.625	2216	0000	416	920.625	090005004 11.1334137329248	
5.9180978796628	-59	920.625	2215	0000	417	920.625	090005007 11.1363902043393	
3.94539858644187	-64	920.625	2216	0000	418	920.625	090005008 11.1379496140744	
5.84139884026852	-58	920.625	2215	0000	419	920.625	090005009 11.1389721035569	
0.779262240245906	-65	920.625	2216	0000	420	920.625	090005011 11.1406160914471	
5.87514641760201	-59	920.625	2215	0000	421	920.625	090005012 11.142059961381	
3.95153450959341	-64	920.625	2216	0000	422	920.625	090005013 11.143002781262	
5.93343768754166	-58.5	920.625	2215	0000	423	920.625	090005018 11.1474219898672	
0.868233125943273	-65	920.625	2216	0000	424	920.625	090005019 11.1488450928434	
5.94264157226897	-59	920.625	2215	0000	425	920.625	090005020 11.1497157947439	
5.78617553190464	-58.5	920.625	2215	0000	426	920.625	090005021 11.1503467326779	
3.9638063558965	-64	920.625	2216	0000	427	920.625	090005022 11.1519001011162	
5.77390368560155	-58.5	920.625	2215	0000	428	920.625	090005264 11.393888397614	
3.9638063558965	-64.5	920.625	2216	0000	429	920.625	090005267 11.3970249633935	
3.77972866135022	-64	920.625	2216	0000	430	920.625	090005269 11.3983816121049	
5.90889399493549	-58.5	920.625	2215	0000	431	920.625	090005271 11.4002570571786	
5.93036972596589	-59	920.625	2215	0000	432	920.625	090005272 11.4012387679077	
0.834485548609789	-65	920.625	2216	0000	433	920.625	090005273 11.4030481362977	
5.88435030232932	-58.5	920.625	2215	0000	434	920.625	090005281 11.4110060345003	
4.26446659032208	-62.5	920.625	2216	0000	435	920.625	090005283 11.4129883350111	
5.93036972596589	-59	920.625	2215	0000	436	920.625	090005367 11.4963922130705	
4.0067578179573	-65	920.625	2216	0000	437	920.625	090005369 11.4991228792216	
5.85980660972315	-58	920.625	2215	0000	438	920.625	090005374 11.50408278389	
3.92699081698724	-64.5	920.625	2216	0000	439	920.625	090005376 11.5057248838749	
