1.33149532388474	-59	26	0	1186	235007062 0.5500661	
1.20264093770234	-56.5	30.0625	1	1130	235007065 0.5513908	
1.03083508945915	-56	-48	2	1130	235007065 0.5516853	
1.4419419406125	-59	-61	3	1186	235007065 0.5518886	
0.963339934792183	-56	43.125	4	1130	235007066 0.552188	
1.33763124703628	-59	43.125	5	1186	235007066 0.5525205	
1.27013609236931	-59	43.9375	6	1186	235007066 0.5528389	
1.03697101261069	-56	4.0625	7	1130	235007067 0.5535339	
1.41126232485479	-60	-34.9375	8	1186	235007068 0.5542294	
1.03083508945915	-56.5	8.125	9	1130	235007069 0.5555367	
1.12900985988383	-56	74	10	1130	235007310 0.795841	
1.31922347758165	-58.5	31.6875	11	1186	235007311 0.7969758	
1.31308755443011	-59	-13	12	1186	235007312 0.7979675	
1.22104870715697	-56	4.0625	13	1130	235007313 0.7990262	
1.29467978497548	-59	39	14	1186	235007314 0.7997474	
1.03697101261069	-57	0	15	1130	235007314 0.8006339	
1.09833024412612	-56.5	-56.125	16	1130	235007316 0.8019596	
1.37444678594553	-59	-34.9375	17	1186	235007317 0.8031327	
1.29467978497548	-58.5	39	18	1186	235007317 0.8035627	
0.969475857943725	-56.5	34.9375	19	1130	235007318 0.8041008	
1.3989904785517	-59.5	-13	20	1186	235007319 0.8047696	
1.05537878206532	-56.5	-34.9375	21	1130	235007319 0.8055066	
1.04310693576224	-56	-8.9375	22	1130	235007560 1.0464677	
1.53398078788564	-59	-117.125	23	1186	235007561 1.0472083	
1.00015547370144	-56.5	13	24	1130	235007561 1.0478932	
1.31922347758165	-59	74	25	1186	235007562 1.0486352	
1.33149532388474	-59.5	-4.0625	26	1186	235007563 1.0491941	
1.06151470521686	-56	-34.9375	27	1130	235007563 1.0498004	
1.00629139685298	-56	4.0625	28	1130	235007564 1.0502697	
1.30081570812702	-58.5	30.0625	29	1186	235007564 1.0505997	
1.09833024412612	-56.5	-56.125	30	1130	235007564 1.0510424	
1.27013609236931	-59	69.125	31	1186	235007566 1.0515345	
1.03697101261069	-56.5	0	32	1130	235007566 1.0522794	
1.40512640170325	-59	-30.0625	33	1186	235007567 1.0526632	
1.26400016921777	-59.5	69.125	34	1186	235007809 1.2957833	
1.04310693576224	-57	-8.9375	35	1130	235007810 1.2970176	
1.35603901649091	-59	-39	36	1186	235007811 1.2977184	
1.05537878206532	-56.5	-48	37	1130	235007812 1.2981157	
1.25786424606623	-59.5	68.3125	38	1186	235007812 1.2983928	
1.10446616727766	-56.5	-74	39	1130	235007812 1.2988721	
1.42353417115788	-59.5	-52.0625	40	1186	235007813 1.2991613	
1.07992247467149	-56.5	-17.0625	41	1130	235007813 1.2993754	
1.36217493964245	-59	-34.9375	42	1186	235007813 1.2995832	
1.06151470521686	-56.5	-56.125	43	1130	235007813 1.2997926	
1.40512640170325	-59	0	44	1186	235007813 1.3000109	
0.926524395882927	-57	52.0625	45	1130	235007814 1.3002144	
0.944932165337555	-56.5	48	46	1130	235008060 1.5467374	
1.26400016921777	-59	95.1875	47	1186	235008062 1.5479739	
1.35603901649091	-59	13	48	1186	235008063 1.5488099	
1.01242732000452	-57	-13	49	1130	235008064 1.5499779	
1.32535940073319	-59.5	21.9375	50	1186	235008065 1.5507558	
1.00629139685298	-57	-13	51	1130	235008065 1.5515317	
1.42967009430942	-59	-74	52	1186	235008069 1.5555606	
1.05537878206532	-56.5	-4.0625	53	1130	235008069 1.5560955	
1.03697101261069	-57	-8.9375	54	1130	235008070 1.5565961	
1.40512640170325	-59	-21.9375	55	1186	235008070 1.5570417	
1.01242732000452	-56.5	-21.9375	56	1130	235008071 1.5576303	
1.32535940073319	-58.5	30.0625	57	1186	235008071 1.5581003	
1.25786424606623	-59	-12.1875	58	1186	235008318 1.8039357	
1.25786424606623	-56	4.0625	59	1130	235008320 1.8063226	
1.22104870715697	-56.5	-30.0625	60	1130	235008321 1.8073505	
1.21491278400543	-59	108.1875	61	1186	235008321 1.8081324	
1.04310693576224	-57	-26	62	1130	235008323 1.8091872	
1.34990309333936	-59	-30.0625	63	1186	235008324 1.809936	
1.35603901649091	-59.5	-21.9375	64	1186	235008324 1.8106805	
1.01856324315607	-56.5	-24.375	65	1130	235008329 1.8149674	
4.4546802080199	-59.5	17.875	66	1186	235008329 1.8156802	
4.16322385832163	-57	10.9375	67	1130	235008329 1.815959	
1.34990309333936	-59	0	68	1186	235008329 1.8161794	
1.00015547370144	-56	21.9375	69	1130	235008331 1.8166329	
1.2824079386724	-59.5	8.9375	70	1186	235008561 2.0464946	
1.17809724509617	-57	21.9375	71	1130	235008562 2.0481934	
1.15355355249	-56.5	17.0625	72	1130	235008564 2.0498687	
1.40512640170325	-59	-56.125	73	1186	235008564 2.0507331	
1.00015547370144	-56	-21.9375	74	1130	235008566 2.0517491	
1.38058270909708	-59.5	-61	75	1186	235008566 2.0525524	
1.04924285891378	-56.5	-39	76	1130	235008568 2.0535799	
1.33149532388474	-59	68.3125	77	1186	235008569 2.0547122	
1.33149532388474	-59.5	-13	78	1186	235008569 2.0552744	
1.01242732000452	-56	-17.0625	79	1130	235008569 2.0560141	
1.29467978497548	-59.5	21.9375	80	1186	235008570 2.0569519	
1.01242732000452	-56	-13	81	1130	235008572 2.0580869	
1.31922347758165	-59	21.9375	82	1186	235008809 2.2960865	
1.04310693576224	-56.5	-17.0625	83	1130	235008815 2.3009066	
1.04924285891378	-57	-34.9375	84	1130	235008815 2.3012179	
1.39285455540016	-58.5	-43.125	85	1186	235008815 2.3014609	
1.32535940073319	-59	-8.9375	86	1186	235008815 2.3016903	
1.06151470521686	-56.5	-48	87	1130	235008815 2.3019148	
1.29467978497548	-59.5	-13	88	1186	235008815 2.3021361	
1.06765062836841	-56.5	-48	89	1130	235008815 2.3023391	
1.25786424606623	-58.5	39	90	1186	235008817 2.3025402	
0.994019550549895	-57	0	91	1130	235008817 2.3027604	
1.31922347758165	-58.5	0	92	1186	235008817 2.3029749	
0.920388472731385	-56.5	43.125	93	1130	235008817 2.3031732	
1.29467978497548	-59	26	94	1186	235009060 2.5459613	
1.04310693576224	-56.5	-34.9375	95	1130	235009063 2.5498397	
1.37444678594553	-58.5	-56.125	96	1186	235009065 2.5522002	
1.09833024412612	-57	-65.0625	97	1130	235009069 2.555644	
1.37444678594553	-59.5	-26	98	1186	235009070 2.5565549	
0.969475857943725	-56.5	17.0625	99	1130	235009072 2.5580452	
1.06151470521686	-56.5	-34.9375	100	1130	235009073 2.5593368	
1.35603901649091	-59	-13	101	1186	235009075 2.5615115	
1.01242732000452	-56.5	-8.9375	102	1130	235009077 2.5633743	
1.42967009430942	-58.5	-78.0625	103	1186	235009078 2.5640559	
0.969475857943725	-56.5	-8.9375	104	1130	235009078 2.5645637	
1.24559239976314	-59	74	105	1186	235009079 2.5649672	
1.31922347758165	-59	-8.9375	106	1186	235009309 2.7961975	
1.00629139685298	-56.5	0	107	1130	235009312 2.7990817	
1.25786424606623	-59	61	108	1186	235009314 2.7998904	
1.01242732000452	-56.5	-13	109	1130	235009315 2.8010021	
1.1106020904292	-57	-61	110	1130	235009316 2.8018249	
1.27627201552085	-59.5	12.1875	111	1186	235009316 2.8028743	
1.39285455540016	-59.5	-56.125	112	1186	235009317 2.8037465	
0.987883627398353	-56.5	-12.1875	113	1130	235009319 2.8049233	
1.03697101261069	-56.5	-21.9375	114	1130	235009320 2.8058148	
1.35603901649091	-58.5	-52.0625	115	1186	235009321 2.8070193	
1.07992247467149	-57	-56.125	116	1130	235009323 2.8087729	
1.31308755443011	-59.5	13	117	1186	235009325 2.8110515	
1.02469916630761	-57	-48	118	1130	235009559 3.0457059	
1.53398078788564	-59.5	34.9375	119	1186	235009561 3.0479128	
0.951068088489098	-57	17.0625	120	1130	235009562 3.0492275	
1.68737886667421	-59.5	-87.0625	121	1186	235009563 3.0504512	
1.35603901649091	-59	-34.9375	122	1186	235009565 3.0515595	
1.01856324315607	-57	-39	123	1130	235009567 3.0531541	
0.98174770424681	-57	-26	124	1130	235009568 3.0541537	
1.26400016921777	-59	56.125	125	1186	235009568 3.0549894	
1.27013609236931	-59.5	20.3125	126	1186	235009570 3.0564074	
1.01242732000452	-57	-34.9375	127	1130	235009570 3.0573395	
1.40512640170325	-59.5	-69.125	128	1186	235009572 3.0585362	
1.05537878206532	-57	-82.1875	129	1130	235009573 3.059682	
1.33149532388474	-59.5	-39	130	1186	235009820 3.3061801	
1.01856324315607	-56.5	-17.0625	131	1130	235009832 3.3182951	
1.01856324315607	-57	-52.0625	132	1130	235009840 3.3261879	
1.39285455540016	-59	-69.125	133	1186	235009841 3.3274196	
0.98174770424681	-57	-13	134	1130	235009845 3.3304395	
1.2394564766116	-59.5	34.9375	135	1186	235009845 3.3317255	
1.2824079386724	-59.5	-48	136	1186	235009861 3.3467538	
0.98174770424681	-56.5	-8.9375	137	1130	235010252 3.7380184	
1.31922347758165	-59	4.0625	138	1186	235010273 3.75898	
1.01242732000452	-57	-34.9375	139	1130	235010291 3.777971	
0.938796242186012	-56.5	17.0625	140	1130	235010299 3.7843564	
1.24559239976314	-59	48	141	1186	235010308 3.7948963	
1.30695163127857	-59	-26	142	1186	235010313 3.7989466	
0.938796242186012	-56.5	0	143	1130	235010315 3.8013506	
1.28854386182394	-59	4.0625	144	1186	235010316 3.8024792	
0.938796242186012	-56.5	0	145	1130	235010317 3.8033773	
1.26400016921777	-59	-21.9375	146	1186	235010318 3.8042796	
1.1965050145508	-56.5	-43.125	147	1130	235010319 3.8050072	
1.25172832291468	-59	4.0625	148	1186	235010320 3.806057	
1.09833024412612	-56.5	34.9375	149	1130	235010321 3.8069641	
1.2824079386724	-59.5	39	150	1186	235010322 3.8076027	
0.944932165337555	-56.5	-26	151	1130	235010322 3.808294	
0.951068088489098	-56.5	-35.75	152	1130	235010323 3.8091515	
1.18423316824771	-58.5	43.125	153	1186	235010324 3.8099991	
4.04050539529078	-56.5	14.1875	154	1130	235010325 3.810703	
4.40252486123179	-59	-2	155	1186	235010327 3.8125128	
0.895844780125214	-56.5	0	156	1130	235010328 3.8139034	
1.15968947564154	-58.5	48	157	1186	235010329 3.8152627	
1.22104870715697	-58.5	17.0625	158	1186	235010330 3.8168412	
1.10446616727766	-56	-43.125	159	1130	235010331 3.8176963	
1.31308755443011	-58.5	-30.0625	160	1186	235010333 3.8189817	
1.17196132194463	-56	-56.125	161	1130	235010335 3.8211101	
4.1877675509278	-56.5	15.8125	162	1130	235010337 3.8234581	
1.23332055346006	-59	4.875	163	1186	235010339 3.8245392	
1.09833024412612	-56	-21.9375	164	1130	235010578 4.0644054	
1.25172832291468	-58.5	-17.0625	165	1186	235010592 4.0775039	
1.07992247467149	-56	-21.9375	166	1130	235010603 4.0892928	
1.24559239976314	-58.5	-39	167	1186	235010608 4.0940248	
1.17196132194463	-58.5	39	168	1186	235010614 4.0993641	
1.07378655151995	-56	-21.9375	169	1130	235010614 4.1002759	
1.51557301843101	-59	-13	170	1186	235010616 4.1014778	
0.901980703276757	-57	-52.0625	171	1130	235010617 4.1025475	
0.865165164367502	-56.5	-4.0625	172	1130	235010617 4.1035502	
1.40512640170325	-59	69.125	173	1186	235010618 4.1044971	
4.59273847892961	-59	14.1875	174	1186	235010629 4.115001	
4.1877675509278	-56.5	8.9375	175	1130	235010645 4.1314609	
1.07992247467149	-56	-21.9375	176	1130	235010842 4.3284678	
1.54625263418873	-59	-48	177	1186	235010850 4.3363476	
1.1965050145508	-58.5	31.6875	178	1186	235010868 4.3534915	
1.01242732000452	-56	21.9375	179	1130	235010880 4.3658324	
1.06151470521686	-56.5	8.9375	180	1130	235010883 4.3690816	
1.19036909139926	-58	39.875	181	1186	235010886 4.3728063	
4.21537920510974	-57	13	182	1130	235010888 4.3742633	
1.24559239976314	-59	6.0625	183	1186	235010890 4.3760525	
1.27627201552085	-58.5	8.9375	184	1186	235010892 4.3776998	
1.04924285891378	-56	4.0625	185	1130	235010894 4.3799777	
0.834485548609789	-56.5	21.9375	186	1130	235010895 4.3812693	
1.25172832291468	-58.5	0	187	1186	235010896 4.3823016	
0.816077779155161	-56.5	34.9375	188	1130	235011088 4.5742752	
1.33763124703628	-58.5	-39.875	189	1186	235011135 4.6211797	
1.24866036133891	-59	10.9375	190	1186	235011149 4.6354994	
4.2307190129886	-56.5	4.875	191	1130	235011180 4.6656091	
1.2394564766116	-59	25.1875	192	1186	235011181 4.667293	
4.2307190129886	-56.5	12.1875	193	1130	235011181 4.6678204	
1.39285455540016	-58.5	104.125	194	1186	235011182 4.6682398	
0.883572933822129	-57	-17.0625	195	1130	235011182 4.6686183	
1.51557301843101	-59	-17.0625	196	1186	235011188 4.6747418	
0.877437010670587	-56.5	-4.0625	197	1130	235011192 4.6782584	
0.889708856973672	-56	-17.0625	198	1130	235011310 4.795779	
1.28854386182394	-59	16.25	199	1186	235011313 4.7990951	
0.874369049094815	-56.5	17.0625	200	1130	235011315 4.8005273	
1.25479628449045	-59	15.8125	201	1186	235011315 4.8012565	
1.20877686085389	-58.5	8.9375	202	1186	235011316 4.8022684	
1.07992247467149	-56	-4.0625	203	1130	235011317 4.802862	
1.12287393673229	-56	-4.0625	204	1130	235011318 4.8033446	
1.27013609236931	-58.5	-26	205	1186	235011319 4.8044562	
1.24559239976314	-58.5	17.0625	206	1186	235011320 4.8054028	
0.895844780125214	-56.5	-21.9375	207	1130	235011320 4.8060767	
4.01902966426038	-56.5	4.0625	208	1130	235011321 4.8066462	
4.4117287459591	-59	2.8125	209	1186	235011321 4.8071458	
1.14128170618692	-58.5	69.125	210	1186	235011559 5.0459151	
1.05537878206532	-56	-8.9375	211	1130	235011563 5.0497864	
1.04310693576224	-56.5	26	212	1130	235011566 5.0522271	
1.20877686085389	-58.5	34.9375	213	1186	235011582 5.0685346	
4.01596170268461	-57	21.9375	214	1130	235011588 5.0751513	
4.39638893808025	-59	6.0625	215	1186	235011591 5.0768984	
1.26400016921777	-58.5	34.9375	216	1186	235011592 5.0777914	
0.9081166264283	-56.5	-30.0625	217	1130	235011593 5.0797885	
1.22104870715697	-58	21.9375	218	1186	235011595 5.08121	
1.09833024412612	-56	-21.9375	219	1130	235011595 5.0819959	
4.24605882086745	-57	0.4375	220	1130	235011598 5.0840265	
4.4117287459591	-59.5	0	221	1186	235011598 5.0848282	
1.25786424606623	-58.5	21.9375	222	1186	235011815 5.3024183	
0.871301087519044	-56	-4.0625	223	1130	235011817 5.3038183	
0.9081166264283	-56.5	-39	224	1130	235011818 5.3044357	
1.35603901649091	-59	-65.0625	225	1186	235011818 5.3051471	
1.39285455540016	-58.5	-78.0625	226	1186	235011819 5.3057836	
0.895844780125214	-56	-8.9375	227	1130	235011820 5.3065686	
0.938796242186012	-56	-17.0625	228	1130	235011820 5.3070307	
1.22104870715697	-58.5	74	229	1186	235011822 5.307864	
1.2824079386724	-58.5	-48	230	1186	235011822 5.3087329	
1.07378655151995	-56	13	231	1130	235011823 5.3093439	
1.17196132194463	-58.5	69.125	232	1186	235011823 5.3099224	
1.06765062836841	-56	0	233	1130	235011824 5.3103631	
1.25172832291468	-59	8.9375	234	1186	235012059 5.5458113	
1.09833024412612	-56.5	-21.9375	235	1130	235012061 5.5471816	
1.07378655151995	-56	-21.9375	236	1130	235012068 5.5535547	
1.2394564766116	-58.5	4.0625	237	1186	235012069 5.5546635	
1.34376717018782	-59	-65.0625	238	1186	235012069 5.5553914	
0.865165164367502	-56	-4.0625	239	1130	235012070 5.5559213	
1.34376717018782	-59	-56.125	240	1186	235012070 5.5563855	
0.889708856973672	-56.5	-13	241	1130	235012071 5.5570211	
1.44807786376405	-59.5	39	242	1186	235012071 5.557437	
1.04310693576224	-56	13	243	1130	235012072 5.5579528	
1.05537878206532	-56	13	244	1130	235012073 5.55861	
1.4419419406125	-59	34.9375	245	1186	235012073 5.5591309	
0.846757394912874	-56.5	26	246	1130	235012309 5.7953666	
1.33763124703628	-59	-34.9375	247	1186	235012310 5.7970345	
1.34376717018782	-59	-52.0625	248	1186	235012312 5.7986103	
0.889708856973672	-56.5	-26	249	1130	235012313 5.7998813	
0.914252549579842	-56.5	8.9375	250	1130	235012314 5.8008198	
1.28854386182394	-59	-13	251	1186	235012315 5.8018811	
0.93266031903447	-56.5	-34.9375	252	1130	235012316 5.8026323	
1.31308755443011	-58	-26	253	1186	235012317 5.8039138	
1.27627201552085	-58	16.25	254	1186	235012319 5.8053065	
0.859029241215959	-56	17.0625	255	1130	235012320 5.8067233	
1.27627201552085	-58.5	4.0625	256	1186	235012321 5.8077679	
0.901980703276757	-56.5	-21.9375	257	1130	235012322 5.8089646	
0.889708856973672	-56.5	13	258	1130	235012558 6.0451065	
1.31308755443011	-59	-4.0625	259	1186	235012560 6.0461656	
1.31922347758165	-59	-43.125	260	1186	235012561 6.0471828	
0.926524395882927	-56.5	-26	261	1130	235012561 6.0477727	
4.4117287459591	-59	10.125	262	1186	235012561 6.048087	
4.22458308983706	-57	15.8125	263	1130	235012562 6.0487838	
1.10446616727766	-56.5	-26	264	1130	235012563 6.0496443	
1.33763124703628	-58.5	-126.125	265	1186	235012564 6.0507672	
1.16582539879309	-58.5	104.125	266	1186	235012565 6.0514783	
1.09833024412612	-56	0	267	1130	235012565 6.0520564	
1.31308755443011	-59	-20.3125	268	1186	235012566 6.0524995	
1.02469916630761	-56	61	269	1130	235012567 6.0531585	
4.21844716668551	-56.5	8.9375	270	1130	235012810 6.2954355	
1.25172832291468	-59	13	271	1186	235012811 6.2973438	
1.31308755443011	-59	-61	272	1186	235012813 6.2992507	
1.07378655151995	-56	39	273	1130	235012814 6.3002277	
1.36217493964245	-59	-52.0625	274	1186	235012815 6.3011101	
0.98174770424681	-56.5	-56.125	275	1130	235012816 6.3023477	
1.30081570812702	-58.5	-16.25	276	1186	235012819 6.3045039	
0.969475857943725	-56.5	-48	277	1130	235012821 6.3077612	
1.25172832291468	-59	13	278	1186	235012827 6.3130765	
4.22151512826128	-57	8.125	279	1130	235012828 6.3143229	
1.29467978497548	-59	-13	280	1186	235012830 6.3165763	
1.05537878206532	-56	12.1875	281	1130	235012830 6.3170979	
1.39285455540016	-59	-91.125	282	1186	235013060 6.5457674	
0.859029241215959	-56.5	43.9375	283	1130	235013065 6.5521819	
1.27627201552085	-59	20.3125	284	1186	235013068 6.5543974	
0.938796242186012	-56.5	-43.125	285	1130	235013078 6.5642333	
4.41479670753488	-59	14.1875	286	1186	235013079 6.5656167	
4.23992289771591	-57	14.1875	287	1130	235013081 6.5667413	
1.23332055346006	-58.5	30.0625	288	1186	235013081 6.5678755	
1.06765062836841	-56.5	13	289	1130	235013082 6.5689442	
1.07992247467149	-56.5	-4.0625	290	1130	235013085 6.5706582	
1.52170894158256	-59.5	-17.0625	291	1186	235013085 6.5716356	
0.871301087519044	-57	-17.0625	292	1130	235013309 6.7951429	
1.65056332776495	-58.5	-95.1875	293	1186	235013310 6.7969328	
1.14128170618692	-58.5	117.125	294	1186	235013312 6.798172	
1.09833024412612	-56.5	-8.9375	295	1130	235013313 6.7986147	
1.06765062836841	-56	-13	296	1130	235013313 6.7991321	
1.37444678594553	-59	-82.1875	297	1186	235013314 6.7998386	
1.27627201552085	-59	14.1875	298	1186	235013315 6.8006451	
0.880504972246358	-57	21.125	299	1130	235013315 6.8013378	
0.883572933822129	-56	-4.0625	300	1130	235013316 6.8016674	
1.25172832291468	-59	21.9375	301	1186	235013316 6.802001	
1.19036909139926	-59	82.1875	302	1186	235013560 7.0457914	
0.93266031903447	-56.5	-43.125	303	1130	235013645 7.1315865	
1.34376717018782	-58.5	-34.9375	304	1186	235013649 7.1349856	
0.920388472731385	-56.5	-43.125	305	1130	235013652 7.1391426	
1.25786424606623	-59	15	306	1186	235013654 7.139946	
1.08605839782303	-57	14.1875	307	1130	235013654 7.1406173	
1.1965050145508	-58.5	68.3125	308	1186	235013655 7.1413439	
1.11673801358075	-56.5	-21.9375	309	1130	235013655 7.1417573	
1.53398078788564	-59.5	26	310	1186	235013656 7.1423255	
0.914252549579842	-56.5	-21.9375	311	1130	235013656 7.1429219	
0.846757394912874	-56.5	21.9375	312	1130	235013656 7.1436199	
1.45421378691559	-59.5	61	313	1186	235013658 7.1445512	
0.895844780125214	-56.5	8.9375	314	1130	235013809 7.2955224	
1.30695163127857	-59	6.0625	315	1186	235013813 7.2992431	
0.871301087519044	-56.5	21.9375	316	1130	235013818 7.303971	
1.35603901649091	-59	-65.0625	317	1186	235013819 7.305069	
1.31922347758165	-59	-4.0625	318	1186	235013820 7.3061132	
1.07378655151995	-56	16.25	319	1130	235013821 7.3071671	
1.07378655151995	-56.5	-8.9375	320	1130	235013822 7.3080204	
1.23332055346006	-59	0	321	1186	235013823 7.309289	
4.64796178729349	-59	8.9375	322	1186	235013824 7.3103049	
4.2307190129886	-57	17.0625	323	1130	235013826 7.3123365	
1.03697101261069	-56	30.0625	324	1130	235013827 7.3135966	
1.50330117212793	-59	-100.0625	325	1186	235013829 7.3150023	
0.797670009700533	-57	56.125	326	1130	235014059 7.5451668	
1.27013609236931	-59	8.9375	327	1186	235014062 7.5482664	
1.34376717018782	-59	-34.9375	328	1186	235014064 7.5498727	
0.889708856973672	-56.5	4.0625	329	1130	235014067 7.5523749	
1.24866036133891	-59	25.1875	330	1186	235014067 7.5531849	
4.22151512826128	-57	8.9375	331	1130	235014068 7.5539797	
1.04310693576224	-56	43.125	332	1130	235014069 7.5549049	
1.28854386182394	-58.5	13	333	1186	235014070 7.5563965	
0.987883627398353	-56	74	334	1130	235014071 7.5575716	
1.28854386182394	-58.5	-30.0625	335	1186	235014072 7.5584769	
4.23685493614014	-57	10.125	336	1130	235014073 7.5592726	
1.2394564766116	-59	17.875	337	1186	235014074 7.5598213	
4.20617532038243	-56.5	17.875	338	1130	235014318 7.8049477	
4.62341809468732	-59	13	339	1186	235014326 7.8125135	
1.42353417115788	-58.5	91.125	340	1186	235014327 7.8135768	
1.15968947564154	-56.5	-34.9375	341	1130	235014328 7.814449	
1.36217493964245	-58.5	-61	342	1186	235014379 7.865069	
0.877437010670587	-56.5	-17.0625	343	1130	235014379 7.8657953	
1.30695163127857	-59	-52.0625	344	1186	235014380 7.8669967	
0.9081166264283	-56.5	-26	345	1130	235014381 7.8677552	
1.2394564766116	-59.5	26	346	1186	235014383 7.8687955	
0.901980703276757	-56.5	-61	347	1130	235014383 7.8693327	
0.846757394912874	-56	28.4375	348	1130	235014384 7.8703619	
1.27013609236931	-59	0	349	1186	235014385 7.8711026	
4.2092432819582	-57	6.875	350	1130	235014559 8.0455329	
4.6050103252327	-59	21.125	351	1186	235014573 8.0589931	
1.03697101261069	-57	-8.9375	352	1130	235014584 8.0702796	
1.52170894158256	-59	21.9375	353	1186	235014602 8.0884415	
1.17809724509617	-59	78.0625	354	1186	235014603 8.0893339	
0.828349625458246	-56.5	17.0625	355	1130	235014604 8.090289	
1.12900985988383	-59	82.1875	356	1186	235014605 8.091138	
0.859029241215959	-56	-4.0625	357	1130	235014606 8.0921969	
1.05537878206532	-56.5	13	358	1130	235014608 8.0935633	
4.38104913020139	-59	2.8125	359	1186	235014608 8.0943483	
1.05537878206532	-56.5	10.9375	360	1130	235014610 8.0962147	
4.34423359129214	-59	19.9375	361	1186	235014611 8.0972158	
1.31922347758165	-59	-91.125	362	1186	235014809 8.2951598	
1.04924285891378	-56.5	4.0625	363	1130	235014810 8.297096	
1.27627201552085	-59.5	0	364	1186	235014813 8.2990825	
1.07992247467149	-57	1.625	365	1130	235014815 8.300695	
1.24866036133891	-59	13	366	1186	235014816 8.3019559	
4.19697143565511	-57	15.8125	367	1130	235014818 8.3040276	
1.11673801358075	-56.5	-21.9375	368	1130	235014820 8.305859	
1.31308755443011	-59	-43.125	369	1186	235014821 8.3077207	
1.4419419406125	-59	39	370	1186	235014823 8.3095198	
0.877437010670587	-56	-39	371	1130	235014825 8.3108709	
1.41739824800633	-59.5	91.125	372	1186	235014826 8.3126302	
0.816077779155161	-56.5	17.0625	373	1130	235014828 8.3146926	
4.0067578179573	-56.5	2	374	1130	235015059 8.5452311	
4.66943751832389	-59.5	-2.8125	375	1186	235015083 8.5697244	
1.41739824800633	-59.5	65.0625	376	1186	235015115 8.6016885	
0.865165164367502	-57	0	377	1130	235015116 8.6025831	
1.35603901649091	-59	-56.125	378	1186	235015116 8.6033053	
0.889708856973672	-57	-13	379	1130	235015118 8.6044799	
0.9081166264283	-56.5	-39	380	1130	235015118 8.6048134	
1.40512640170325	-58.5	-121.25	381	1186	235015119 8.6052307	
1.27013609236931	-58	13	382	1186	235015119 8.6056303	
1.04310693576224	-56	34.9375	383	1130	235015120 8.6062911	
1.08605839782303	-56	0	384	1130	235015120 8.6069253	
1.38058270909708	-59	-87.0625	385	1186	235015121 8.6075663	
1.62601963515878	-59.5	-108.1875	386	1186	235015309 8.7953407	
0.920388472731385	-56.5	-56.125	387	1130	235015351 8.8375186	
1.55852448049181	-59.5	-30.0625	388	1186	235015355 8.8413063	
0.914252549579842	-56	-21.9375	389	1130	235015361 8.8471351	
1.53398078788564	-59.5	0	390	1186	235015366 8.85219	
0.95720401164064	-57	-56.125	391	1130	235015372 8.8587062	
0.895844780125214	-56	-34.9375	392	1130	235015375 8.861102	
1.52170894158256	-59	13	393	1186	235015378 8.8643104	
1.25172832291468	-58.5	43.125	394	1186	235015378 8.8650251	
1.05537878206532	-56.5	-13	395	1130	235015379 8.8656736	
1.05537878206532	-56.5	-4.0625	396	1130	235015380 8.8663086	
1.25172832291468	-58.5	21.9375	397	1186	235015380 8.866805	
4.67250547989966	-59.5	14.1875	398	1186	235015559 9.0450107	
4.03130151056347	-57	15	399	1130	235015563 9.0485187	
0.859029241215959	-56	8.9375	400	1130	235015569 9.055301	
1.47262155637022	-59.5	34.9375	401	1186	235015578 9.0633421	
1.36217493964245	-59	-56.125	402	1186	235015580 9.0658481	
0.877437010670587	-56.5	26	403	1130	235015582 9.0673228	
0.895844780125214	-56.5	-4.0625	404	1130	235015583 9.0689107	
1.36217493964245	-59	-26	405	1186	235015586 9.0721521	
0.911184588004071	-56.5	-4.0625	406	1130	235015591 9.0766735	
4.42706855383796	-59	17.0625	407	1186	235015592 9.0782198	
0.889708856973672	-57	-4.0625	408	1130	235015597 9.082904	
1.34990309333936	-59	-82.1875	409	1186	235015598 9.0839351	
1.32535940073319	-58	13	410	1186	235015808 9.2946403	
1.06765062836841	-56	-13	411	1130	235015860 9.3459616	
1.34990309333936	-59	-48	412	1186	235015860 9.3465177	
1.07992247467149	-56	-39	413	1130	235015861 9.347262	
1.13514578303537	-56.5	-30.0625	414	1130	235015862 9.3481755	
1.30695163127857	-58.5	-56.125	415	1186	235015863 9.3488565	
1.27013609236931	-59	0	416	1186	235015863 9.3494917	
1.07378655151995	-56	24.375	417	1130	235015863 9.3500195	
1.27013609236931	-58.5	21.9375	418	1186	235015863 9.3504585	
0.877437010670587	-56.5	0	419	1130	235015865 9.351065	
0.895844780125214	-56.5	0	420	1130	235015865 9.3518711	
1.34990309333936	-59	-52.0625	421	1186	235015866 9.3524169	
0.892776818549443	-57	19.9375	422	1130	235016059 9.5458562	
1.27320405394508	-59	24	423	1186	235016062 9.5488877	
0.840621471761331	-57	8.9375	424	1130	235016067 9.5524963	
1.25172832291468	-58.5	48	425	1186	235016069 9.5551423	
1.17809724509617	-58.5	104.125	426	1186	235016070 9.556213	
0.901980703276757	-56.5	-30.0625	427	1130	235016071 9.5572356	
0.944932165337555	-56.5	-30.0625	428	1130	235016072 9.5582767	
1.36217493964245	-59	-34.9375	429	1186	235016072 9.5593743	
4.67250547989966	-59.5	6.0625	430	1186	235016074 9.5603759	
0.871301087519044	-56.5	10.125	431	1130	235016075 9.5616235	
0.834485548609789	-56	30.0625	432	1130	235016078 9.5637958	
1.51557301843101	-59	13	433	1186	235016079 9.5654118	
1.27627201552085	-59	8.9375	434	1186	235016319 9.8049482	
1.09219432097458	-56	0	435	1130	235016320 9.8065696	
4.02823354898769	-57	15.8125	436	1130	235016321 9.8074018	
1.31922347758165	-59	8.9375	437	1186	235016322 9.8086546	
1.31308755443011	-58.5	-17.0625	438	1186	235016324 9.8105127	
0.914252549579842	-57	-30.0625	439	1130	235016328 9.8136684	
1.34376717018782	-58.5	-26	440	1186	235016328 9.8145017	
0.93266031903447	-56.5	-24.375	441	1130	235016329 9.8153679	
1.53091282630987	-59	21.125	442	1186	235016330 9.8162366	
0.877437010670587	-57	8.125	443	1130	235016332 9.8183865	
0.895844780125214	-57	12.1875	444	1130	235016333 9.8191963	
4.68784528777852	-59.5	12.1875	445	1186	235016334 9.8199729	
1.54625263418873	-59	-8.9375	446	1186	235016558 10.0446467	
0.920388472731385	-56.5	-13	447	1130	235016566 10.0522565	
1.47875747952176	-59	43.125	448	1186	235016573 10.059829	
0.895844780125214	-56.5	-26	449	1130	235016698 10.1845981	
1.24559239976314	-59	17.875	450	1186	235016700 10.1863453	
4.22458308983706	-57	10.125	451	1130	235016701 10.1879271	
1.04924285891378	-56.5	26	452	1130	235016703 10.1894774	
1.26400016921777	-58.5	17.0625	453	1186	235016704 10.1908343	
1.34990309333936	-59	-69.125	454	1186	235016706 10.1922345	
0.871301087519044	-57	17.0625	455	1130	235016707 10.1937274	
1.34376717018782	-59	-34.9375	456	1186	235016711 10.1974288	
0.865165164367502	-56.5	16.25	457	1130	235016713 10.1999689	
1.25786424606623	-59	13	458	1186	235016810 10.2959391	
4.23992289771591	-56.5	10.125	459	1130	235016820 10.3064775	
1.30081570812702	-59	-8.9375	460	1186	235016822 10.3090305	
1.06765062836841	-56	-8.9375	461	1130	235016823 10.3100236	
1.13514578303537	-56.5	-43.125	462	1130	235016825 10.3108325	
1.47875747952176	-59	34.9375	463	1186	235016826 10.3126512	
1.63215555831032	-59.5	-104.125	464	1186	235016829 10.3148481	
1.08605839782303	-56.5	-34.9375	465	1130	235016829 10.3157329	
4.42706855383796	-59	10.9375	466	1186	235016830 10.3168698	
4.0067578179573	-57	15	467	1130	235016832 10.3178381	
0.877437010670587	-56.5	16.25	468	1130	235016832 10.3184001	
1.30695163127857	-59	-4.0625	469	1186	235016833 10.3188541	
1.30081570812702	-59	17.0625	470	1186	235017059 10.5448571	
0.846757394912874	-56.5	34.9375	471	1130	235017059 10.5453984	
0.889708856973672	-56.5	21.9375	472	1130	235017060 10.5464802	
1.26400016921777	-58.5	8.9375	473	1186	235017061 10.5473918	
4.66636955674812	-59	10.125	474	1186	235017062 10.54858	
4.03130151056347	-57	12.1875	475	1130	235017064 10.5500329	
0.871301087519044	-56.5	-8.9375	476	1130	235017066 10.5520911	
1.42967009430942	-59.5	82.1875	477	1186	235017067 10.5528738	
1.2824079386724	-59	13	478	1186	235017068 10.5539062	
0.895844780125214	-56.5	-13	479	1130	235017069 10.5546299	
0.9081166264283	-56.5	-17.0625	480	1130	235017069 10.5549627	
1.36217493964245	-58.5	-68.3125	481	1186	235017070 10.5553954	
1.26400016921777	-59	23.1875	482	1186	235017309 10.7949504	
4.2092432819582	-57	21.125	483	1130	235017316 10.8024583	
4.23992289771591	-57.5	1.625	484	1130	235017323 10.8091082	
4.43013651541373	-59.5	0.1875	485	1186	235017328 10.8149896	
1.26400016921777	-58.5	-4.0625	486	1186	235017332 10.8179138	
1.11673801358075	-56.5	-13	487	1130	235017333 10.8199513	
1.36217493964245	-59	-65.0625	488	1186	235017335 10.8209815	
1.13514578303537	-56.5	-52.0625	489	1130	235017335 10.8214817	
1.02469916630761	-56	52.0625	490	1130	235017335 10.8219528	
1.27627201552085	-58.5	-20.3125	491	1186	235017336 10.8224396	
1.09833024412612	-56.5	-12.1875	492	1130	235017338 10.8235015	
1.31922347758165	-59	-52.0625	493	1186	235017338 10.8242003	
1.23332055346006	-59	52.0625	494	1186	235017559 11.0456465	
0.926524395882927	-57	-17.0625	495	1130	235017569 11.0548174	
0.834485548609789	-57	21.9375	496	1130	235017569 11.055885	
1.24559239976314	-58	43.9375	497	1186	235017570 11.056238	
1.69351478982575	-59.5	-87.0625	498	1186	235017570 11.0565708	
0.859029241215959	-56	8.9375	499	1130	235017570 11.0568834	
0.9081166264283	-56.5	-8.9375	500	1130	235017572 11.0577703	
1.61988371200724	-59	-48	501	1186	235017573 11.0586551	
1.37444678594553	-59.5	-69.125	502	1186	235017573 11.0591963	
0.963339934792183	-56.5	-26	503	1130	235017573 11.059858	
1.24559239976314	-59	61	504	1186	235017574 11.0605089	
0.914252549579842	-56.5	30.0625	505	1130	235017575 11.0615867	
1.28854386182394	-58.5	-61	506	1186	235017809 11.294909	
0.969475857943725	-56	-39	507	1130	235017812 11.2987405	
0.951068088489098	-56.5	-8.9375	508	1130	235017818 11.3048666	
1.25172832291468	-59	56.125	509	1186	235017819 11.305597	
0.914252549579842	-57	8.9375	510	1130	235017820 11.3062282	
1.38058270909708	-59.5	-8.9375	511	1186	235017821 11.3075407	
1.27013609236931	-59.5	56.125	512	1186	235017822 11.3081992	
0.889708856973672	-56.5	35.75	513	1130	235017822 11.3088766	
1.40512640170325	-59.5	-8.9375	514	1186	235017824 11.309633	
0.98174770424681	-57	-39	515	1130	235017824 11.3103459	
1.3989904785517	-59.5	-52.0625	516	1186	235017825 11.3111888	
0.93266031903447	-56	34.9375	517	1130	235017825 11.3119395	
0.938796242186012	-56.5	13	518	1130	235018058 11.5444477	
1.51557301843101	-59	-126.125	519	1186	235018085 11.5716144	
1.30695163127857	-59.5	34.9375	520	1186	235018087 11.5731448	
0.963339934792183	-56.5	-13	521	1130	235018087 11.5740285	
0.895844780125214	-56.5	61	522	1130	235018089 11.5743743	
1.43580601746096	-58.5	-100.0625	523	1186	235018089 11.5748736	
1.47262155637022	-58.5	-78.0625	524	1186	235018089 11.5755267	
0.987883627398353	-56.5	-21.9375	525	1130	235018089 11.5761932	
1.36217493964245	-59.5	10.9375	526	1186	235018091 11.5764929	
0.969475857943725	-57	19.9375	527	1130	235018091 11.5770345	
1.41739824800633	-59	-69.125	528	1186	235018308 11.7945837	
1.00629139685298	-57	-34.9375	529	1130	235018311 11.7979092	
1.21491278400543	-56.5	-13	530	1130	235018313 11.800078	
1.37444678594553	-59.5	-61	531	1186	235018316 11.8025899	
1.15355355249	-57	21.9375	532	1130	235018317 11.8035398	
1.37444678594553	-59	-21.9375	533	1186	235018318 11.80451	
1.03697101261069	-56.5	-52.0625	534	1130	235018319 11.8053989	
1.41126232485479	-59.5	-43.125	535	1186	235018320 11.8062839	
0.994019550549895	-57	-13	536	1130	235018320 11.807042	
1.36217493964245	-60	0	537	1186	235018322 11.807734	
1.25786424606623	-59.5	56.125	538	1186	235018322 11.8082169	
1.16582539879309	-57	4.0625	539	1130	235018323 11.8095385	
1.37444678594553	-60	-52.0625	540	1186	235018559 12.0447318	
1.19036909139926	-57	-8.9375	541	1130	235018561 12.0470817	
1.00015547370144	-57	-26	542	1130	235018563 12.0489975	
1.29467978497548	-59.5	80.5625	543	1186	235018565 12.0510753	
0.969475857943725	-56.5	-16.25	544	1130	235018567 12.0526714	
1.38058270909708	-59	-28.4375	545	1186	235018568 12.0543633	
1.45421378691559	-59.5	-74	546	1186	235018570 12.0557374	
0.963339934792183	-57	-17.0625	547	1130	235018571 12.0571197	
1.33149532388474	-59	13	548	1186	235018573 12.0586934	
0.975611781095268	-56.5	-17.0625	549	1130	235018574 12.0602823	
1.27013609236931	-59.5	74	550	1186	235018575 12.0619195	
1.00015547370144	-57	-34.9375	551	1130	235018577 12.0636914	
0.95720401164064	-57	-4.0625	552	1130	235018809 12.2953457	
1.41739824800633	-59.5	-65.0625	553	1186	235018822 12.3084488	
1.03697101261069	-56	-48	554	1130	235018823 12.3095475	
1.42353417115788	-59.5	-43.125	555	1186	235018823 12.3102103	
1.31308755443011	-59.5	39	556	1186	235018826 12.3119387	
0.951068088489098	-56.5	28.4375	557	1130	235018826 12.3127125	
1.26400016921777	-59.5	74	558	1186	235018827 12.3136134	
1.04924285891378	-57	-39	559	1130	235018827 12.3140765	
0.994019550549895	-56	-17.0625	560	1130	235018829 12.3143912	
1.42967009430942	-60	-56.125	561	1186	235018831 12.3175207	
1.33763124703628	-59.5	13	562	1186	235018832 12.3180514	
1.03697101261069	-57	-56.125	563	1130	235018832 12.3188982	
1.34376717018782	-60	21.125	564	1186	235019058 12.5442662	
0.963339934792183	-57	14.1875	565	1130	235019067 12.5533471	
0.975611781095268	-56.5	-21.9375	566	1130	235019068 12.5540684	
1.36217493964245	-59.5	13	567	1186	235019069 12.5553719	
1.38058270909708	-59.5	4.0625	568	1186	235019069 12.5560804	
0.994019550549895	-56.5	0	569	1130	235019070 12.5565877	
1.29467978497548	-59.5	61	570	1186	235019070 12.5572962	
0.975611781095268	-56.5	4.0625	571	1130	235019070 12.5575561	
1.09219432097458	-57	-74	572	1130	235019072 12.5577589	
1.42967009430942	-59	-43.125	573	1186	235019072 12.5579475	
0.987883627398353	-56.5	17.0625	574	1130	235019308 12.7944904	
1.47875747952176	-59.5	-65.0625	575	1186	235019310 12.7971874	
0.93266031903447	-57	52.0625	576	1130	235019312 12.7977933	
1.37444678594553	-59.5	-13	577	1186	235019312 12.7988677	
1.29467978497548	-59.5	65.0625	578	1186	235019313 12.7994381	
0.98174770424681	-57	-8.9375	579	1130	235019313 12.7999201	
1.04310693576224	-56.5	-21.9375	580	1130	235019315 12.8007298	
1.40512640170325	-59.5	-8.9375	581	1186	235019315 12.8013627	
1.30081570812702	-59.5	-8.9375	582	1186	235019316 12.8019331	
0.987883627398353	-57	-26	583	1130	235019316 12.8026714	
1.01856324315607	-57	-13	584	1130	235019317 12.8036917	
1.47875747952176	-59	-52.0625	585	1186	235019318 12.8043751	
1.41739824800633	-59.5	-61	586	1186	235019558 13.0444177	
0.994019550549895	-57	-21.9375	587	1130	235019569 13.0551066	
1.02469916630761	-57	-43.125	588	1130	235019570 13.0561914	
1.34990309333936	-58.5	34.9375	589	1186	235019570 13.0572924	
0.98174770424681	-56.5	39	590	1130	235019572 13.0579782	
1.33763124703628	-59	30.0625	591	1186	235019572 13.0585498	
0.969475857943725	-56.5	0	592	1130	235019573 13.0592515	
1.34376717018782	-59.5	30.0625	593	1186	235019574 13.0598253	
1.49716524897639	-59.5	-61	594	1186	235019574 13.0604913	
1.05537878206532	-57	-48	595	1130	235019575 13.0610264	
1.33763124703628	-59.5	52.0625	596	1186	235019576 13.0625011	
1.10446616727766	-56.5	-91.125	597	1130	235019576 13.0631626	
0.994019550549895	-56.5	-8.125	598	1130	235019808 13.2945244	
1.37444678594553	-59	52.0625	599	1186	235019810 13.2971731	
1.29467978497548	-59.5	69.125	600	1186	235019812 13.2981879	
1.03083508945915	-56.5	-4.0625	601	1130	235019813 13.29891	
0.987883627398353	-57	-13	602	1130	235019816 13.3020612	
1.3989904785517	-60	-52.0625	603	1186	235019817 13.3036972	
1.00629139685298	-57	-21.9375	604	1130	235019823 13.3097428	
1.3989904785517	-60	0	605	1186	235019823 13.3102363	
0.926524395882927	-56.5	56.125	606	1130	235019825 13.3112502	
1.36831086279399	-59.5	35.75	607	1186	235019825 13.3120053	
0.889708856973672	-56.5	65.0625	608	1130	235019825 13.3123354	
1.34376717018782	-59.5	26	609	1186	235019827 13.3126481	
1.38671863224862	-59.5	-39	610	1186	235020058 13.5444222	
1.06765062836841	-57	-56.125	611	1130	235020060 13.5473153	
1.03083508945915	-57	-56.125	612	1130	235020064 13.5500146	
1.38671863224862	-59.5	-8.9375	613	1186	235020067 13.5534202	
1.38671863224862	-60	-39	614	1186	235020069 13.5557576	
1.00015547370144	-57	-8.9375	615	1130	235020070 13.5566582	
0.98174770424681	-57	-17.0625	616	1130	235020070 13.5572044	
1.38058270909708	-59	0	617	1186	235020073 13.5592017	
1.42967009430942	-59.5	-30.0625	618	1186	235020073 13.5600832	
1.04310693576224	-57	-39	619	1130	235020074 13.5608974	
0.994019550549895	-56.5	13	620	1130	235020076 13.5624072	
1.46648563321867	-59.5	-83.8125	621	1186	235020077 13.5636899	
1.31308755443011	-59	48	622	1186	235020308 13.7944488	
0.969475857943725	-57	-13	623	1130	235020320 13.8056025	
0.98174770424681	-57	-13	624	1130	235020322 13.8084601	
1.35603901649091	-59.5	-39	625	1186	235020323 13.8099663	
1.4419419406125	-59.5	-48	626	1186	235020326 13.8126697	
1.00629139685298	-56.5	-17.0625	627	1130	235020327 13.8136332	
1.03083508945915	-57	-39	628	1130	235020328 13.8148873	
1.42353417115788	-59.5	-39	629	1186	235020328 13.8154237	
1.35603901649091	-59.5	8.9375	630	1186	235020330 13.8159407	
0.871301087519044	-56	78.0625	631	1130	235020330 13.8165096	
0.987883627398353	-56.5	8.9375	632	1130	235020331 13.8170016	
1.43580601746096	-59.5	-52.0625	633	1186	235020331 13.8175524	
1.45421378691559	-59.5	-69.125	634	1186	235020558 14.0448415	
1.01242732000452	-56.5	-13	635	1130	235020572 14.0580934	
1.46034971006713	-59.5	-69.125	636	1186	235020617 14.1029324	
