0.122718463030851	-56.5	920.625	2216	0000	0	920.625	084826014 0.610735439652656	
0.613592315154256	-56	920.625	2215	0000	1	920.625	084826018 0.614650947745524	
0.447922390062607	-55.5	920.625	2215	0000	2	920.625	084826018 0.614970380710478	
3.33794219443916	-56	920.625	2216	0000	3	920.625	084826019 0.615264893373201	
0.604388430426943	-56	920.625	2215	0000	4	920.625	084826019 0.615524668644936	
0.0951068088489097	-56.5	920.625	2216	0000	5	920.625	084826019 0.615760656355451	
0.435650543759522	-55.5	920.625	2215	0000	6	920.625	084826020 0.616659297557093	
3.22749557771139	-56	920.625	2216	0000	7	920.625	084826023 0.619764518247136	
0.5982525072754	-56	920.625	2215	0000	8	920.625	084826026 0.622941101620839	
0.131922347758165	-56.5	920.625	2216	0000	9	920.625	084826035 0.630664884990917	
3.26431111662064	-55.5	920.625	2216	0000	10	920.625	084826232 0.827940793892865	
0.447922390062607	-55.5	920.625	2215	0000	11	920.625	084826236 0.832356973512362	
0.101242732000452	-56	920.625	2216	0000	12	920.625	084826239 0.835027976815057	
0.604388430426943	-55.5	920.625	2215	0000	13	920.625	084826244 0.84013550603128	
0.50314569842649	-55.5	920.625	2215	0000	14	920.625	084826248 0.844259438470075	
3.27658296292373	-56	920.625	2216	0000	15	920.625	084826251 0.847586298817834	
0.125786424606623	-56	920.625	2216	0000	16	920.625	084826257 0.853478817554314	
0.610524353578485	-55.5	920.625	2215	0000	17	920.625	084826260 0.856085254619412	
3.26431111662064	-56	920.625	2216	0000	18	920.625	084826263 0.858695845068216	
0.484737928971863	-55.5	920.625	2215	0000	19	920.625	084826269 0.865411111358636	
0.14419419406125	-56	920.625	2216	0000	20	920.625	084826472 1.06767296860835	
0.601320468851171	-56	920.625	2215	0000	21	920.625	084826478 1.07335404235621	
0.417242774304894	-54	920.625	2215	0000	22	920.625	084826480 1.07592158864661	
3.2581751934691	-55.5	920.625	2216	0000	23	920.625	084826483 1.07908080332482	
0.098174770424681	-56	920.625	2216	0000	24	920.625	084826489 1.08432652694432	
0.638136007760427	-56	920.625	2215	0000	25	920.625	084826491 1.08675474609044	
3.32567034813607	-55.5	920.625	2216	0000	26	920.625	084826494 1.089339283496	
0.497009775274948	-55.5	920.625	2215	0000	27	920.625	084826500 1.09588690411687	
0.613592315154256	-56	920.625	2215	0000	28	920.625	084826503 1.09917298578825	
0.122718463030851	-56	920.625	2216	0000	29	920.625	084826509 1.10506399420339	
3.20295188510522	-55	920.625	2216	0000	30	920.625	084826721 1.31767079752141	
0.490873852123405	-55.5	920.625	2215	0000	31	920.625	084826725 1.32130916164705	
0.113514578303537	-56	920.625	2216	0000	32	920.625	084826727 1.32384272570714	
0.589048622548086	-56	920.625	2215	0000	33	920.625	084826731 1.32710464223697	
0.527689391032661	-55.5	920.625	2215	0000	34	920.625	084826737 1.33298205775997	
3.33794219443916	-55.5	920.625	2216	0000	35	920.625	084826739 1.33549863070491	
0.561436968366145	-56	920.625	2215	0000	36	920.625	084826742 1.33807750440542	
0.101242732000452	-56	920.625	2216	0000	37	920.625	084826748 1.34426906676866	
3.33794219443916	-56	920.625	2216	0000	38	920.625	084826751 1.34712130863303	
0.466330159517235	-55	920.625	2215	0000	39	920.625	084826754 1.35043268818698	
3.2152237314083	-56	920.625	2216	0000	40	920.625	084826972 1.56767693320189	
0.625864161457342	-56	920.625	2215	0000	41	920.625	084826976 1.57234571406672	
3.26431111662064	-55.5	920.625	2216	0000	42	920.625	084826979 1.57525610330296	
0.472466082668777	-55.5	920.625	2215	0000	43	920.625	084826987 1.58273408187377	
0.610524353578485	-56	920.625	2215	0000	44	920.625	084826990 1.58610776218329	
0.113514578303537	-56	920.625	2216	0000	45	920.625	084826993 1.58921298287333	
0.509281621578033	-55.5	920.625	2215	0000	46	920.625	084827001 1.59659505603859	
3.27658296292373	-56	920.625	2216	0000	47	920.625	084827003 1.59944276693891	
0.607456392002714	-56	920.625	2215	0000	48	920.625	084827009 1.6053753091911	
0.122718463030851	-56	920.625	2216	0000	49	920.625	084827012 1.60837594012784	
0.497009775274948	-55.5	920.625	2215	0000	50	920.625	084827222 1.81768608952505	
3.26431111662064	-56	920.625	2216	0000	51	920.625	084827226 1.82219628664842	
0.116582539879309	-56.5	920.625	2216	0000	52	920.625	084827228 1.82402377547865	
0.582912699396544	-56	920.625	2215	0000	53	920.625	084827231 1.82736158565618	
3.20908780825676	-56	920.625	2216	0000	54	920.625	084827236 1.8316867684145	
0.527689391032661	-55.5	920.625	2215	0000	55	920.625	084827237 1.83287463615415	
0.595184545699629	-56	920.625	2215	0000	56	920.625	084827237 1.8334319447313	
0.122718463030851	-56.5	920.625	2216	0000	57	920.625	084827238 1.83439515217054	
0.460194236365692	-55.5	920.625	2215	0000	58	920.625	084827239 1.83494415398028	
3.20908780825676	-56.5	920.625	2216	0000	59	920.625	084827241 1.8368105335852	
0.610524353578485	-56	920.625	2215	0000	60	920.625	084827472 2.06759443189829	
0.098174770424681	-56.5	920.625	2216	0000	61	920.625	084827475 2.0708869324354	
3.23976742401447	-55	920.625	2216	0000	62	920.625	084827477 2.07278804943131	
0.423378697456437	-55	920.625	2215	0000	63	920.625	084827478 2.07375427751324	
0.0582912699396544	-56.5	920.625	2216	0000	64	920.625	084827478 2.07423795792471	
0.62279619988157	-56	920.625	2215	0000	65	920.625	084827481 2.07649626591926	
0.546097160487288	-55	920.625	2215	0000	66	920.625	084827485 2.08057337839629	
3.14772857674134	-56	920.625	2216	0000	67	920.625	084827486 2.0820028975515	
0.0490873852123405	-56.5	920.625	2216	0000	68	920.625	084827488 2.08381226252557	
0.589048622548086	-56	920.625	2215	0000	69	920.625	084827488 2.08431406679321	
0.539961237335746	-54	920.625	2215	0000	70	920.625	084827722 2.31780483854098	
3.20295188510522	-56	920.625	2216	0000	71	920.625	084827727 2.32273452741856	
0.042951462060798	-56.5	920.625	2216	0000	72	920.625	084827728 2.3241406365929	
0.601320468851171	-56	920.625	2215	0000	73	920.625	084827731 2.32730022885144	
0.484737928971863	-55.5	920.625	2215	0000	74	920.625	084827732 2.32788434563251	
3.20908780825676	-56.5	920.625	2216	0000	75	920.625	084827736 2.33150307558063	
0.0306796157577128	-56.5	920.625	2216	0000	76	920.625	084827738 2.33413934149234	
0.589048622548086	-56	920.625	2215	0000	77	920.625	084827740 2.33563946817054	
3.16000042304442	-56	920.625	2216	0000	78	920.625	084827740 2.33617865289153	
0.515417544729575	-55.5	920.625	2215	0000	79	920.625	084827741 2.33724229670036	
0.0306796157577128	-56.5	920.625	2216	0000	80	920.625	084827971 2.5675704555469	
0.610524353578485	-56	920.625	2215	0000	81	920.625	084827973 2.56922387984185	
3.19681596195368	-56	920.625	2216	0000	82	920.625	084827975 2.57145613479316	
0.527689391032661	-55.5	920.625	2215	0000	83	920.625	084827977 2.57378240724833	
0.616660276730028	-56	920.625	2215	0000	84	920.625	084827980 2.5767165840458	
0.0398835004850267	-56.5	920.625	2216	0000	85	920.625	084827981 2.5772580342488	
0.441786466911065	-55.5	920.625	2215	0000	86	920.625	084827981 2.57780212751417	
3.27044703977219	-56.5	920.625	2216	0000	87	920.625	084827986 2.58291532043544	
0.0490873852123405	-56.5	920.625	2216	0000	88	920.625	084827988 2.5847103373567	
0.619728238305799	-56	920.625	2215	0000	89	920.625	084827990 2.58635847552694	
3.20908780825676	-56	920.625	2216	0000	90	920.625	084828221 2.81751995417685	
0.447922390062607	-55.5	920.625	2215	0000	91	920.625	084828224 2.82052964704168	
0.589048622548086	-56	920.625	2215	0000	92	920.625	084828227 2.82299864486417	
0.0245436926061703	-56.5	920.625	2216	0000	93	920.625	084828231 2.82707009363615	
3.2152237314083	-56.5	920.625	2216	0000	94	920.625	084828237 2.83371475240358	
0.47860200582032	-55.5	920.625	2215	0000	95	920.625	084828241 2.83698761876318	
0.595184545699629	-56	920.625	2215	0000	96	920.625	084828242 2.83788021867943	
0.0582912699396544	-56.5	920.625	2216	0000	97	920.625	084828242 2.83838919697347	
0.435650543759522	-55	920.625	2215	0000	98	920.625	084828243 2.83940035711548	
3.24590334716602	-56	920.625	2216	0000	99	920.625	084828249 2.84564666862757	
0.0398835004850267	-56.5	920.625	2216	0000	100	920.625	084828472 3.06740375382819	
0.610524353578485	-56	920.625	2215	0000	101	920.625	084828476 3.07192678868301	
3.18454411565059	-56.5	920.625	2216	0000	102	920.625	084828480 3.07552059832891	
0.45405831321415	-55.5	920.625	2215	0000	103	920.625	084828486 3.08178880950053	
0.042951462060798	-56.5	920.625	2216	0000	104	920.625	084828489 3.08498125124837	
0.5982525072754	-55.5	920.625	2215	0000	105	920.625	084828492 3.08753747012868	
3.22135965455985	-56	920.625	2216	0000	106	920.625	084828498 3.09408584591022	
0.355883542789469	-55	920.625	2215	0000	107	920.625	084828502 3.09752144939498	
0.62279619988157	-56	920.625	2215	0000	108	920.625	084828508 3.10359633943415	
0.0705631162427395	-56.5	920.625	2216	0000	109	920.625	084828511 3.10675555411236	
0.466330159517235	-55.5	920.625	2215	0000	110	920.625	084828722 3.31746388349683	
3.25203927031756	-56.5	920.625	2216	0000	111	920.625	084828725 3.32038597772352	
0.0552233083638831	-56.5	920.625	2216	0000	112	920.625	084828727 3.32316459142221	
0.62279619988157	-56	920.625	2215	0000	113	920.625	084828734 3.32975789926383	
0.484737928971863	-55.5	920.625	2215	0000	114	920.625	084828736 3.33198298018874	
3.23363150086293	-56	920.625	2216	0000	115	920.625	084828738 3.33433417294614	
0.0582912699396544	-56.5	920.625	2216	0000	116	920.625	084828739 3.33488883846094	
0.638136007760427	-56	920.625	2215	0000	117	920.625	084828740 3.33589169183554	
3.24590334716602	-56	920.625	2216	0000	118	920.625	084828741 3.33671594971083	
0.613592315154256	-55.5	920.625	2215	0000	119	920.625	084828742 3.33769501552422	
0.042951462060798	-56.5	920.625	2216	0000	120	920.625	084828972 3.56736769490603	
0.62279619988157	-56	920.625	2215	0000	121	920.625	084828975 3.57111442458833	
0.447922390062607	-55.5	920.625	2215	0000	122	920.625	084828977 3.57311106940946	
3.18454411565059	-56	920.625	2216	0000	123	920.625	084828980 3.57598785399573	
0.0552233083638831	-56.5	920.625	2216	0000	124	920.625	084828981 3.57651344582458	
0.607456392002714	-56	920.625	2215	0000	125	920.625	084828981 3.57699637107538	
3.17840819249905	-56.5	920.625	2216	0000	126	920.625	084828985 3.58061661134485	
0.497009775274948	-55.5	920.625	2215	0000	127	920.625	084828986 3.58201214826976	
0.582912699396544	-56.5	920.625	2215	0000	128	920.625	084829221 3.81734588964157	
0.0613592315154256	-56.5	920.625	2216	0000	129	920.625	084829223 3.81978732409948	
0.423378697456437	-55.5	920.625	2215	0000	130	920.625	084829225 3.8209472508942	
3.23363150086293	-56	920.625	2216	0000	131	920.625	084829229 3.82499000356058	
0.042951462060798	-56.5	920.625	2216	0000	132	920.625	084829233 3.82969692003943	
0.665747661942368	-56	920.625	2215	0000	133	920.625	084829236 3.83240719169716	
0.533825314184203	-55	920.625	2215	0000	134	920.625	084829237 3.83382085247823	
3.2581751934691	-56	920.625	2216	0000	135	920.625	084829240 3.83642426890063	
0.0276116541819415	-56.5	920.625	2216	0000	136	920.625	084829242 3.8382521353112	
0.610524353578485	-56	920.625	2215	0000	137	920.625	084829247 3.84334795953698	
0.466330159517235	-55.5	920.625	2215	0000	138	920.625	084829471 4.06733541178723	
3.14772857674134	-56	920.625	2216	0000	139	920.625	084829475 4.0709084545146	
0.552233083638831	-55.5	920.625	2215	0000	140	920.625	084829476 4.07227567291424	
3.16613634619596	-56	920.625	2216	0000	141	920.625	084829478 4.07371802980091	
0.564504929941916	-56.5	920.625	2215	0000	142	920.625	084829479 4.07509242222695	
0.0674951546669682	-56.5	920.625	2216	0000	143	920.625	084829481 4.07712946814411	
0.595184545699629	-55	920.625	2215	0000	144	920.625	084829486 4.08264818234714	
3.11091303783208	-56	920.625	2216	0000	145	920.625	084829488 4.08426573651009	
0.490873852123405	-55.5	920.625	2215	0000	146	920.625	084829490 4.08622764394023	
3.14159265358979	-56	920.625	2216	0000	147	920.625	084829495 4.0913151613986	
3.11091303783208	-56	920.625	2216	0000	148	920.625	084829721 4.31725281608855	
0.466330159517235	-55.5	920.625	2215	0000	149	920.625	084829725 4.321123014541	
0.552233083638831	-55.5	920.625	2215	0000	150	920.625	084829727 4.32293653289876	
3.17840819249905	-56	920.625	2216	0000	151	920.625	084829730 4.32621128716004	
3.20295188510522	-56	920.625	2216	0000	152	920.625	084829734 4.3299810492429	
0.570640853093458	-55.5	920.625	2215	0000	153	920.625	084829736 4.33178286261022	
3.2152237314083	-56	920.625	2216	0000	154	920.625	084829737 4.33276645938765	
0.662679700366597	-55.5	920.625	2215	0000	155	920.625	084829738 4.3336775607404	
3.23976742401447	-56.5	920.625	2216	0000	156	920.625	084829971 4.56730086318641	
0.533825314184203	-55.5	920.625	2215	0000	157	920.625	084829974 4.57067907445998	
3.07409749892282	-56	920.625	2216	0000	158	920.625	084829976 4.5719907885501	
0.546097160487288	-55.5	920.625	2215	0000	159	920.625	084829979 4.57532444534392	
0.533825314184203	-55.5	920.625	2215	0000	160	920.625	084829983 4.5796265957017	
3.13545673043825	-56	920.625	2216	0000	161	920.625	084829985 4.58145974823698	
3.17840819249905	-56.5	920.625	2216	0000	162	920.625	084829986 4.58234857234987	
0.533825314184203	-55.5	920.625	2215	0000	163	920.625	084829987 4.58329025770991	
3.17227226934751	-56.5	920.625	2216	0000	164	920.625	084829989 4.5852906783344	
0.515417544729575	-55.5	920.625	2215	0000	165	920.625	084829990 4.58623764981916	
0.601320468851171	-55.5	920.625	2215	0000	166	920.625	084829991 4.58720765370446	
3.18454411565059	-55.5	920.625	2216	0000	167	920.625	084829991 4.58776798292431	
3.19681596195368	-56	920.625	2216	0000	168	920.625	084830221 4.81715785463384	
0.521553467881118	-55.5	920.625	2215	0000	169	920.625	084830226 4.82216683538215	
0.582912699396544	-55.5	920.625	2215	0000	170	920.625	084830229 4.82548765444452	
3.20908780825676	-56.5	920.625	2216	0000	171	920.625	084830230 4.82599852064024	
0.558369006790373	-55.5	920.625	2215	0000	172	920.625	084830230 4.82652071424607	
3.12932080728671	-56	920.625	2216	0000	173	920.625	084830231 4.82709199329568	
0.521553467881118	-55.5	920.625	2215	0000	174	920.625	084830235 4.83165165344317	
3.20295188510522	-56.5	920.625	2216	0000	175	920.625	084830237 4.83296450027431	
3.10477711468054	-56.5	920.625	2216	0000	176	920.625	084830471 5.06717796078677	
0.509281621578033	-55.5	920.625	2215	0000	177	920.625	084830474 5.07032735837622	
3.16613634619596	-56.5	920.625	2216	0000	178	920.625	084830475 5.07181880070668	
0.515417544729575	-55	920.625	2215	0000	179	920.625	084830477 5.07394797622603	
3.17227226934751	-56	920.625	2216	0000	180	920.625	084830480 5.07621383582732	
0.521553467881118	-55.5	920.625	2215	0000	181	920.625	084830484 5.08004099012137	
3.19681596195368	-56	920.625	2216	0000	182	920.625	084830485 5.08152525842542	
0.509281621578033	-55.5	920.625	2215	0000	183	920.625	084830486 5.08286453588014	
3.17227226934751	-56	920.625	2216	0000	184	920.625	084830487 5.08379602657108	
0.595184545699629	-55	920.625	2215	0000	185	920.625	084830488 5.08471128130755	
0.527689391032661	-55.5	920.625	2215	0000	186	920.625	084830489 5.08523347491337	
3.11091303783208	-56	920.625	2216	0000	187	920.625	084830490 5.0866097552411	
3.13545673043825	-56.5	920.625	2216	0000	188	920.625	084830731 5.32713145044088	
0.558369006790373	-55	920.625	2215	0000	189	920.625	084830734 5.33006373933666	
3.14159265358979	-56	920.625	2216	0000	190	920.625	084830737 5.33225559319192	
0.589048622548086	-55.5	920.625	2215	0000	191	920.625	084830738 5.33389920039812	
3.13545673043825	-55.5	920.625	2216	0000	192	920.625	084830740 5.33591359149508	
0.564504929941916	-55.5	920.625	2215	0000	193	920.625	084830742 5.33758098626249	
3.20908780825676	-56.5	920.625	2216	0000	194	920.625	084830747 5.34266737097986	
0.607456392002714	-55.5	920.625	2215	0000	195	920.625	084830749 5.34470705995938	
3.12932080728671	-56	920.625	2216	0000	196	920.625	084830750 5.34602141711187	
0.533825314184203	-55.5	920.625	2215	0000	197	920.625	084830752 5.34758611002767	
0.552233083638831	-55.5	920.625	2215	0000	198	920.625	084830971 5.56714869831067	
3.26431111662064	-56.5	920.625	2216	0000	199	920.625	084830974 5.57012025556148	
3.26431111662064	-56	920.625	2216	0000	200	920.625	084830975 5.57145424689148	
0.50314569842649	-55.5	920.625	2215	0000	201	920.625	084830979 5.57517114772717	
3.27658296292373	-56	920.625	2216	0000	202	920.625	084830985 5.58074763172173	
0.582912699396544	-55.5	920.625	2215	0000	203	920.625	084830987 5.58308258852465	
3.24590334716602	-56	920.625	2216	0000	204	920.625	084830988 5.58422174840085	
0.539961237335746	-55.5	920.625	2215	0000	205	920.625	084830989 5.58522988790017	
0.466330159517235	-55.5	920.625	2215	0000	206	920.625	084830991 5.58722842062298	
3.20295188510522	-56	920.625	2216	0000	207	920.625	084830999 5.59484572633808	
0.570640853093458	-55.5	920.625	2215	0000	208	920.625	084831221 5.81732398998204	
3.14159265358979	-56	920.625	2216	0000	209	920.625	084831225 5.82061346987645	
0.582912699396544	-55.5	920.625	2215	0000	210	920.625	084831226 5.82247758399935	
3.20908780825676	-56.5	920.625	2216	0000	211	920.625	084831229 5.82531736571261	
0.515417544729575	-55.5	920.625	2215	0000	212	920.625	084831230 5.82641725723378	
3.17227226934751	-56	920.625	2216	0000	213	920.625	084831235 5.83115777836261	
0.644271930911969	-55.5	920.625	2215	0000	214	920.625	084831236 5.83178758236443	
3.22749557771139	-56.5	920.625	2216	0000	215	920.625	084831236 5.83232072580003	
0.632000084608884	-55.5	920.625	2215	0000	216	920.625	084831237 5.83286142084236	
3.2581751934691	-56.5	920.625	2216	0000	217	920.625	084831237 5.83341608635715	
0.607456392002714	-55	920.625	2215	0000	218	920.625	084831471 6.06709225005031	
3.23363150086293	-56	920.625	2216	0000	219	920.625	084831474 6.07003058023148	
3.2581751934691	-56	920.625	2216	0000	220	920.625	084831475 6.07110177564705	
0.552233083638831	-55.5	920.625	2215	0000	221	920.625	084831477 6.07325171808493	
0.539961237335746	-55.5	920.625	2215	0000	222	920.625	084831479 6.0750293663107	
3.16000042304442	-56	920.625	2216	0000	223	920.625	084831480 6.07636939892609	
0.527689391032661	-55.5	920.625	2215	0000	224	920.625	084831485 6.08076254614504	
3.23976742401447	-56	920.625	2216	0000	225	920.625	084831485 6.08130097570535	
0.558369006790373	-56	920.625	2215	0000	226	920.625	084831486 6.08178352337581	
3.25203927031756	-56	920.625	2216	0000	227	920.625	084831486 6.08224907993111	
0.570640853093458	-55.5	920.625	2215	0000	228	920.625	084831731 6.32702648310724	
3.2152237314083	-56	920.625	2216	0000	229	920.625	084831734 6.32998180440357	
0.564504929941916	-55.5	920.625	2215	0000	230	920.625	084831734 6.33075848715642	
3.17227226934751	-56	920.625	2216	0000	231	920.625	084831736 6.332732099577	
3.18454411565059	-56	920.625	2216	0000	232	920.625	084831737 6.333561643577	
0.552233083638831	-55.5	920.625	2215	0000	233	920.625	084831738 6.33481445513458	
0.625864161457342	-55.5	920.625	2215	0000	234	920.625	084831740 6.33653320082781	
3.09250526837745	-56	920.625	2216	0000	235	920.625	084831746 6.3422320208515	
3.23363150086293	-56	920.625	2216	0000	236	920.625	084831748 6.34427510805405	
0.570640853093458	-55.5	920.625	2215	0000	237	920.625	084831750 6.34606861465397	
3.22749557771139	-55	920.625	2216	0000	238	920.625	084831971 6.5670074832647	
0.50314569842649	-55.5	920.625	2215	0000	239	920.625	084831975 6.57097434228337	
3.22749557771139	-56	920.625	2216	0000	240	920.625	084831979 6.57469917230614	
0.601320468851171	-55.5	920.625	2215	0000	241	920.625	084831981 6.57652250775267	
0.582912699396544	-56.5	920.625	2215	0000	242	920.625	084831984 6.57942761086419	
0.0859029241215959	-56.5	920.625	2216	0000	243	920.625	084831985 6.58093453398846	
0.50314569842649	-55.5	920.625	2215	0000	244	920.625	084831986 6.58189736384736	
3.20295188510522	-56	920.625	2216	0000	245	920.625	084831988 6.58388872254377	
0.576776776245001	-55.5	920.625	2215	0000	246	920.625	084831989 6.58440940582825	
3.19681596195368	-55.5	920.625	2216	0000	247	920.625	084831996 6.5918231957418	
3.2152237314083	-56.5	920.625	2216	0000	248	920.625	084832221 6.81690714129018	
0.582912699396544	-55.5	920.625	2215	0000	249	920.625	084832223 6.81949432175811	
3.23363150086293	-56	920.625	2216	0000	250	920.625	084832225 6.8213184123653	
0.527689391032661	-55.5	920.625	2215	0000	251	920.625	084832226 6.82259048052006	
3.09250526837745	-56	920.625	2216	0000	252	920.625	084832229 6.8249163753949	
0.527689391032661	-54.5	920.625	2215	0000	253	920.625	084832233 6.8292638353931	
3.2581751934691	-56	920.625	2216	0000	254	920.625	084832235 6.83153384837809	
0.490873852123405	-55.5	920.625	2215	0000	255	920.625	084832236 6.8324876163089	
3.18454411565059	-55.5	920.625	2216	0000	256	920.625	084832237 6.8329992376653	
0.601320468851171	-55.5	920.625	2215	0000	257	920.625	084832237 6.83350934870035	
0.509281621578033	-55.5	920.625	2215	0000	258	920.625	084832471 7.0669721795032	
3.14772857674134	-56	920.625	2216	0000	259	920.625	084832474 7.07060487992379	
3.0556897294682	-56	920.625	2216	0000	260	920.625	084832476 7.0724342566557	
0.539961237335746	-55.5	920.625	2215	0000	261	920.625	084832479 7.07495536056468	
0.521553467881118	-55	920.625	2215	0000	262	920.625	084832480 7.07598691004488	
3.16000042304442	-56	920.625	2216	0000	263	920.625	084832483 7.07928847251007	
3.22135965455985	-56	920.625	2216	0000	264	920.625	084832484 7.0797664892165	
0.539961237335746	-55.5	920.625	2215	0000	265	920.625	084832485 7.08114956599028	
0.539961237335746	-55	920.625	2215	0000	266	920.625	084832486 7.08215544000758	
3.19068003880213	-56	920.625	2216	0000	267	920.625	084832487 7.08311147342042	
0.50314569842649	-55.5	920.625	2215	0000	268	920.625	084832720 7.31686919446633	
3.16613634619596	-56	920.625	2216	0000	269	920.625	084832724 7.32041391866844	
0.509281621578033	-55.5	920.625	2215	0000	270	920.625	084832726 7.32199107173536	
3.12318488413517	-56	920.625	2216	0000	271	920.625	084832726 7.32272546549048	
0.539961237335746	-55.5	920.625	2215	0000	272	920.625	084832729 7.32515255189559	
3.098641191529	-56	920.625	2216	0000	273	920.625	084832730 7.32649711547502	
0.546097160487288	-55.5	920.625	2215	0000	274	920.625	084832734 7.33015284829615	
3.20295188510522	-56	920.625	2216	0000	275	920.625	084832735 7.3316001137272	
2.98819457480123	-55	920.625	2216	0000	276	920.625	084832736 7.33259390517372	
0.552233083638831	-55.5	920.625	2215	0000	277	920.625	084832737 7.33312327280595	
0.527689391032661	-55.5	920.625	2215	0000	278	920.625	084832971 7.56686664579906	
3.18454411565059	-56	920.625	2216	0000	279	920.625	084832974 7.56997828535483	
0.527689391032661	-55.5	920.625	2215	0000	280	920.625	084832976 7.57158337936667	
3.14159265358979	-56	920.625	2216	0000	281	920.625	084832978 7.57413468970259	
3.22749557771139	-56	920.625	2216	0000	282	920.625	084832980 7.57564123524652	
0.490873852123405	-55.5	920.625	2215	0000	283	920.625	084832983 7.57905305117007	
0.521553467881118	-55.5	920.625	2215	0000	284	920.625	084832985 7.58046180340676	
3.19681596195368	-54.5	920.625	2216	0000	285	920.625	084832985 7.58095001478227	
0.582912699396544	-55.5	920.625	2215	0000	286	920.625	084832986 7.58145861549597	
3.17227226934751	-55.5	920.625	2216	0000	287	920.625	084832987 7.58233422429707	
3.17840819249905	-56	920.625	2216	0000	288	920.625	084833221 7.81687164873852	
0.515417544729575	-55.5	920.625	2215	0000	289	920.625	084833225 7.82092535123467	
3.15386449989288	-56	920.625	2216	0000	290	920.625	084833228 7.82402906160337	
0.521553467881118	-55.5	920.625	2215	0000	291	920.625	084833231 7.82698627080137	
0.515417544729575	-55.5	920.625	2215	0000	292	920.625	084833238 7.83450011950418	
3.23363150086293	-56	920.625	2216	0000	293	920.625	084833241 7.83704387823336	
3.17840819249905	-56	920.625	2216	0000	294	920.625	084833247 7.84346803008409	
0.570640853093458	-55.5	920.625	2215	0000	295	920.625	084833252 7.84808961340682	
3.28885480922681	-56	920.625	2216	0000	296	920.625	084833257 7.85337687086337	
0.47860200582032	-55.5	920.625	2215	0000	297	920.625	084833261 7.85703373642552	
3.16613634619596	-56	920.625	2216	0000	298	920.625	084833264 7.85979913481242	
0.589048622548086	-55.5	920.625	2215	0000	299	920.625	084833272 7.86812817946242	
0.521553467881118	-55.5	920.625	2215	0000	300	920.625	084833470 8.06677168434435	
3.19068003880213	-56	920.625	2216	0000	301	920.625	084833473 8.06966092908173	
0.509281621578033	-55.5	920.625	2215	0000	302	920.625	084833475 8.07155147382821	
3.2152237314083	-56	920.625	2216	0000	303	920.625	084833477 8.0733857591045	
0.582912699396544	-55.5	920.625	2215	0000	304	920.625	084833478 8.07477223410132	
3.14159265358979	-56	920.625	2216	0000	305	920.625	084833480 8.07647776448276	
0.576776776245001	-56.5	920.625	2215	0000	306	920.625	084833485 8.08158718160066	
0.098174770424681	-56.5	920.625	2216	0000	307	920.625	084833487 8.08362007413412	
3.17227226934751	-56	920.625	2216	0000	308	920.625	084833721 8.31673817408946	
0.558369006790373	-55.5	920.625	2215	0000	309	920.625	084833724 8.31965158396839	
3.18454411565059	-56	920.625	2216	0000	310	920.625	084833725 8.32087834248273	
0.552233083638831	-55	920.625	2215	0000	311	920.625	084833726 8.32207678247181	
3.22749557771139	-56	920.625	2216	0000	312	920.625	084833728 8.3231173938801	
0.595184545699629	-55.5	920.625	2215	0000	313	920.625	084833728 8.32407758067665	
3.23976742401447	-56	920.625	2216	0000	314	920.625	084833730 8.32552673400938	
0.539961237335746	-55.5	920.625	2215	0000	315	920.625	084833731 8.32656583509632	
3.16000042304442	-56	920.625	2216	0000	316	920.625	084833736 8.33191577088878	
0.607456392002714	-55.5	920.625	2215	0000	317	920.625	084833737 8.33289068331846	
0.527689391032661	-55.5	920.625	2215	0000	318	920.625	084833970 8.56668956062109	
3.16613634619596	-56	920.625	2216	0000	319	920.625	084833973 8.56916724279133	
3.14159265358979	-56	920.625	2216	0000	320	920.625	084833974 8.57036870342311	
0.497009775274948	-55.5	920.625	2215	0000	321	920.625	084833976 8.57270063958333	
3.20295188510522	-56	920.625	2216	0000	322	920.625	084833977 8.57356680887601	
0.546097160487288	-55.5	920.625	2215	0000	323	920.625	084833978 8.57402858962794	
0.539961237335746	-55.5	920.625	2215	0000	324	920.625	084833979 8.57530745422877	
3.16000042304442	-56	920.625	2216	0000	325	920.625	084833980 8.57614530499618	
0.515417544729575	-55.5	920.625	2215	0000	326	920.625	084833981 8.57719309043087	
2.87161203492192	-56	920.625	2216	0000	327	920.625	084833987 8.58297497812866	
0.570640853093458	-55.5	920.625	2215	0000	328	920.625	084834221 8.81695320609128	
3.16613634619596	-56	920.625	2216	0000	329	920.625	084834224 8.81962798519734	
0.490873852123405	-55.5	920.625	2215	0000	330	920.625	084834227 8.82266297594473	
3.15386449989288	-56	920.625	2216	0000	331	920.625	084834230 8.82537664582549	
3.20295188510522	-56	920.625	2216	0000	332	920.625	084834235 8.83017267126383	
0.527689391032661	-55.5	920.625	2215	0000	333	920.625	084834237 8.83309476549052	
0.539961237335746	-55.5	920.625	2215	0000	334	920.625	084834239 8.83481162328206	
3.2152237314083	-56.5	920.625	2216	0000	335	920.625	084834240 8.83574991041907	
0.644271930911969	-55	920.625	2215	0000	336	920.625	084834241 8.8370986273822	
3.14159265358979	-56	920.625	2216	0000	337	920.625	084834241 8.83761100389927	
0.546097160487288	-55.5	920.625	2215	0000	338	920.625	084834471 9.06667464619779	
3.17840819249905	-55.5	920.625	2216	0000	339	920.625	084834474 9.06999773074218	
0.699495239275852	-55	920.625	2215	0000	340	920.625	084834476 9.07177311348592	
3.19068003880213	-56	920.625	2216	0000	341	920.625	084834477 9.07310219627155	
0.558369006790373	-55.5	920.625	2215	0000	342	920.625	084834478 9.07366063758971	
3.2152237314083	-55.5	920.625	2216	0000	343	920.625	084834478 9.07414356284051	
3.14772857674134	-56	920.625	2216	0000	344	920.625	084834479 9.07508751368257	
0.539961237335746	-55.5	920.625	2215	0000	345	920.625	084834480 9.07552739477497	
3.31339850183298	-56	920.625	2216	0000	346	920.625	084834480 9.07603750581002	
0.521553467881118	-55.5	920.625	2215	0000	347	920.625	084834486 9.08172952938764	
3.17840819249905	-56	920.625	2216	0000	348	920.625	084834720 9.3166063985519	
0.546097160487288	-55.5	920.625	2215	0000	349	920.625	084834724 9.32063178252279	
0.533825314184203	-55.5	920.625	2215	0000	350	920.625	084834727 9.32329712212043	
3.09250526837745	-56.5	920.625	2216	0000	351	920.625	084834729 9.32576234413956	
3.15386449989288	-56	920.625	2216	0000	352	920.625	084834736 9.33225408287058	
0.570640853093458	-55.5	920.625	2215	0000	353	920.625	084834738 9.33470646715825	
3.19068003880213	-56	920.625	2216	0000	354	920.625	084834741 9.33734839677501	
0.576776776245001	-55.5	920.625	2215	0000	355	920.625	084834746 9.34269908772815	
3.11091303783208	-56.5	920.625	2216	0000	356	920.625	084834750 9.34627552867855	
0.472466082668777	-55.5	920.625	2215	0000	357	920.625	084834753 9.34920743999399	
0.527689391032661	-55.5	920.625	2215	0000	358	920.625	084834758 9.35483338701267	
3.17840819249905	-55	920.625	2216	0000	359	920.625	084834761 9.35769280290344	
0.539961237335746	-55.5	920.625	2215	0000	360	920.625	084834970 9.56657062281499	
3.22135965455985	-56	920.625	2216	0000	361	920.625	084834973 9.56914194490876	
0.466330159517235	-55.5	920.625	2215	0000	362	920.625	084834975 9.57105816511815	
3.19068003880213	-56.5	920.625	2216	0000	363	920.625	084834977 9.57306236154601	
0.570640853093458	-55.5	920.625	2215	0000	364	920.625	084834977 9.57352451987828	
3.20908780825676	-56	920.625	2216	0000	365	920.625	084834978 9.57430158021147	
3.13545673043825	-56	920.625	2216	0000	366	920.625	084834979 9.57515075838899	
0.527689391032661	-55.5	920.625	2215	0000	367	920.625	084834980 9.57618910431525	
0.521553467881118	-55.5	920.625	2215	0000	368	920.625	084834985 9.58187131080412	
3.20908780825676	-56	920.625	2216	0000	369	920.625	084834986 9.58268084304627	
0.552233083638831	-55.5	920.625	2215	0000	370	920.625	084835220 9.81654277626515	
3.17840819249905	-56	920.625	2216	0000	371	920.625	084835223 9.81955548977267	
3.18454411565059	-56	920.625	2216	0000	372	920.625	084835224 9.82064934000845	
0.527689391032661	-55.5	920.625	2215	0000	373	920.625	084835226 9.82224763757423	
0.527689391032661	-55.5	920.625	2215	0000	374	920.625	084835227 9.82313759442812	
3.16000042304442	-56	920.625	2216	0000	375	920.625	084835228 9.82446176866937	
0.515417544729575	-55.5	920.625	2215	0000	376	920.625	084835233 9.82978640657926	
3.20908780825676	-55.5	920.625	2216	0000	377	920.625	084835235 9.83115513530025	
3.14159265358979	-56	920.625	2216	0000	378	920.625	084835236 9.83290635290244	
0.497009775274948	-55.5	920.625	2215	0000	379	920.625	084835237 9.83386238631528	
3.17227226934751	-56	920.625	2216	0000	380	920.625	084835471 10.0664375257463	
0.515417544729575	-55.5	920.625	2215	0000	381	920.625	084835474 10.0698844566411	
3.16613634619596	-56	920.625	2216	0000	382	920.625	084835476 10.0720381748824	
0.490873852123405	-55.5	920.625	2215	0000	383	920.625	084835479 10.0743606715342	
0.515417544729575	-55.5	920.625	2215	0000	384	920.625	084835481 10.0766997817208	
3.16613634619596	-56	920.625	2216	0000	385	920.625	084835487 10.0827750493403	
3.18454411565059	-56	920.625	2216	0000	386	920.625	084835489 10.0850295815315	
0.47860200582032	-55.5	920.625	2215	0000	387	920.625	084835492 10.0873279130417	
3.22135965455985	-56.5	920.625	2216	0000	388	920.625	084835496 10.0919453429808	
0.576776776245001	-55.5	920.625	2215	0000	389	920.625	084835500 10.0956282615861	
3.19068003880213	-56	920.625	2216	0000	390	920.625	084835721 10.3164614077026	
0.570640853093458	-55.5	920.625	2215	0000	391	920.625	084835724 10.3194948881286	
0.472466082668777	-55.5	920.625	2215	0000	392	920.625	084835726 10.3219072489006	
3.22749557771139	-56	920.625	2216	0000	393	920.625	084835729 10.3241972736434	
3.20295188510522	-56	920.625	2216	0000	394	920.625	084835730 10.3251185696653	
0.539961237335746	-55.5	920.625	2215	0000	395	920.625	084835730 10.3257291170699	
0.589048622548086	-55.5	920.625	2215	0000	396	920.625	084835734 10.3298213327604	
3.16613634619596	-56	920.625	2216	0000	397	920.625	084835736 10.3312821910836	
3.13545673043825	-56	920.625	2216	0000	398	920.625	084835737 10.3325610556844	
0.466330159517235	-55.5	920.625	2215	0000	399	920.625	084835738 10.3334982100804	
0.589048622548086	-55.5	920.625	2215	0000	400	920.625	084835970 10.5665676021723	
3.11091303783208	-56.5	920.625	2216	0000	401	920.625	084835973 10.5695285871737	
3.22749557771139	-56	920.625	2216	0000	402	920.625	084835975 10.5713749550207	
0.527689391032661	-55.5	920.625	2215	0000	403	920.625	084835976 10.5727097015114	
0.521553467881118	-55.5	920.625	2215	0000	404	920.625	084835978 10.5739651561314	
3.16613634619596	-56	920.625	2216	0000	405	920.625	084835979 10.5753961856079	
3.19068003880213	-56	920.625	2216	0000	406	920.625	084835983 10.5794193040968	
0.50314569842649	-55.5	920.625	2215	0000	407	920.625	084835984 10.5799433856043	
0.509281621578033	-55	920.625	2215	0000	408	920.625	084835986 10.5823987905347	
3.18454411565059	-56	920.625	2216	0000	409	920.625	084835987 10.5836410298428	
3.15386449989288	-56	920.625	2216	0000	410	920.625	084836230 10.8263549564782	
0.601320468851171	-55.5	920.625	2215	0000	411	920.625	084836233 10.8291486733904	
0.539961237335746	-55.5	920.625	2215	0000	412	920.625	084836235 10.8310520558683	
3.17227226934751	-56	920.625	2216	0000	413	920.625	084836236 10.8320163960485	
0.50314569842649	-55.5	920.625	2215	0000	414	920.625	084836237 10.8328629311637	
3.22135965455985	-56	920.625	2216	0000	415	920.625	084836239 10.8349301835078	
3.17227226934751	-56	920.625	2216	0000	416	920.625	084836240 10.8363140154423	
0.558369006790373	-55	920.625	2215	0000	417	920.625	084836244 10.8405727440613	
0.497009775274948	-55.5	920.625	2215	0000	418	920.625	084836245 10.8411730967969	
3.12318488413517	-56.5	920.625	2216	0000	419	920.625	084836245 10.8416983110454	
0.539961237335746	-55.5	920.625	2215	0000	420	920.625	084836246 10.8427978249862	
3.22135965455985	-56	920.625	2216	0000	421	920.625	084836248 10.8445524408115	
3.17227226934751	-56	920.625	2216	0000	422	920.625	084836276 10.8721626253614	
0.582912699396544	-55.5	920.625	2215	0000	423	920.625	084836278 10.8747664193641	
