0.0674951546669682	-60	920.625	2215	0000	0	920.625	031636501 0.693703347519048	
1.1106020904292	-67.5	920.625	2216	0000	1	920.625	031636503 0.69532392477229	
0.162601963515878	-61	920.625	2215	0000	2	920.625	031636504 0.695613906908938	
1.15968947564154	-67.5	920.625	2216	0000	3	920.625	031636504 0.695830638349609	
0.0552233083638831	-61	920.625	2215	0000	4	920.625	031636504 0.696054543827515	
1.15355355249	-67.5	920.625	2216	0000	5	920.625	031636504 0.69624484460469	
0.14419419406125	-61.5	920.625	2215	0000	6	920.625	031636712 0.903940774169237	
1.16582539879309	-67.5	920.625	2216	0000	7	920.625	031636716 0.907810600886031	
0.0674951546669682	-60.5	920.625	2215	0000	8	920.625	031636719 0.910266009524856	
1.20877686085389	-68	920.625	2216	0000	9	920.625	031636721 0.912746716084456	
0.0552233083638831	-61	920.625	2215	0000	10	920.625	031636730 0.921914380508669	
1.19036909139926	-68	920.625	2216	0000	11	920.625	031636733 0.924589918816329	
0.0184077694546277	-60.5	920.625	2215	0000	12	920.625	031636738 0.929735968999097	
1.2394564766116	-66.5	920.625	2216	0000	13	920.625	031636741 0.932570091287736	
0.0552233083638831	-61	920.625	2215	0000	14	920.625	031636962 1.15394011340265	
1.09219432097458	-67.5	920.625	2216	0000	15	920.625	031636967 1.15783901384929	
0.177941771394734	-60.5	920.625	2215	0000	16	920.625	031636970 1.16098237490084	
1.20264093770234	-66.5	920.625	2216	0000	17	920.625	031636973 1.16402416668838	
0.113514578303537	-61	920.625	2215	0000	18	920.625	031636980 1.17095051084809	
1.22718463030851	-68	920.625	2216	0000	19	920.625	031636983 1.17381068621932	
6.26477753772496	-61	920.625	2215	0000	20	920.625	031636988 1.18115727792862	
1.23332055346006	-68	920.625	2216	0000	21	920.625	031637020 1.21156575628134	
0.113514578303537	-61.5	920.625	2215	0000	22	920.625	031637212 1.40394587151148	
1.25172832291468	-68	920.625	2216	0000	23	920.625	031637216 1.40814041780838	
0.110446616727766	-60.5	920.625	2215	0000	24	920.625	031637219 1.41038589146286	
1.28854386182394	-68	920.625	2216	0000	25	920.625	031637221 1.41291983693036	
0.113514578303537	-61.5	920.625	2215	0000	26	920.625	031637225 1.41669262535403	
0.153398078788564	-61	920.625	2215	0000	27	920.625	031637229 1.42106652258179	
0.104310693576224	-61.5	920.625	2215	0000	28	920.625	031637232 1.42408339402946	
0.0245436926061703	-61	920.625	2215	0000	29	920.625	031637463 1.65497147565037	
0.0951068088489097	-61.5	920.625	2215	0000	30	920.625	031637466 1.65815599302079	
0.177941771394734	-61	920.625	2215	0000	31	920.625	031637468 1.66007976774243	
0.0644271930911969	-61.5	920.625	2215	0000	32	920.625	031637469 1.66107469343262	
0.0306796157577128	-59.5	920.625	2215	0000	33	920.625	031637470 1.66200543036861	
0.0797670009700533	-61.5	920.625	2215	0000	34	920.625	031637712 1.90378407809279	
6.25864161457342	-61	920.625	2215	0000	35	920.625	031637716 1.90713699654778	
0.116582539879309	-60.5	920.625	2215	0000	36	920.625	031637718 1.90887462388222	
6.27704938402804	-61	920.625	2215	0000	37	920.625	031637719 1.91066549012456	
0.0644271930911969	-61	920.625	2215	0000	38	920.625	031637721 1.91260663356792	
6.26477753772496	-61	920.625	2215	0000	39	920.625	031637723 1.91418567692139	
0.0705631162427395	-61	920.625	2215	0000	40	920.625	031637962 2.15379776540068	
0.0184077694546277	-61.5	920.625	2215	0000	41	920.625	031637965 2.15686598785171	
0.134990309333936	-61.5	920.625	2215	0000	42	920.625	031637968 2.15910390988805	
0.165669925091649	-61	920.625	2215	0000	43	920.625	031637970 2.1610654427004	
0.141126232485479	-61.5	920.625	2215	0000	44	920.625	031637971 2.16232014405467	
0.0613592315154256	-60.5	920.625	2215	0000	45	920.625	031638212 2.40368458552377	
0.0797670009700533	-61.5	920.625	2215	0000	46	920.625	031638216 2.40807585147326	
0	-60	920.625	2215	0000	47	920.625	031638219 2.41033756110675	
0.128854386182394	-61	920.625	2215	0000	48	920.625	031638220 2.41198570176621	
0.227029156607075	-60	920.625	2215	0000	49	920.625	031638222 2.4133264915673	
0.0951068088489097	-61.5	920.625	2215	0000	50	920.625	031638462 2.6537111105825	
6.22182607566416	-61	920.625	2215	0000	51	920.625	031638465 2.6563730559775	
0.110446616727766	-61.5	920.625	2215	0000	52	920.625	031638467 2.65807670103031	
0.104310693576224	-61	920.625	2215	0000	53	920.625	031638468 2.65937746725524	
0.0705631162427395	-61.5	920.625	2215	0000	54	920.625	031638469 2.66025949625421	
0.00613592315154256	-61	920.625	2215	0000	55	920.625	031638470 2.66118494705749	
0.116582539879309	-61.5	920.625	2215	0000	56	920.625	031638723 2.91368840286675	
0.042951462060798	-61	920.625	2215	0000	57	920.625	031638726 2.91709380506782	
0.107378655151995	-61.5	920.625	2215	0000	58	920.625	031638728 2.91903381576846	
0.171805848243192	-60.5	920.625	2215	0000	59	920.625	031638730 2.92145448696383	
0.113514578303537	-61.5	920.625	2215	0000	60	920.625	031638732 2.9228262383993	
0.0490873852123405	-61	920.625	2215	0000	61	920.625	031638735 2.92600660237974	
0.138058270909708	-61.5	920.625	2215	0000	62	920.625	031638962 3.1536659896641	
0.184077694546277	-59.5	920.625	2215	0000	63	920.625	031638965 3.15633510909634	
0.0797670009700533	-61	920.625	2215	0000	64	920.625	031638966 3.15686787575625	
0.122718463030851	-61.5	920.625	2215	0000	65	920.625	031638967 3.15839368020181	
0.107378655151995	-61.5	920.625	2215	0000	66	920.625	031638969 3.16004748457488	
0.0613592315154256	-61	920.625	2215	0000	67	920.625	031639212 3.40355092188266	
0.147262155637022	-61.5	920.625	2215	0000	68	920.625	031639215 3.40687099079873	
0.098174770424681	-61	920.625	2215	0000	69	920.625	031639218 3.40932904250391	
0.0736310778185108	-61.5	920.625	2215	0000	70	920.625	031639219 3.41045800941611	
0.0245436926061703	-60.5	920.625	2215	0000	71	920.625	031639220 3.41137590860126	
0.0766990393942821	-61.5	920.625	2215	0000	72	920.625	031639462 3.65356838499962	
0.104310693576224	-61.5	920.625	2215	0000	73	920.625	031639465 3.65690620021832	
0.0644271930911969	-61.5	920.625	2215	0000	74	920.625	031639466 3.65788073653952	
0.0122718463030851	-61	920.625	2215	0000	75	920.625	031639467 3.6588854793333	
6.24636976827033	-60.5	920.625	2215	0000	76	920.625	031639469 3.6607646995079	
0.0122718463030851	-61	920.625	2215	0000	77	920.625	031639470 3.66159311201806	
0.0951068088489097	-61.5	920.625	2215	0000	78	920.625	031639722 3.91357361827099	
6.20341830620953	-61	920.625	2215	0000	79	920.625	031639725 3.91609321566402	
0.0705631162427395	-61.5	920.625	2215	0000	80	920.625	031639726 3.91691936268874	
0.116582539879309	-61	920.625	2215	0000	81	920.625	031639727 3.91854862430284	
0.0951068088489097	-61	920.625	2215	0000	82	920.625	031639730 3.92177089976397	
6.2709134608765	-61	920.625	2215	0000	83	920.625	031639735 3.92651860208976	
6.20341830620953	-60	920.625	2215	0000	84	920.625	031639962 4.15343868595803	
0.23930100291016	-60.5	920.625	2215	0000	85	920.625	031639964 4.15519066136694	
0.0337475773334841	-61.5	920.625	2215	0000	86	920.625	031639966 4.1573126660648	
6.22182607566416	-61	920.625	2215	0000	87	920.625	031639968 4.15926249386903	
0.0951068088489097	-61.5	920.625	2215	0000	88	920.625	031639969 4.16053267604049	
0.0122718463030851	-61.5	920.625	2215	0000	89	920.625	031640222 4.41356852092874	
0.0951068088489097	-61.5	920.625	2215	0000	90	920.625	031640225 4.41616287934138	
0.0306796157577128	-61	920.625	2215	0000	91	920.625	031640226 4.41769132685329	
0.0859029241215959	-61.5	920.625	2215	0000	92	920.625	031640227 4.41871683659695	
0.0920388472731385	-60.5	920.625	2215	0000	93	920.625	031640230 4.42133422744492	
6.25864161457342	-61	920.625	2215	0000	94	920.625	031640462 4.65333957096992	
0.042951462060798	-61	920.625	2215	0000	95	920.625	031640465 4.6569213034546	
0.0613592315154256	-61	920.625	2215	0000	96	920.625	031640467 4.65881487170367	
0.0368155389092554	-61	920.625	2215	0000	97	920.625	031640469 4.66091724219436	
0.11965050145508	-61.5	920.625	2215	0000	98	920.625	031640471 4.66242945372727	
0.0736310778185108	-61	920.625	2215	0000	99	920.625	031640477 4.66852587505319	
0.042951462060798	-61	920.625	2215	0000	100	920.625	031640712 4.90340951783296	
0.0245436926061703	-61	920.625	2215	0000	101	920.625	031640715 4.90669220623922	
0.0674951546669682	-61	920.625	2215	0000	102	920.625	031640717 4.90850157394601	
0.0490873852123405	-61	920.625	2215	0000	103	920.625	031640718 4.90962034617373	
0.0337475773334841	-61.5	920.625	2215	0000	104	920.625	031640719 4.91059412733312	
0.184077694546277	-61	920.625	2215	0000	105	920.625	031640962 5.15336014912936	
0.141126232485479	-61	920.625	2215	0000	106	920.625	031640964 5.15631471972736	
0.042951462060798	-61	920.625	2215	0000	107	920.625	031640966 5.15804517302456	
0.0951068088489097	-61.5	920.625	2215	0000	108	920.625	031640967 5.15935953216215	
0	-61	920.625	2215	0000	109	920.625	031640968 5.1602457145511	
0.138058270909708	-61.5	920.625	2215	0000	110	920.625	031640970 5.16145812684378	
0.0184077694546277	-61	920.625	2215	0000	111	920.625	031641212 5.4032654707169	
0	-61	920.625	2215	0000	112	920.625	031641216 5.40691932115484	
6.25250569142187	-61	920.625	2215	0000	113	920.625	031641217 5.40829031742849	
0.107378655151995	-61.5	920.625	2215	0000	114	920.625	031641219 5.41024920717449	
0.0490873852123405	-60	920.625	2215	0000	115	920.625	031641220 5.41180635083534	
0.162601963515878	-61	920.625	2215	0000	116	920.625	031641461 5.65327349431118	
0.26384469551633	-61	920.625	2215	0000	117	920.625	031641464 5.65582858430947	
0.107378655151995	-61.5	920.625	2215	0000	118	920.625	031641465 5.6574321704219	
0.116582539879309	-61	920.625	2215	0000	119	920.625	031641467 5.65883148526358	
0.128854386182394	-61.5	920.625	2215	0000	120	920.625	031641469 5.66070806237184	
0.0552233083638831	-61	920.625	2215	0000	121	920.625	031641470 5.66263448015982	
0.122718463030851	-61.5	920.625	2215	0000	122	920.625	031641712 5.90319505187773	
6.24023384511879	-60.5	920.625	2215	0000	123	920.625	031641716 5.90760708477711	
0.0613592315154256	-61	920.625	2215	0000	124	920.625	031641718 5.90948177398082	
0.0736310778185108	-61	920.625	2215	0000	125	920.625	031641719 5.91088713011702	
0.104310693576224	-61	920.625	2215	0000	126	920.625	031641721 5.91258209080896	
0.0490873852123405	-61	920.625	2215	0000	127	920.625	031641962 6.15324649727632	
0.0951068088489097	-61.5	920.625	2215	0000	128	920.625	031641964 6.15587295006606	
0.0245436926061703	-60.5	920.625	2215	0000	129	920.625	031641965 6.15746973972215	
0.0859029241215959	-61.5	920.625	2215	0000	130	920.625	031641967 6.15870405170744	
6.19114645990645	-61	920.625	2215	0000	131	920.625	031641968 6.16053116571686	
0.147262155637022	-61.5	920.625	2215	0000	132	920.625	031641970 6.16217402024362	
6.24023384511879	-61.5	920.625	2215	0000	133	920.625	031642211 6.4031642790338	
0.0368155389092554	-61	920.625	2215	0000	134	920.625	031642214 6.40630764008535	
0.0490873852123405	-61	920.625	2215	0000	135	920.625	031642215 6.40729274867195	
0.098174770424681	-61.5	920.625	2215	0000	136	920.625	031642217 6.40914742608759	
6.20955422936108	-60.5	920.625	2215	0000	137	920.625	031642218 6.41017708922124	
0.0644271930911969	-61.5	920.625	2215	0000	138	920.625	031642462 6.65311151210203	
0.0674951546669682	-61	920.625	2215	0000	139	920.625	031642465 6.65597093231145	
0.104310693576224	-61.5	920.625	2215	0000	140	920.625	031642466 6.65715125022702	
0.0245436926061703	-61	920.625	2215	0000	141	920.625	031642467 6.65874237616951	
0.0490873852123405	-61	920.625	2215	0000	142	920.625	031642468 6.65977354962678	
0.116582539879309	-61	920.625	2215	0000	143	920.625	031642469 6.66031839887572	
0.0460194236365692	-61	920.625	2215	0000	144	920.625	031642712 6.90366476252615	
6.26477753772496	-61	920.625	2215	0000	145	920.625	031642716 6.90741716158084	
0.0521553467881118	-61.5	920.625	2215	0000	146	920.625	031642718 6.9098744581242	
6.0254765348148	-59	920.625	2215	0000	147	920.625	031642721 6.91255263949821	
0.110446616727766	-61	920.625	2215	0000	148	920.625	031642727 6.91843232938346	
0.0613592315154256	-61	920.625	2215	0000	149	920.625	031642962 7.15308715813353	
0.0828349625458246	-61.5	920.625	2215	0000	150	920.625	031642965 7.15698530341835	
0.00613592315154256	-61	920.625	2215	0000	151	920.625	031642967 7.15936406313304	
0.125786424606623	-61.5	920.625	2215	0000	152	920.625	031642969 7.16080604461723	
1.26400016921777	-68	920.625	2216	0000	153	920.625	031642970 7.16182249241912	
0.0368155389092554	-61	920.625	2215	0000	154	920.625	031642970 7.16228163080214	
0.0705631162427395	-61.5	920.625	2215	0000	155	920.625	031643212 7.40310424366957	
0.153398078788564	-61	920.625	2215	0000	156	920.625	031643214 7.40594516241454	
0.098174770424681	-61.5	920.625	2215	0000	157	920.625	031643217 7.40833751504188	
0.042951462060798	-61	920.625	2215	0000	158	920.625	031643219 7.41054900641472	
0.101242732000452	-61.5	920.625	2215	0000	159	920.625	031643221 7.41271405533599	
0.122718463030851	-61	920.625	2215	0000	160	920.625	031643224 7.41587478510927	
0.104310693576224	-61	920.625	2215	0000	161	920.625	031643462 7.65293102842844	
0.042951462060798	-60.5	920.625	2215	0000	162	920.625	031643466 7.65680614127794	
0.116582539879309	-61.5	920.625	2215	0000	163	920.625	031643468 7.65907842317682	
4.36877728389831	-67.5	920.625	2216	0000	164	920.625	031643470 7.6615949999226	
0.00613592315154256	-60.5	920.625	2215	0000	165	920.625	031643475 7.66629135124502	
1.22718463030851	-68	920.625	2216	0000	166	920.625	031643478 7.66953137300878	
0.0552233083638831	-61	920.625	2215	0000	167	920.625	031643711 7.90297945317978	
4.4117287459591	-68	920.625	2216	0000	168	920.625	031643715 7.90659441278429	
6.2709134608765	-61	920.625	2215	0000	169	920.625	031643717 7.90887009291133	
1.29467978497548	-67.5	920.625	2216	0000	170	920.625	031643719 7.91091658142778	
0.0705631162427395	-61.5	920.625	2215	0000	171	920.625	031643721 7.9127331231718	
1.25786424606623	-68	920.625	2216	0000	172	920.625	031643724 7.91562577050104	
0.0736310778185108	-61	920.625	2215	0000	173	920.625	031643725 7.91687065475172	
0.116582539879309	-61	920.625	2215	0000	174	920.625	031643961 8.15284361844845	
0.0368155389092554	-61	920.625	2215	0000	175	920.625	031643965 8.15722053632347	
4.31968989868597	-68	920.625	2216	0000	176	920.625	031643968 8.16006862910567	
0.104310693576224	-61.5	920.625	2215	0000	177	920.625	031643971 8.16258596101326	
0	-61	920.625	2215	0000	178	920.625	031643976 8.16838258309895	
0.0674951546669682	-61	920.625	2215	0000	179	920.625	031643979 8.17072358472292	
0.0552233083638831	-61	920.625	2215	0000	180	920.625	031644211 8.40294188387952	
0.0889708856973672	-61.5	920.625	2215	0000	181	920.625	031644215 8.40634162236699	
6.22182607566416	-61	920.625	2215	0000	182	920.625	031644217 8.40864297799572	
0.104310693576224	-61.5	920.625	2215	0000	183	920.625	031644218 8.41009251109805	
0.0674951546669682	-61	920.625	2215	0000	184	920.625	031644220 8.41215599075531	
0.104310693576224	-61	920.625	2215	0000	185	920.625	031644462 8.65284191933437	
0.0552233083638831	-61	920.625	2215	0000	186	920.625	031644464 8.6557183306846	
0.110446616727766	-61	920.625	2215	0000	187	920.625	031644466 8.65753525000953	
4.43013651541373	-68	920.625	2216	0000	188	920.625	031644467 8.65812578654823	
6.2709134608765	-60	920.625	2215	0000	189	920.625	031644468 8.65905878896965	
1.28854386182394	-68	920.625	2216	0000	190	920.625	031644470 8.66111396184696	
0.128854386182394	-61.5	920.625	2215	0000	191	920.625	031644711 8.90287977182031	
4.36877728389831	-68	920.625	2216	0000	192	920.625	031644715 8.90639353974171	
0.147262155637022	-61	920.625	2215	0000	193	920.625	031644717 8.90879835253899	
0.0490873852123405	-60.5	920.625	2215	0000	194	920.625	031644719 8.9108965696397	
0.104310693576224	-61	920.625	2215	0000	195	920.625	031644721 8.9126636482849	
0.0951068088489097	-61.5	920.625	2215	0000	196	920.625	031644726 8.91765979884755	
0.0368155389092554	-61	920.625	2215	0000	197	920.625	031644727 8.91895225829253	
0.0245436926061703	-61	920.625	2215	0000	198	920.625	031644961 9.15279755357779	
0.110446616727766	-61	920.625	2215	0000	199	920.625	031644964 9.15533867308252	
6.24023384511879	-61	920.625	2215	0000	200	920.625	031644966 9.15689241851521	
4.38718505335293	-66	920.625	2216	0000	201	920.625	031644967 9.1588403584149	
0.0490873852123405	-61.5	920.625	2215	0000	202	920.625	031644969 9.16037144899316	
1.23332055346006	-68	920.625	2216	0000	203	920.625	031644970 9.16162010905292	
6.22182607566416	-61	920.625	2215	0000	204	920.625	031645211 9.40283049751193	
1.25786424606623	-68	920.625	2216	0000	205	920.625	031645215 9.40714624728	
0.23930100291016	-61	920.625	2215	0000	206	920.625	031645217 9.40912779188042	
1.22718463030851	-68	920.625	2216	0000	207	920.625	031645219 9.41047084716695	
0.042951462060798	-61	920.625	2215	0000	208	920.625	031645220 9.41187960153132	
1.25786424606623	-68	920.625	2216	0000	209	920.625	031645221 9.41292323515852	
0.0859029241215959	-61	920.625	2215	0000	210	920.625	031645226 9.41797828834268	
4.35650543759522	-68	920.625	2216	0000	211	920.625	031645227 9.41891582173499	
0.00613592315154256	-61	920.625	2215	0000	212	920.625	031645472 9.66288557146304	
0.104310693576224	-61	920.625	2215	0000	213	920.625	031645474 9.66564228966572	
0.098174770424681	-61	920.625	2215	0000	214	920.625	031645475 9.66669347491107	
4.39945689965602	-67.5	920.625	2216	0000	215	920.625	031645477 9.6678715273412	
0.0368155389092554	-61	920.625	2215	0000	216	920.625	031645477 9.66874373923658	
1.23332055346006	-68	920.625	2216	0000	217	920.625	031645479 9.67083478230006	
0.0674951546669682	-61	920.625	2215	0000	218	920.625	031645711 9.90270608460304	
1.25172832291468	-67.5	920.625	2216	0000	219	920.625	031645714 9.90606051338166	
0.153398078788564	-61	920.625	2215	0000	220	920.625	031645716 9.90817043549049	
4.35650543759522	-68	920.625	2216	0000	221	920.625	031645717 9.90947384478178	
0.190213617697819	-61	920.625	2215	0000	222	920.625	031645719 9.91072741339332	
0.104310693576224	-61	920.625	2215	0000	223	920.625	031645720 9.9121210645214	
0.104310693576224	-61.5	920.625	2215	0000	224	920.625	031645961 10.1526925860856	
1.22718463030851	-68	920.625	2216	0000	225	920.625	031645963 10.1552250212295	
0.134990309333936	-60.5	920.625	2215	0000	226	920.625	031645964 10.1563898583279	
0.122718463030851	-60.5	920.625	2215	0000	227	920.625	031645966 10.1579232143916	
0.288388388122501	-60	920.625	2215	0000	228	920.625	031645968 10.1596166647599	
0.104310693576224	-61.5	920.625	2215	0000	229	920.625	031645969 10.1614358495703	
0.0306796157577128	-61	920.625	2215	0000	230	920.625	031646221 10.412652887229	
1.23332055346006	-68	920.625	2216	0000	231	920.625	031646225 10.4167907963899	
0.0674951546669682	-61.5	920.625	2215	0000	232	920.625	031646227 10.4186164000757	
4.39332097650448	-68	920.625	2216	0000	233	920.625	031646228 10.4200247768591	
0.0736310778185108	-61	920.625	2215	0000	234	920.625	031646230 10.4214305105762	
1.31922347758165	-67.5	920.625	2216	0000	235	920.625	031646231 10.4223038552143	
0.11965050145508	-61.5	920.625	2215	0000	236	920.625	031646235 10.4263035697632	
1.18423316824771	-68	920.625	2216	0000	237	920.625	031646235 10.4267940473615	
0.042951462060798	-61	920.625	2215	0000	238	920.625	031646460 10.6526161259519	
1.25172832291468	-68	920.625	2216	0000	239	920.625	031646465 10.6557485371572	
0.0920388472731385	-61.5	920.625	2215	0000	240	920.625	031646466 10.6576085007055	
1.19036909139926	-67.5	920.625	2216	0000	241	920.625	031646468 10.6588458333381	
0.0306796157577128	-61	920.625	2215	0000	242	920.625	031646469 10.6599883931629	
1.22104870715697	-68	920.625	2216	0000	243	920.625	031646470 10.6613488171712	
0.147262155637022	-61	920.625	2215	0000	244	920.625	031646471 10.66242643308	
1.24559239976314	-67.5	920.625	2216	0000	245	920.625	031646477 10.6681494268888	
0.0490873852123405	-60.5	920.625	2215	0000	246	920.625	031646711 10.9026415182679	
1.21491278400543	-68	920.625	2216	0000	247	920.625	031646714 10.905502448801	
0.113514578303537	-61.5	920.625	2215	0000	248	920.625	031646715 10.9064599939814	
1.03697101261069	-66.5	920.625	2216	0000	249	920.625	031646716 10.9077154504974	
0.159534001940107	-61	920.625	2215	0000	250	920.625	031646718 10.9097551425576	
1.24559239976314	-67.5	920.625	2216	0000	251	920.625	031646719 10.9106337733284	
0.0797670009700533	-61	920.625	2215	0000	252	920.625	031646720 10.9118492062683	
1.25786424606623	-67.5	920.625	2216	0000	253	920.625	031646726 10.9173641529973	
0.0920388472731385	-61	920.625	2215	0000	254	920.625	031646961 11.1525151230593	
1.20877686085389	-67.5	920.625	2216	0000	255	920.625	031646964 11.1551109917955	
6.22182607566416	-61	920.625	2215	0000	256	920.625	031646965 11.1567108020989	
1.22718463030851	-67.5	920.625	2216	0000	257	920.625	031646967 11.158128618405	
0.0245436926061703	-61	920.625	2215	0000	258	920.625	031646968 11.1591526178251	
4.36264136074676	-67.5	920.625	2216	0000	259	920.625	031646969 11.1606897496978	
0.141126232485479	-61.5	920.625	2215	0000	260	920.625	031647211 11.4024974711519	
1.21491278400543	-67.5	920.625	2216	0000	261	920.625	031647215 11.4059296815973	
0.0245436926061703	-61	920.625	2215	0000	262	920.625	031647217 11.4080807600251	
1.26400016921777	-67.5	920.625	2216	0000	263	920.625	031647219 11.4101385759687	
0.116582539879309	-60.5	920.625	2215	0000	264	920.625	031647220 11.4110515666021	
1.23332055346006	-67.5	920.625	2216	0000	265	920.625	031647220 11.4114453834882	
0.227029156607075	-60.5	920.625	2215	0000	266	920.625	031647227 11.4179152323312	
1.18423316824771	-67.5	920.625	2216	0000	267	920.625	031647229 11.4207157499191	
0.110446616727766	-61.5	920.625	2215	0000	268	920.625	031647461 11.6527471465267	
1.20264093770234	-67.5	920.625	2216	0000	269	920.625	031647463 11.6546237236349	
0.0797670009700533	-61	920.625	2215	0000	270	920.625	031647465 11.6570504361248	
4.39332097650448	-66	920.625	2216	0000	271	920.625	031647466 11.6581397570418	
0.150330117212793	-61.5	920.625	2215	0000	272	920.625	031647467 11.6590550131606	
1.22718463030851	-67.5	920.625	2216	0000	273	920.625	031647469 11.6607326051308	
0.0920388472731385	-61.5	920.625	2215	0000	274	920.625	031647470 11.6616724040086	
1.22104870715697	-67.5	920.625	2216	0000	275	920.625	031647475 11.6669147373226	
0.110446616727766	-61.5	920.625	2215	0000	276	920.625	031647711 11.9024504623289	
1.20264093770234	-67	920.625	2216	0000	277	920.625	031647714 11.9057618468841	
0.0920388472731385	-60.5	920.625	2215	0000	278	920.625	031647716 11.9072876513297	
1.20264093770234	-67.5	920.625	2216	0000	279	920.625	031647717 11.9089478745782	
0.116582539879309	-61.5	920.625	2215	0000	280	920.625	031647718 11.9099582810856	
1.21491278400543	-67	920.625	2216	0000	281	920.625	031647719 11.9109773719538	
0.0184077694546277	-60.5	920.625	2215	0000	282	920.625	031647720 11.9119213242216	
4.34423359129214	-67.5	920.625	2216	0000	283	920.625	031647726 11.9175518107081	
0.184077694546277	-61	920.625	2215	0000	284	920.625	031647961 12.152422993318	
1.17196132194463	-67	920.625	2216	0000	285	920.625	031647964 12.1552699533574	
0.190213617697819	-61	920.625	2215	0000	286	920.625	031647965 12.1565016222764	
1.20264093770234	-67.5	920.625	2216	0000	287	920.625	031647966 12.1578099401194	
0.0306796157577128	-60.5	920.625	2215	0000	288	920.625	031647968 12.1600554137739	
1.1106020904292	-67	920.625	2216	0000	289	920.625	031647971 12.1626267397512	
0.0306796157577128	-61	920.625	2215	0000	290	920.625	031647976 12.1678792677498	
1.17196132194463	-67.5	920.625	2216	0000	291	920.625	031647978 12.1697207298337	
0.147262155637022	-61	920.625	2215	0000	292	920.625	031648211 12.4023366216855	
1.22104870715697	-67.5	920.625	2216	0000	293	920.625	031648213 12.4048494226222	
0.0368155389092554	-61	920.625	2215	0000	294	920.625	031648215 12.4066410440263	
4.32582582183751	-68	920.625	2216	0000	295	920.625	031648216 12.4080720756642	
0.174873809818963	-61.5	920.625	2215	0000	296	920.625	031648218 12.4097243697136	
1.1965050145508	-66	920.625	2216	0000	297	920.625	031648219 12.4106736081141	
0.098174770424681	-60.5	920.625	2215	0000	298	920.625	031648220 12.4115847108429	
1.18423316824771	-67.5	920.625	2216	0000	299	920.625	031648224 12.4160960475208	
0.0766990393942821	-61	920.625	2215	0000	300	920.625	031648461 12.6522963149236	
1.16582539879309	-66.5	920.625	2216	0000	301	920.625	031648465 12.6563496459613	
6.14205907469411	-58.5	920.625	2215	0000	302	920.625	031648468 12.6592732549249	
1.20264093770234	-67.5	920.625	2216	0000	303	920.625	031648470 12.6615474247283	
0.138058270909708	-61.5	920.625	2215	0000	304	920.625	031648476 12.6672111383347	
1.18423316824771	-67.5	920.625	2216	0000	305	920.625	031648478 12.6691817330888	
0.0368155389092554	-61	920.625	2215	0000	306	920.625	031648479 12.6704519152603	
4.35036951444368	-68	920.625	2216	0000	307	920.625	031648481 12.6718961622299	
0.128854386182394	-61.5	920.625	2215	0000	308	920.625	031648711 12.9025339077094	
1.23332055346006	-67.5	920.625	2216	0000	309	920.625	031648715 12.9062776224032	
0.116582539879309	-61	920.625	2215	0000	310	920.625	031648717 12.9080420579821	
1.17809724509617	-67.5	920.625	2216	0000	311	920.625	031648718 12.9093280985516	
0.134990309333936	-61.5	920.625	2215	0000	312	920.625	031648719 12.9105722276405	
1.29467978497548	-67	920.625	2216	0000	313	920.625	031648720 12.9117415957098	
6.27704938402804	-61	920.625	2215	0000	314	920.625	031648725 12.9164821239983	
1.21491278400543	-66	920.625	2216	0000	315	920.625	031648727 12.9178353739693	
0.150330117212793	-61.5	920.625	2215	0000	316	920.625	031648961 13.1523029225895	
1.15968947564154	-67.5	920.625	2216	0000	317	920.625	031648963 13.155170271998	
0.294524311274043	-60	920.625	2215	0000	318	920.625	031648965 13.1568814686689	
1.15355355249	-67.5	920.625	2216	0000	319	920.625	031648966 13.1577861525223	
0.0828349625458246	-61.5	920.625	2215	0000	320	920.625	031648967 13.1583208070867	
1.22104870715697	-67.5	920.625	2216	0000	321	920.625	031648968 13.159294965827	
0.0245436926061703	-61	920.625	2215	0000	322	920.625	031648969 13.1606221627155	
4.31968989868597	-67.5	920.625	2216	0000	323	920.625	031648974 13.1658274931007	
0.128854386182394	-61.5	920.625	2215	0000	324	920.625	031649210 13.4021259315393	
1.19036909139926	-67.5	920.625	2216	0000	325	920.625	031649213 13.4051967970567	
0.0736310778185108	-60.5	920.625	2215	0000	326	920.625	031649215 13.4065424954096	
1.15355355249	-67	920.625	2216	0000	327	920.625	031649215 13.4074554860429	
0.122718463030851	-59.5	920.625	2215	0000	328	920.625	031649217 13.4087033909409	
1.15355355249	-68	920.625	2216	0000	329	920.625	031649219 13.4107544104282	
0.165669925091649	-58.5	920.625	2215	0000	330	920.625	031649471 13.6624985510333	
1.20264093770234	-67.5	920.625	2216	0000	331	920.625	031649473 13.6643124497109	
0.125786424606623	-61	920.625	2215	0000	332	920.625	031649475 13.6664185960107	
1.1965050145508	-67	920.625	2216	0000	333	920.625	031649477 13.6685119045596	
0.0859029241215959	-61	920.625	2215	0000	334	920.625	031649479 13.6701105821203	
1.20264093770234	-67.5	920.625	2216	0000	335	920.625	031649485 13.6763085727102	
0.128854386182394	-61.5	920.625	2215	0000	336	920.625	031649489 13.6800979746938	
1.1965050145508	-67.5	920.625	2216	0000	337	920.625	031649492 13.683181677962	
0.104310693576224	-59	920.625	2215	0000	338	920.625	031649710 13.9022986748043	
1.21491278400543	-67.5	920.625	2216	0000	339	920.625	031649715 13.9067039112473	
0.147262155637022	-61	920.625	2215	0000	340	920.625	031649717 13.9092707062538	
4.31968989868597	-67	920.625	2216	0000	341	920.625	031649721 13.9127312352673	
0.380427235395639	-60	920.625	2215	0000	342	920.625	031649726 13.9183877748364	
1.1965050145508	-68	920.625	2216	0000	343	920.625	031649730 13.9208163752308	
0.0889708856973672	-61	920.625	2215	0000	344	920.625	031649732 13.9235032409657	
1.22718463030851	-65.5	920.625	2216	0000	345	920.625	031649739 13.9300610661601	
0.153398078788564	-61	920.625	2215	0000	346	920.625	031649960 14.1522243857608	
1.23332055346006	-68	920.625	2216	0000	347	920.625	031649963 14.1551974578233	
0.0736310778185108	-60.5	920.625	2215	0000	348	920.625	031649965 14.1571423770757	
4.37491320704985	-67.5	920.625	2216	0000	349	920.625	031649966 14.1581663764957	
0.098174770424681	-61	920.625	2215	0000	350	920.625	031649968 14.159860204445	
1.20264093770234	-67.5	920.625	2216	0000	351	920.625	031649973 14.1649526381389	
0.128854386182394	-61.5	920.625	2215	0000	352	920.625	031649976 14.1677048253707	
1.2394564766116	-68	920.625	2216	0000	353	920.625	031649978 14.1697414967836	
0.104310693576224	-61	920.625	2215	0000	354	920.625	031650210 14.4020806218304	
4.29514620607979	-68	920.625	2216	0000	355	920.625	031650214 14.4055543661757	
0.122718463030851	-61.5	920.625	2215	0000	356	920.625	031650216 14.407881774887	
1.22104870715697	-68	920.625	2216	0000	357	920.625	031650217 14.4094510011369	
0.0613592315154256	-61	920.625	2215	0000	358	920.625	031650219 14.4114650176953	
1.15968947564154	-67	920.625	2216	0000	359	920.625	031650223 14.4147080601063	
0.190213617697819	-61	920.625	2215	0000	360	920.625	031650225 14.416648070807	
1.19036909139926	-68	920.625	2216	0000	361	920.625	031650226 14.4175516219177	
0.0613592315154256	-60.5	920.625	2215	0000	362	920.625	031650461 14.6520052000443	
1.17196132194463	-67	920.625	2216	0000	363	920.625	031650463 14.6545331042172	
0.147262155637022	-60.5	920.625	2215	0000	364	920.625	031650465 14.6561793569722	
1.24559239976314	-68	920.625	2216	0000	365	920.625	031650467 14.6582930548901	
6.24636976827033	-60.5	920.625	2215	0000	366	920.625	031650468 14.659732015727	
4.35036951444368	-68	920.625	2216	0000	367	920.625	031650470 14.6616029291216	
0.0797670009700533	-61	920.625	2215	0000	368	920.625	031650711 14.9021125274171	
1.20877686085389	-68	920.625	2216	0000	369	920.625	031650715 14.9067031560855	
0.0920388472731385	-60.5	920.625	2215	0000	370	920.625	031650718 14.909558422905	
0.0490873852123405	-61	920.625	2215	0000	371	920.625	031650725 14.9159916464	
0.0245436926061703	-61	920.625	2215	0000	372	920.625	031650727 14.9179652618014	
0.110446616727766	-61	920.625	2215	0000	373	920.625	031650728 14.9196938271941	
0.042951462060798	-61	920.625	2215	0000	374	920.625	031650729 14.9206147470265	
0.0490873852123405	-61	920.625	2215	0000	375	920.625	031650951 15.1425250874194	
0.0736310778185108	-61	920.625	2215	0000	376	920.625	031650954 15.1455710325969	
0.0859029241215959	-61	920.625	2215	0000	377	920.625	031650956 15.1476941700375	
0.141126232485479	-61	920.625	2215	0000	378	920.625	031650957 15.1489447180018	
0.131922347758165	-61.5	920.625	2215	0000	379	920.625	031650958 15.1498392071707	
0.0490873852123405	-61	920.625	2215	0000	380	920.625	031651210 15.4018476544108	
0.125786424606623	-61.5	920.625	2215	0000	381	920.625	031651214 15.4053066731006	
0.0245436926061703	-61	920.625	2215	0000	382	920.625	031651215 15.4062483598829	
0.0613592315154256	-61	920.625	2215	0000	383	920.625	031651217 15.4083360047183	
6.26477753772496	-60.5	920.625	2215	0000	384	920.625	031651218 15.4096269538396	
0.147262155637022	-61.5	920.625	2215	0000	385	920.625	031651460 15.6520169050524	
0.0920388472731385	-61	920.625	2215	0000	386	920.625	031651463 15.6549816703349	
6.14819499784565	-59.5	920.625	2215	0000	387	920.625	031651465 15.6564111916491	
0.0184077694546277	-60	920.625	2215	0000	388	920.625	031651466 15.6573683592486	
0.0859029241215959	-61	920.625	2215	0000	389	920.625	031651466 15.6582620932557	
0.196349540849362	-60	920.625	2215	0000	390	920.625	031651467 15.6587910841065	
0.116582539879309	-61	920.625	2215	0000	391	920.625	031651511 15.7023367349597	
