5.3198453723874	-53	-4.0625	0	1186	210725833 0.6694361	
4.67557344147543	-56	74	1	1130	210725837 0.6711977	
5.39347645020591	-53	-52.0625	2	1186	210725838 0.6718866	
4.77374821190012	-56	-17.0625	3	1130	210725838 0.6725998	
5.27382594875083	-53.5	12.1875	4	1186	210725839 0.6732485	
1.62601963515878	-56	10.125	5	1130	210725840 0.6740109	
5.33825314184203	-53	4.0625	6	1186	210725841 0.6749687	
4.82283559711246	-56	-52.0625	7	1130	210725841 0.6757254	
5.25848614087198	-53	39	8	1186	210725842 0.6764295	
4.72466082668778	-56	20.3125	9	1130	210725843 0.6772889	
5.28916575662969	-53	26	10	1186	210725844 0.6779388	
4.84737928971863	-56	-52.0625	11	1130	210725844 0.6785858	
1.58613613467375	-56.5	17.0625	12	1130	210726086 0.9203346	
5.27382594875083	-53.5	19.9375	13	1186	210726087 0.921455	
5.33211721869049	-53.5	-26	14	1186	210726088 0.922454	
4.84124336656708	-56	-87.0625	15	1130	210726090 0.9236103	
5.25235021772044	-53.5	21.9375	16	1186	210726091 0.9248703	
4.74920451929395	-56	-4.0625	17	1130	210726092 0.9258297	
4.77988413505166	-56	-26	18	1130	210726093 0.9269449	
5.30143760293278	-53	0	19	1186	210726093 0.9275137	
5.25541817929621	-53.5	12.1875	20	1186	210726094 0.9282755	
1.58920409624952	-56	24	21	1130	210726095 0.9289581	
5.33211721869049	-53	-30.0625	22	1186	210726095 0.9296705	
4.76761228874857	-56	8.9375	23	1130	210726096 0.9302227	
4.7860200582032	-56	-30.0625	24	1130	210726331 1.1648143	
5.35052498814512	-53.5	-30.0625	25	1186	210726332 1.1656075	
4.82283559711246	-56	-30.0625	26	1130	210726332 1.1661857	
5.32598129553895	-53	-30.0625	27	1186	210726333 1.166788	
5.27382594875083	-53.5	8.125	28	1186	210726334 1.167296	
1.60454390412838	-56.5	12.1875	29	1130	210726334 1.1678261	
5.31370944923586	-53	0	30	1186	210726335 1.1682839	
4.7860200582032	-56	-48	31	1130	210726335 1.1686968	
4.74920451929395	-56	4.0625	32	1130	210726335 1.1692151	
5.30757352608432	-53.5	-13	33	1186	210726336 1.1696914	
5.34438906499357	-53.5	-21.9375	34	1186	210726337 1.1703694	
4.81669967396091	-56	-26	35	1130	210726337 1.1711996	
5.27382594875083	-53.5	15	36	1186	210726580 1.4149743	
4.74920451929395	-56.5	19.9375	37	1130	210726582 1.4166473	
4.89033075177942	-56.5	-48	38	1130	210726584 1.4180121	
5.27689391032661	-53.5	0	39	1186	210726584 1.4186461	
5.26462206402352	-53	4.0625	40	1186	210726586 1.4197955	
4.73079674983932	-56	39	41	1130	210726587 1.4206306	
4.828971520264	-55.5	-74	42	1130	210726587 1.4213863	
5.28916575662969	-53	-13	43	1186	210726588 1.4224695	
4.7430685961424	-56.5	17.875	44	1130	210726589 1.4231199	
5.23394244826581	-53.5	10.9375	45	1186	210726589 1.4239628	
4.68170936462698	-56	13	46	1130	210726590 1.4248372	
5.23394244826581	-53.5	39	47	1186	210726591 1.4254485	
5.29530167978123	-53	-4.0625	48	1186	210726832 1.665139	
4.66943751832389	-56	69.125	49	1130	210726838 1.6722362	
5.24621429456889	-53	26	50	1186	210726839 1.6727553	
4.68784528777852	-56	30.0625	51	1130	210726840 1.6734579	
2.08007794837293	-53.5	15	52	1186	210726840 1.6741003	
4.74000063456663	-56	4.0625	53	1130	210726840 1.6746334	
2.13530125673681	-53.5	0.8125	54	1186	210726841 1.6750951	
1.63215555831032	-56.5	-0.1875	55	1130	210726841 1.6756308	
5.31370944923586	-53	-43.125	56	1186	210726842 1.6764945	
4.76147636559703	-55	-74	57	1130	210726844 1.6772832	
4.8719229823248	-56.5	-100.0625	58	1130	210727093 1.9271933	
5.24621429456889	-53	30.0625	59	1186	210727099 1.932581	
5.24621429456889	-53.5	2	60	1186	210727108 1.9418428	
1.62295167358301	-56.5	1.1875	61	1130	210727109 1.9440028	
4.66330159517235	-56	52.0625	62	1130	210727113 1.9473057	
5.29530167978123	-53	-21.9375	63	1186	210727115 1.948736	
4.67557344147543	-56.5	65.0625	64	1130	210727116 1.9507918	
5.28916575662969	-53	-4.0625	65	1186	210727117 1.9519583	
5.24007837141735	-53	39	66	1186	210727118 1.9531148	
4.72466082668778	-56	8.9375	67	1130	210727121 1.9548653	
2.10768960255487	-53.5	19.9375	68	1186	210727122 1.9559079	
1.58920409624952	-56.5	15.8125	69	1130	210727123 1.956911	
4.73079674983932	-56	-12.1875	70	1130	210727124 1.9575989	
5.29530167978123	-53.5	13	71	1186	210727124 1.9582482	
5.28302983347815	-53.5	17.0625	72	1186	210727331 2.1648324	
4.81669967396091	-55.5	-34.9375	73	1130	210727332 2.1661702	
4.73079674983932	-56.5	30.0625	74	1130	210727334 2.1676202	
5.29530167978123	-53.5	17.0625	75	1186	210727335 2.1687827	
5.25541817929621	-53.5	17.0625	76	1186	210727343 2.176919	
1.60454390412838	-56	8.125	77	1130	210727344 2.1773934	
4.75534044244549	-56.5	4.0625	78	1130	210727344 2.1780415	
5.25848614087198	-53.5	34.9375	79	1186	210727345 2.1787394	
5.27382594875083	-53.5	21.125	80	1186	210727345 2.1792325	
1.61374778885569	-56.5	8.125	81	1130	210727346 2.1797502	
4.76147636559703	-55.5	13	82	1130	210727598 2.4316489	
5.28916575662969	-53	26	83	1186	210727599 2.4327589	
5.30757352608432	-53.5	21.9375	84	1186	210727617 2.4503734	
4.73693267299086	-56	21.9375	85	1130	210727617 2.4514356	
5.28302983347815	-53.5	26	86	1186	210727625 2.4582269	
4.88419482862788	-56.5	-100.0625	87	1130	210727627 2.4609525	
5.28916575662969	-53.5	13	88	1186	210727631 2.4658853	
4.76761228874857	-56.5	4.0625	89	1130	210727636 2.469909	
4.77988413505166	-56	0	90	1130	210727637 2.4709039	
5.35666091129666	-53.5	-21.9375	91	1186	210727639 2.4728669	
4.74920451929395	-56	21.9375	92	1130	210727639 2.4737288	
5.35052498814512	-53.5	-17.0625	93	1186	210727642 2.4755803	
5.33211721869049	-53.5	-4.0625	94	1186	210727643 2.4769813	
4.83510744341554	-56	-56.125	95	1130	210727645 2.4783897	
2.14143717988836	-53.5	17.0625	96	1186	210727831 2.665266	
4.7645443271728	-56.5	15	97	1130	210727858 2.692312	
4.80442782765783	-56	26	98	1130	210727871 2.7054246	
5.33825314184203	-53	0	99	1186	210727873 2.7066229	
4.89646667493097	-56.5	-21.9375	100	1130	210727874 2.707623	
5.35666091129666	-53.5	39	101	1186	210727874 2.7084937	
5.43642791226671	-53.5	-13	102	1186	210727875 2.7092939	
4.90873852123405	-56	-8.9375	103	1130	210727876 2.7100179	
2.30403914340423	-53.5	17.0625	104	1186	210727877 2.7113035	
1.75487402134117	-56	15.8125	105	1130	210727878 2.7119983	
5.4916512206306	-53.5	8.9375	106	1186	210727879 2.7126898	
5.00691329165873	-56	-43.125	107	1130	210727879 2.7133947	
5.55301045214602	-53.5	0	108	1186	210728081 2.9148517	
4.92714629068868	-56	48	109	1130	210728082 2.9164829	
4.95782590644639	-56	39	110	1130	210728084 2.9178605	
5.6082337605099	-53.5	-13	111	1186	210728085 2.9190052	
1.86532063806894	-56.5	12.1875	112	1130	210728086 2.9198491	
5.55301045214602	-53.5	12.1875	113	1186	210728089 2.9224691	
5.63277745311607	-53.5	-4.0625	114	1186	210728089 2.9232548	
4.97623367590102	-56	39	115	1130	210728090 2.9238066	
5.11122398523496	-56	-52.0625	116	1130	210728090 2.924459	
5.58982599105528	-53.5	34.9375	117	1186	210728091 2.9252121	
5.01918513796182	-55.5	13	118	1130	210728091 2.925861	
5.63277745311607	-53.5	-8.9375	119	1186	210728093 2.9264319	
2.46050518376857	-53.5	12.1875	120	1186	210728331 3.1646832	
5.02838902268913	-56.5	4.875	121	1130	210728338 3.1718614	
4.98236959905256	-56	61	122	1130	210728339 3.1736809	
5.6511852225707	-53.5	-8.9375	123	1186	210728339 3.1741442	
5.62050560681299	-53	0	124	1186	210728342 3.1757149	
5.0744084463257	-56	-48	125	1130	210728342 3.17611	
4.97623367590102	-56	26	126	1130	210728342 3.1766746	
5.64504929941916	-53.5	-8.9375	127	1186	210728343 3.1771202	
5.57755414475219	-53.5	13	128	1186	210728344 3.1775915	
1.83464102231123	-56.5	17.875	129	1130	210728344 3.1781206	
5.63891337626762	-53	-17.0625	130	1186	210728345 3.1786844	
5.06213660002262	-56	-34.9375	131	1130	210728345 3.1791327	
5.62664152996453	-53.5	-13	132	1186	210728581 3.414665	
5.06827252317416	-56	-17.0625	133	1130	210728583 3.4169097	
5.65732114572224	-53.5	-13	134	1186	210728590 3.4245326	
5.08054436947724	-56	-21.9375	135	1130	210728592 3.4258816	
2.44823333746548	-53.5	17.0625	136	1186	210728593 3.4266498	
1.87145656122048	-56.5	17.0625	137	1130	210728593 3.4272656	
5.02532106111336	-55.5	0	138	1130	210728593 3.4278789	
5.58982599105528	-53.5	34.9375	139	1186	210728594 3.4284896	
5.61436968366145	-53	8.9375	140	1186	210728594 3.429115	
5.03759290741645	-56	-8.9375	141	1130	210728596 3.4296637	
5.70027260778304	-53	-34.9375	142	1186	210728596 3.4303963	
4.97009775274948	-56	52.0625	143	1130	210728597 3.4311039	
5.6082337605099	-53.5	8.9375	144	1186	210728832 3.6656682	
1.84691286861431	-56.5	14.1875	145	1130	210728833 3.6675129	
4.96396182959793	-55	39	146	1130	210728835 3.6690468	
5.63891337626762	-53.5	-17.0625	147	1186	210728837 3.6715748	
5.63277745311607	-53	4.0625	148	1186	210728839 3.6730421	
5.00077736850719	-55.5	-4.0625	149	1130	210728840 3.6744837	
5.08054436947724	-56	-34.9375	150	1130	210728841 3.6758737	
5.6082337605099	-53	0	151	1186	210728842 3.676976	
2.44516537588971	-53	19.125	152	1186	210728844 3.6777621	
4.9885055222041	-56	15	153	1130	210728845 3.6785739	
5.02532106111336	-56	-17.0625	154	1130	210728845 3.6797707	
5.62050560681299	-53.5	17.0625	155	1186	210728846 3.6809644	
5.6511852225707	-53.5	0	156	1186	210729081 3.9147909	
5.03759290741645	-56	-4.0625	157	1130	210729082 3.9164159	
5.59596191420682	-53	26	158	1186	210729084 3.9179326	
4.96396182959793	-55.5	26	159	1130	210729084 3.9188997	
1.87759248437202	-56.5	8.9375	160	1130	210729086 3.920041	
5.59596191420682	-53.5	8.9375	161	1186	210729088 3.9216149	
5.0744084463257	-56	-21.9375	162	1130	210729088 3.9227845	
5.63277745311607	-53	-13	163	1186	210729090 3.9244122	
4.99464144535565	-56	13	164	1130	210729091 3.9253991	
5.58982599105528	-53	-4.0625	165	1186	210729092 3.926521	
5.06213660002262	-56	-13	166	1130	210729094 3.9275722	
5.56528229844911	-53	48	167	1186	210729094 3.9285288	
5.57141822160065	-53	8.9375	168	1186	210729331 4.1651177	
1.82543713758391	-56	26	169	1130	210729343 4.1769869	
1.88986433067511	-57	1.25	170	1130	210729347 4.1816635	
2.48504887637474	-53.5	0.8125	171	1186	210729381 4.2148757	
2.43289352958663	-53	15	172	1186	210729407 4.2410564	
5.01611717638605	-56	6.0625	173	1130	210729407 4.2420473	
4.91487444438559	-55.5	74	174	1130	210729409 4.2427182	
5.63891337626762	-53	-30.0625	175	1186	210729410 4.2434295	
4.99464144535565	-55.5	13	176	1130	210729410 4.2441274	
5.58982599105528	-53	0	177	1186	210729411 4.2450053	
5.58369006790373	-53	4.0625	178	1186	210729581 4.4148417	
4.98236959905256	-55.5	26	179	1130	210729606 4.4396945	
4.98236959905256	-56.5	8.9375	180	1130	210729606 4.4406358	
5.6726609536011	-53.5	17.0625	181	1186	210729607 4.4414909	
5.00077736850719	-55.5	21.9375	182	1130	210729608 4.4424162	
5.74322406984384	-53	8.9375	183	1186	210729609 4.4433094	
5.75549591614693	-53	-4.0625	184	1186	210729610 4.4441312	
5.02532106111336	-55.5	-8.9375	185	1130	210729611 4.4448202	
5.74935999299538	-53.5	-17.0625	186	1186	210729611 4.4455587	
4.95782590644639	-55.5	52.0625	187	1130	210729612 4.4462228	
2.42675760643508	-53	15	188	1186	210729612 4.4467852	
1.84691286861431	-56	14.1875	189	1130	210729614 4.4474259	
5.06213660002262	-56	-30.0625	190	1130	210729840 4.6746246	
5.6082337605099	-53	13	191	1186	210729842 4.6765738	
5.01918513796182	-56	-8.9375	192	1130	210729843 4.6780537	
5.55301045214602	-53	48	193	1186	210729846 4.6799373	
5.62050560681299	-53	-43.125	194	1186	210729848 4.6814795	
5.02532106111336	-55.5	-13	195	1130	210729849 4.6829152	
2.414485760132	-53	13	196	1186	210729850 4.6842363	
1.85611675334163	-56.5	15.8125	197	1130	210729852 4.6861303	
5.61436968366145	-53	-21.9375	198	1186	210729853 4.6873848	
4.99464144535565	-56	21.9375	199	1130	210729855 4.6886846	
5.55301045214602	-53	30.0625	200	1186	210729856 4.690239	
5.00077736850719	-56	8.9375	201	1130	210729857 4.6913124	
5.06213660002262	-56	-34.9375	202	1130	210729858 4.6922714	
5.6082337605099	-53	-39	203	1186	210729859 4.693475	
5.68800076147996	-53.5	12.1875	204	1186	210730091 4.9244758	
1.80702936812929	-56.5	14.1875	205	1130	210730092 4.9259135	
5.03759290741645	-56	-39	206	1130	210730092 4.9269929	
5.73095222354076	-53.5	-26	207	1186	210730094 4.9278305	
5.04986475371953	-55.5	-39	208	1130	210730094 4.9282277	
5.57755414475219	-53.5	26	209	1186	210730095 4.9286623	
5.09281621578033	-56	-56.125	210	1130	210730095 4.9291145	
5.58982599105528	-53.5	-13	211	1186	210730095 4.9296396	
2.48504887637474	-53.5	13	212	1186	210730096 4.9300962	
1.84384490703854	-56.5	-2	213	1130	210730096 4.9306926	
5.00077736850719	-55.5	0	214	1130	210730096 4.9310829	
5.68800076147996	-53	-13	215	1186	210730098 4.9318326	
5.03759290741645	-55.5	-21.9375	216	1130	210730342 5.175375	
5.62664152996453	-53.5	-8.9375	217	1186	210730345 5.1792906	
5.0314569842649	-56	-34.9375	218	1130	210730356 5.1892821	
5.58982599105528	-53	-8.9375	219	1186	210730360 5.1940559	
2.40834983698046	-53.5	17.875	220	1186	210730361 5.1953754	
1.84998083019008	-56.5	4.875	221	1130	210730362 5.1964209	
5.67572891517687	-53	-39	222	1186	210730362 5.1972271	
5.03759290741645	-56	-21.9375	223	1130	210730364 5.1983444	
4.95782590644639	-55.5	21.9375	224	1130	210730365 5.199222	
5.63891337626762	-53	17.0625	225	1186	210730366 5.2004268	
5.6941366846315	-53	-17.0625	226	1186	210730367 5.2011779	
5.0744084463257	-56	8.9375	227	1130	210730368 5.2019732	
2.46050518376857	-53	17.0625	228	1186	210730591 5.424635	
5.17565117832615	-56	19.125	229	1130	210730607 5.4413668	
5.61436968366145	-53	43.125	230	1186	210730609 5.4426265	
5.17871913990192	-55	13	231	1130	210730622 5.4558646	
5.70027260778304	-53	-30.0625	232	1186	210730622 5.4565675	
5.0314569842649	-56	-34.9375	233	1130	210730623 5.4573253	
4.97009775274948	-55.5	13	234	1130	210730623 5.4579661	
5.63277745311607	-53	34.9375	235	1186	210730624 5.4585409	
1.85304879176585	-56.5	6.0625	236	1130	210730625 5.459074	
5.61130172208568	-53.5	17.0625	237	1186	210730625 5.4600113	
4.99464144535565	-56	4.0625	238	1130	210730626 5.460768	
5.72481630038921	-53.5	-30.0625	239	1186	210730627 5.4614708	
5.6941366846315	-53.5	-13	240	1186	210730834 5.6677823	
4.99464144535565	-55.5	0	241	1130	210730842 5.6763869	
5.04986475371953	-55.5	-30.0625	242	1130	210730843 5.6770832	
5.67572891517687	-53.5	13	243	1186	210730844 5.678706	
4.96702979117371	-56.5	15.8125	244	1130	210730847 5.6811435	
5.59289395263105	-53.5	10.125	245	1186	210730849 5.6839983	
5.6511852225707	-53.5	0	246	1186	210730850 5.6845928	
5.06213660002262	-56	-52.0625	247	1130	210730851 5.6853796	
5.09895213893187	-56	-80.5625	248	1130	210730853 5.6876482	
5.62050560681299	-53.5	0	249	1186	210730856 5.6900238	
5.61436968366145	-53.5	0	250	1186	210730857 5.691024	
4.93328221384022	-55.5	61	251	1130	210730858 5.6926071	
5.54994249057025	-53.5	14.1875	252	1186	210731092 5.9255076	
4.97930163747679	-56	15	253	1130	210731114 5.9482218	
5.10508806208341	-56	-74	254	1130	210731116 5.9502346	
5.58982599105528	-53.5	-13	255	1186	210731143 5.9767861	
5.01304921481027	-56	-34.9375	256	1130	210731144 5.9777175	
5.73095222354076	-53.5	0	257	1186	210731144 5.9786148	
5.0314569842649	-56	-34.9375	258	1130	210731145 5.9792466	
5.66345706887379	-53.5	56.125	259	1186	210731145 5.9800688	
5.54380656741871	-53.5	10.9375	260	1186	210731147 5.9809183	
1.84384490703854	-56	8.125	261	1130	210731148 5.9817001	
5.0744084463257	-55.5	-48	262	1130	210731149 5.9825606	
5.58982599105528	-53.5	-17.0625	263	1186	210731149 5.9833041	
4.97623367590102	-56	21.9375	264	1130	210731331 6.1644617	
5.74322406984384	-53.5	0	265	1186	210731338 6.1715234	
4.96396182959793	-56	20.3125	266	1130	210731339 6.1731677	
5.72481630038921	-53.5	26	267	1186	210731340 6.1739561	
5.53460268269139	-53.5	15.8125	268	1186	210731341 6.1745964	
1.81930121443237	-56.5	17.875	269	1130	210731341 6.1752333	
5.02532106111336	-56	-21.9375	270	1130	210731342 6.1757719	
5.62050560681299	-53	-17.0625	271	1186	210731342 6.1762377	
5.74935999299538	-53.5	0	272	1186	210731343 6.1770277	
4.96396182959793	-55.5	43.125	273	1130	210731343 6.177651	
5.03759290741645	-56	-13	274	1130	210731580 6.4144627	
5.68186483832841	-53	30.0625	275	1186	210731591 6.4249336	
5.69720464620727	-53.5	8.9375	276	1186	210731602 6.4362254	
1.85611675334163	-56.5	10.9375	277	1130	210731605 6.4396217	
5.02532106111336	-56	-17.0625	278	1130	210731607 6.4407272	
5.71868037723767	-53.5	0	279	1186	210731607 6.4413271	
5.19099098620501	-55.5	-13	280	1130	210731608 6.4420504	
5.63277745311607	-53	56.125	281	1186	210731608 6.4426663	
5.18485506305347	-55.5	-17.0625	282	1130	210731609 6.4439505	
5.71868037723767	-53.5	13	283	1186	210731611 6.4446852	
2.40528187540469	-53.5	15	284	1186	210731611 6.4454481	
5.00384533008296	-56	8.125	285	1130	210731612 6.4458966	
5.60209783735836	-53.5	-8.9375	286	1186	210731841 6.6742796	
5.03759290741645	-55.5	-17.0625	287	1130	210731859 6.6928733	
5.66959299202533	-53.5	-34.9375	288	1186	210731888 6.7219731	
5.10508806208341	-56	-39	289	1130	210731890 6.7240222	
5.59596191420682	-53.5	-8.9375	290	1186	210731890 6.7246021	
5.04986475371953	-56	-17.0625	291	1130	210731890 6.7253723	
5.58982599105528	-53.5	8.9375	292	1186	210731892 6.7257467	
4.97623367590102	-56	6.875	293	1130	210731892 6.726239	
5.06213660002262	-56	-43.125	294	1130	210731893 6.7268422	
5.58369006790373	-53.5	26	295	1186	210731893 6.7274238	
5.62050560681299	-53	4.0625	296	1186	210731894 6.7279017	
4.96396182959793	-56	8.9375	297	1130	210731894 6.728394	
5.61436968366145	-53.5	8.9375	298	1186	210731895 6.728829	
4.97623367590102	-55.5	34.9375	299	1130	210731896 6.7295891	
1.84691286861431	-56.5	6.875	300	1130	210732081 6.9144433	
5.62050560681299	-53.5	1.1875	301	1186	210732083 6.9172673	
5.6511852225707	-53.5	4.0625	302	1186	210732085 6.9196356	
5.02532106111336	-55.5	-12.1875	303	1130	210732090 6.9238463	
5.68186483832841	-53.5	-43.125	304	1186	210732092 6.9256228	
4.95168998329485	-56	13	305	1130	210732093 6.9271278	
5.66345706887379	-53.5	-34.9375	306	1186	210732095 6.9282929	
5.02532106111336	-55.5	-21.9375	307	1130	210732096 6.9294547	
5.63584541469185	-53.5	15	308	1186	210732097 6.9302842	
1.84691286861431	-56.5	8.9375	309	1130	210732098 6.9317402	
5.6941366846315	-53.5	-17.0625	310	1186	210732099 6.9327043	
4.99464144535565	-55.5	-13	311	1130	210732099 6.9334777	
5.6511852225707	-53.5	-8.9375	312	1186	210732331 7.1648398	
5.02532106111336	-56	-17.0625	313	1130	210732335 7.1685243	
5.0744084463257	-56	-69.125	314	1130	210732342 7.1762927	
5.63891337626762	-53.5	13	315	1186	210732344 7.1782858	
2.43289352958663	-53.5	27.25	316	1186	210732346 7.1798514	
1.84077694546277	-56.5	8.125	317	1130	210732349 7.1827858	
5.67572891517687	-53.5	-21.9375	318	1186	210732350 7.1844041	
5.01304921481027	-56	0	319	1130	210732352 7.1856647	
5.67572891517687	-53.5	-34.9375	320	1186	210732354 7.1879193	
5.09281621578033	-56	-74	321	1130	210732355 7.1890666	
5.6511852225707	-53.5	13	322	1186	210732356 7.189948	
5.08668029262879	-56.5	-48	323	1130	210732357 7.1909298	
5.62664152996453	-53.5	12.1875	324	1186	210732581 7.414577	
1.8162332528566	-56	23.1875	325	1130	210732594 7.4275213	
5.03759290741645	-56	-13	326	1130	210732628 7.4624484	
5.66959299202533	-53.5	-8.9375	327	1186	210732629 7.4636491	
4.98236959905256	-56	34.9375	328	1130	210732630 7.465071	
5.6511852225707	-53.5	17.0625	329	1186	210732632 7.4656892	
5.62664152996453	-53.5	34.9375	330	1186	210732632 7.4661793	
5.06827252317416	-56	-78.0625	331	1130	210732632 7.4666489	
5.64504929941916	-53.5	17.0625	332	1186	210732633 7.4671115	
4.97930163747679	-56.5	13	333	1130	210732633 7.4674716	
5.6941366846315	-53.5	-4.0625	334	1186	210732633 7.4678467	
5.08054436947724	-56	-48	335	1130	210732633 7.4682618	
5.68186483832841	-53	-21.9375	336	1186	210732830 7.6642677	
4.9885055222041	-56	-8.9375	337	1130	210732846 7.6796172	
4.96396182959793	-56	13	338	1130	210732846 7.6810086	
5.66345706887379	-53.5	-8.9375	339	1186	210732848 7.6825001	
4.99157348377988	-56	0	340	1130	210732849 7.6837454	
5.63584541469185	-53.5	15.8125	341	1186	210732851 7.6847597	
5.0314569842649	-56	-39	342	1130	210732852 7.6859663	
5.6941366846315	-53	-17.0625	343	1186	210732854 7.6889808	
5.66959299202533	-53	-8.9375	344	1186	210732856 7.6903053	
4.9885055222041	-56	4.0625	345	1130	210732857 7.6911704	
5.70027260778304	-53	-13	346	1186	210733080 7.9140069	
4.96396182959793	-55.5	17.0625	347	1130	210733083 7.9170762	
2.48198091479897	-53.5	17.0625	348	1186	210733084 7.9183175	
1.837708983887	-56.5	10.9375	349	1130	210733086 7.9195086	
5.04372883056799	-56	-43.125	350	1130	210733088 7.9213756	
5.68186483832841	-53.5	-8.9375	351	1186	210733088 7.9221435	
5.65425318414647	-53.5	4.875	352	1186	210733091 7.9246518	
1.78248567552312	-56.5	25.1875	353	1130	210733091 7.9255686	
5.66959299202533	-53.5	0	354	1186	210733092 7.9262312	
4.90873852123405	-56	52.0625	355	1130	210733093 7.9271757	
5.68186483832841	-53	4.0625	356	1186	210733331 8.1648099	
5.02532106111336	-55.5	-52.0625	357	1130	210733331 8.1653376	
5.01918513796182	-56	-52.0625	358	1130	210733332 8.1662691	
5.71868037723767	-53.5	-39	359	1186	210733333 8.167164	
5.49778714378214	-53.5	10.9375	360	1186	210733334 8.1682887	
4.98543756062833	-56.5	12.1875	361	1130	210733335 8.1690536	
5.54073860584294	-53.5	-8.9375	362	1186	210733335 8.1696277	
5.00691329165873	-55.5	8.9375	363	1130	210733336 8.1712221	
5.64504929941916	-53	30.0625	364	1186	210733338 8.1722754	
5.00691329165873	-56	-26	365	1130	210733339 8.1736072	
5.71254445408613	-53.5	-13	366	1186	210733340 8.1743108	
5.04372883056799	-56	-17.0625	367	1130	210733341 8.1750926	
5.6511852225707	-53.5	14.1875	368	1186	210733580 8.414397	
1.8162332528566	-56.5	19.9375	369	1130	210733584 8.4179028	
4.93328221384022	-55.5	34.9375	370	1130	210733593 8.4266627	
5.70027260778304	-53	-13	371	1186	210733595 8.4287471	
5.08054436947724	-55.5	-43.125	372	1130	210733597 8.4306571	
5.70027260778304	-53.5	-13	373	1186	210733598 8.4323653	
5.00077736850719	-56	17.0625	374	1130	210733600 8.4336224	
5.68186483832841	-53	0	375	1186	210733601 8.4347598	
1.837708983887	-56	14.1875	376	1130	210733602 8.4357514	
5.62050560681299	-53.5	13	377	1186	210733618 8.4522184	
5.77390368560155	-53	-56.125	378	1186	210733628 8.4619597	
4.99464144535565	-55.5	-13	379	1130	210733631 8.4646264	
5.70640853093458	-53.5	-21.9375	380	1186	210733830 8.6641902	
5.02532106111336	-56	-21.9375	381	1130	210733832 8.666281	
5.0314569842649	-56	-13	382	1130	210733835 8.6694906	
5.65732114572224	-53	13	383	1186	210733838 8.6724425	
1.8162332528566	-56	19.125	384	1130	210733839 8.6735878	
5.6297094915403	-53.5	12.1875	385	1186	210733840 8.6747624	
5.03759290741645	-56	-13	386	1130	210733842 8.6757677	
5.66345706887379	-53	-4.0625	387	1186	210733843 8.6773107	
5.62664152996453	-53	13	388	1186	210733845 8.6786113	
5.00691329165873	-55.5	-39	389	1130	210733846 8.6797949	
5.06827252317416	-56	-61	390	1130	210733846 8.6807938	
5.68186483832841	-53.5	-4.0625	391	1186	210733847 8.6818556	
1.7947575218262	-56.5	15.8125	392	1130	210734081 8.9150696	
5.62357356838876	-53.5	8.125	393	1186	210734082 8.9171506	
5.76776776245001	-54	-100.0625	394	1186	210734085 8.9182514	
5.00691329165873	-56	-4.0625	395	1130	210734085 8.9190158	
5.67572891517687	-53.5	-8.9375	396	1186	210734087 8.921524	
5.04986475371953	-56	-48	397	1130	210734089 8.9231104	
2.52186441528399	-53.5	0.5625	398	1186	210734090 8.9245072	
1.88986433067511	-56.5	-0.4375	399	1130	210734092 8.9260543	
2.48811683795051	-53.5	12.1875	400	1186	210734093 8.9277958	
1.83157306073546	-56	12.1875	401	1130	210734095 8.9290072	
5.68186483832841	-53.5	-17.0625	402	1186	210734098 8.9321735	
4.97009775274948	-56	-4.0625	403	1130	210734100 8.9337272	
5.03759290741645	-56	-13	404	1130	210734330 9.1640826	
5.53460268269139	-53.5	17.0625	405	1186	210734351 9.1852888	
5.58369006790373	-53.5	-21.9375	406	1186	210734360 9.1941381	
5.04372883056799	-56	-4.0625	407	1130	210734361 9.1959195	
5.65732114572224	-53.5	19.125	408	1186	210734364 9.1976339	
4.96396182959793	-56.5	10.9375	409	1130	210734365 9.1994312	
5.74935999299538	-53	-21.9375	410	1186	210734367 9.2011737	
5.03759290741645	-56	-39	411	1130	210734368 9.2019055	
5.57755414475219	-53.5	8.9375	412	1186	210734368 9.2023753	
5.09281621578033	-56	-43.125	413	1130	210734369 9.2028901	
5.04372883056799	-55.5	-34.9375	414	1130	210734370 9.2037826	
5.60209783735836	-53.5	8.9375	415	1186	210734371 9.2048204	
5.59596191420682	-53.5	8.9375	416	1186	210734580 9.4140448	
1.85611675334163	-56	8.125	417	1130	210734584 9.4181864	
5.64504929941916	-53	-30.0625	418	1186	210734590 9.4239253	
5.10508806208341	-56	-39	419	1130	210734591 9.4247515	
5.63891337626762	-53.5	-4.0625	420	1186	210734592 9.4254448	
4.9885055222041	-55.5	13	421	1130	210734592 9.4260652	
5.00691329165873	-55.5	30.0625	422	1130	210734592 9.4267115	
5.61436968366145	-53	4.0625	423	1186	210734594 9.4273311	
2.4574372221928	-53.5	8.9375	424	1186	210734594 9.4279665	
1.84384490703854	-56	17.875	425	1130	210734594 9.4284418	
5.08054436947724	-55.5	-39	426	1130	210734595 9.42925	
5.64504929941916	-53.5	0	427	1186	210734595 9.4298216	
5.62050560681299	-53	30.0625	428	1186	210734830 9.663912	
5.09281621578033	-55.5	-52.0625	429	1130	210734831 9.6661842	
4.93328221384022	-55.5	69.125	430	1130	210734838 9.6722929	
5.65732114572224	-53.5	-13	431	1186	210734840 9.674229	
5.58062210632796	-53.5	17.875	432	1186	210734841 9.6755713	
1.86225267649317	-56.5	10.9375	433	1130	210734842 9.6765304	
4.9885055222041	-55.5	26	434	1130	210734844 9.6774573	
5.62050560681299	-53	-4.0625	435	1186	210734844 9.6782481	
5.63891337626762	-53	-4.0625	436	1186	210734845 9.6789842	
5.00077736850719	-55.5	8.9375	437	1130	210734845 9.6798613	
4.99464144535565	-55.5	21.9375	438	1130	210734846 9.6805569	
5.63277745311607	-53	4.0625	439	1186	210734846 9.6810747	
4.98543756062833	-56.5	8.9375	440	1130	210735080 9.9138162	
5.57141822160065	-53.5	21.125	441	1186	210735081 9.9158681	
5.0314569842649	-56	8.9375	442	1130	210735082 9.9170352	
5.59596191420682	-53.5	13	443	1186	210735084 9.918056	
5.62664152996453	-53	-4.0625	444	1186	210735085 9.9188181	
4.98236959905256	-55.5	13	445	1130	210735087 9.9208985	
5.04372883056799	-56	-26	446	1130	210735088 9.9220345	
5.62050560681299	-53	-4.0625	447	1186	210735089 9.9231001	
5.58062210632796	-53.5	14.1875	448	1186	210735090 9.9240627	
1.85304879176585	-56	10.9375	449	1130	210735090 9.9251088	
5.65732114572224	-53.5	-21.9375	450	1186	210735092 9.9262809	
5.03759290741645	-56	-34.9375	451	1130	210735093 9.9274821	
5.60209783735836	-53.5	56.125	452	1186	210735330 10.1640877	
5.06827252317416	-55.5	-43.125	453	1130	210735336 10.1697175	
5.66959299202533	-53.5	-4.0625	454	1186	210735342 10.1760236	
5.05600067687107	-55.5	-13	455	1130	210735344 10.17798	
2.45130129904125	-53.5	15	456	1186	210735345 10.1797568	
1.83464102231123	-56.5	15.8125	457	1130	210735348 10.1816201	
5.08054436947724	-55.5	-56.125	458	1130	210735348 10.1830333	
5.68800076147996	-53.5	-39	459	1186	210735350 10.184046	
5.79844737820772	-53.5	-26	460	1186	210735351 10.1852799	
5.12349583153804	-56	-69.125	461	1130	210735352 10.186291	
5.00691329165873	-55.5	-21.9375	462	1130	210735355 10.188661	
5.81685514766235	-53.5	-17.0625	463	1186	210735355 10.1896537	
2.4574372221928	-53.5	17.0625	464	1186	210735580 10.4142443	
4.98236959905256	-56.5	15	465	1130	210735583 10.4165678	
5.11122398523496	-56	-52.0625	466	1130	210735586 10.4196225	
5.63277745311607	-53.5	21.9375	467	1186	210735588 10.4218735	
5.00691329165873	-56	39	468	1130	210735589 10.4230872	
5.63891337626762	-53.5	-8.9375	469	1186	210735589 10.4241898	
5.66959299202533	-53.5	-17.0625	470	1186	210735592 10.4260883	
5.06213660002262	-56	-8.9375	471	1130	210735594 10.4273201	
1.86838859964471	-56.5	13	472	1130	210735594 10.4284814	
5.61743764523722	-53.5	8.9375	473	1186	210735595 10.4298728	
5.63891337626762	-53.5	4.0625	474	1186	210735596 10.43116	
5.00691329165873	-56	21.9375	475	1130	210735598 10.4323264	
5.09281621578033	-55.5	-48	476	1130	210735830 10.6637977	
5.62664152996453	-53.5	8.9375	477	1186	210735831 10.6661063	
5.6511852225707	-53	4.0625	478	1186	210735833 10.667184	
5.01304921481027	-56	26	479	1130	210735834 10.6683679	
1.87145656122048	-56	14.1875	480	1130	210735836 10.670043	
5.61130172208568	-53.5	12.1875	481	1186	210735838 10.6716223	
5.06827252317416	-56	-4.0625	482	1130	210735838 10.6724735	
5.66959299202533	-53.5	-8.9375	483	1186	210735839 10.6730298	
5.63891337626762	-53	13	484	1186	210735839 10.6735051	
5.04986475371953	-55.5	-8.9375	485	1130	210735839 10.6741123	
5.67572891517687	-53.5	-17.0625	486	1186	210735841 10.6746764	
5.12349583153804	-56	-69.125	487	1130	210735841 10.6757248	
1.84998083019008	-56	15.8125	488	1130	210736080 10.9140375	
5.5867580294795	-53.5	25.1875	489	1186	210736127 10.9602707	
5.6941366846315	-53.5	-30.0625	490	1186	210736133 10.966371	
5.12349583153804	-56	-61	491	1130	210736134 10.9678883	
5.06213660002262	-56	-34.9375	492	1130	210736136 10.9694819	
5.6511852225707	-53.5	4.0625	493	1186	210736138 10.9721932	
5.0314569842649	-55.5	4.0625	494	1130	210736139 10.9728608	
5.61436968366145	-53	0	495	1186	210736139 10.9733783	
2.36539837491966	-53.5	17.875	496	1186	210736139 10.9737642	
1.80089344497774	-56	15.8125	497	1130	210736140 10.9741666	
5.60209783735836	-53.5	-34.9375	498	1186	210736141 10.9752201	
4.95782590644639	-55.5	26	499	1130	210736141 10.9757723	
4.92714629068868	-56	13	500	1130	210736331 11.1646062	
5.53460268269139	-53.5	21.9375	501	1186	210736332 11.1659026	
5.51619491323677	-53.5	26	502	1186	210736333 11.1673197	
5.01918513796182	-55.5	-69.125	503	1130	210736335 11.1692364	
1.80089344497774	-56	13	504	1130	210736338 11.1723503	
2.35619449019234	-53.5	17.875	505	1186	210736338 11.1729879	
5.00077736850719	-55.5	-69.125	506	1130	210736341 11.1747621	
5.55914637529756	-54	-4.0625	507	1186	210736341 11.1753859	
5.01304921481027	-56	-56.125	508	1130	210736341 11.1759899	
5.58369006790373	-54	-17.0625	509	1186	210736343 11.1764204	
5.53460268269139	-54	8.9375	510	1186	210736343 11.1772202	
4.93328221384022	-55.5	-8.9375	511	1130	210736343 11.1776875	
5.51005899008522	-53.5	14.1875	512	1186	210736590 11.4238343	
1.80089344497774	-56.5	8.9375	513	1130	210736595 11.4291421	
5.57141822160065	-54	-13	514	1186	210736599 11.4335982	
5.00691329165873	-55.5	-48	515	1130	210736601 11.4354512	
5.63277745311607	-53.5	-21.9375	516	1186	210736604 11.4387854	
4.99464144535565	-56	8.9375	517	1130	210736605 11.4399871	
4.89646667493097	-55.5	61	518	1130	210736607 11.440898	
5.61436968366145	-53.5	-30.0625	519	1186	210736607 11.4418294	
2.39607799067737	-53.5	17.875	520	1186	210736608 11.4426389	
1.83157306073546	-56	13	521	1130	210736610 11.4434699	
5.63277745311607	-53.5	-13	522	1186	210736610 11.4443957	
5.04372883056799	-56	-13	523	1130	210736611 11.4454434	
5.63277745311607	-53.5	-4.0625	524	1186	210736830 11.6634838	
5.08668029262879	-56	-52.0625	525	1130	210736830 11.6641109	
4.92714629068868	-55.5	56.125	526	1130	210736831 11.6650301	
5.62664152996453	-53.5	-21.9375	527	1186	210736832 11.6659027	
5.58369006790373	-53.5	13	528	1186	210736833 11.6666834	
1.82850509915968	-56	23.1875	529	1130	210736834 11.6677524	
5.09281621578033	-55.5	-74	530	1130	210736834 11.6682243	
5.68186483832841	-53.5	-39	531	1186	210736835 11.6686255	
5.58982599105528	-53.5	17.875	532	1186	210736835 11.6689614	
1.84998083019008	-56	15	533	1130	210736836 11.6694443	
5.65732114572224	-53.5	8.9375	534	1186	210737079 11.9138295	
5.0744084463257	-56	-61	535	1130	210737101 11.9355931	
5.0314569842649	-56	-4.0625	536	1130	210737106 11.9403756	
5.6941366846315	-53	-43.125	537	1186	210737121 11.9549043	
5.0314569842649	-55.5	-4.0625	538	1130	210737133 11.9668862	
5.65732114572224	-53.5	-4.0625	539	1186	210737155 11.9892752	
5.59596191420682	-53.5	10.9375	540	1186	210737157 11.9906971	
4.96089386802216	-56	24	541	1130	210737158 11.9919133	
5.04372883056799	-56	-26	542	1130	210737159 11.9926898	
5.67572891517687	-53.5	-30.0625	543	1186	210737159 11.9934218	
5.25848614087198	-55.5	-52.0625	544	1130	210737160 11.9940751	
5.57141822160065	-53	21.9375	545	1186	210737160 11.9945711	
5.26462206402352	-56	-21.9375	546	1130	210737330 12.1637341	
5.58982599105528	-53.5	13	547	1186	210737338 12.1722396	
5.58062210632796	-53.5	10.9375	548	1186	210737339 12.1727834	
4.98543756062833	-56	12.1875	549	1130	210737339 12.1735442	
5.02532106111336	-56	-8.125	550	1130	210737340 12.1741772	
5.64504929941916	-53	-4.0625	551	1186	210737340 12.1746986	
5.65732114572224	-53	4.0625	552	1186	210737341 12.1752973	
5.03759290741645	-56	-13	553	1130	210737342 12.1759983	
5.65732114572224	-53.5	-17.0625	554	1186	210737342 12.1764114	
5.14190360099267	-56	-78.0625	555	1130	210737343 12.1771053	
5.57755414475219	-53.5	21.125	556	1186	210737343 12.1776982	
5.00384533008296	-56.5	10.9375	557	1130	210737344 12.1783191	
5.58369006790373	-53	26	558	1186	210737580 12.413684	
5.09281621578033	-56	-48	559	1130	210737598 12.432641	
5.64504929941916	-53	-13	560	1186	210737610 12.4445819	
5.04986475371953	-56	-26	561	1130	210737612 12.4455848	
5.63277745311607	-53.5	8.9375	562	1186	210737613 12.4469837	
5.08668029262879	-55.5	-28.4375	563	1130	210737613 12.4478867	
5.63584541469185	-53.5	0	564	1186	210737614 12.4483697	
1.84384490703854	-56.5	10.9375	565	1130	210737615 12.4494974	
5.66345706887379	-53.5	-26	566	1186	210737616 12.450347	
5.04372883056799	-56	4.0625	567	1130	210737617 12.4511006	
5.64504929941916	-53.5	-4.0625	568	1186	210737618 12.4517849	
5.03759290741645	-55.5	4.0625	569	1130	210737618 12.4524322	
4.99464144535565	-56	30.0625	570	1130	210737839 12.6732703	
5.66345706887379	-53.5	-8.9375	571	1186	210737875 12.7082681	
5.64198133784339	-53.5	4.0625	572	1186	210737877 12.7102311	
1.85611675334163	-56.5	8.125	573	1130	210737877 12.7113287	
5.68186483832841	-53.5	0	574	1186	210737878 12.7122785	
5.05600067687107	-56	-13	575	1130	210737878 12.7130036	
5.66345706887379	-53.5	-4.0625	576	1186	210737880 12.7137037	
5.01304921481027	-56	17.0625	577	1130	210737880 12.7143611	
5.02532106111336	-55.5	-17.0625	578	1130	210737881 12.7148871	
5.67572891517687	-53.5	-34.9375	579	1186	210737881 12.7153119	
5.59289395263105	-53.5	14.1875	580	1186	210737881 12.7159871	
1.83157306073546	-56	14.1875	581	1130	210737883 12.7163288	
5.62050560681299	-53.5	4.0625	582	1186	210738080 12.913425	
5.04372883056799	-56	-48	583	1130	210738082 12.9156854	
5.57755414475219	-54	13	584	1186	210738085 12.9190966	
4.98236959905256	-55.5	-21.9375	585	1130	210738087 12.9214957	
5.62664152996453	-53.5	-13	586	1186	210738089 12.9227041	
4.97009775274948	-56	-4.0625	587	1130	210738090 12.9238313	
1.78555363709889	-56.5	19.125	588	1130	210738090 12.9248404	
2.36539837491966	-53.5	15	589	1186	210738093 12.9266334	
5.57755414475219	-53.5	-30.0625	590	1186	210738094 12.9281462	
5.00077736850719	-56	-30.0625	591	1130	210738095 12.9292141	
5.56528229844911	-53.5	-34.9375	592	1186	210738338 13.1717881	
4.93328221384022	-55.5	0	593	1130	210738340 13.1738706	
5.52846675953985	-53.5	0	594	1186	210738341 13.1749287	
4.86578705917325	-55.5	61	595	1130	210738341 13.1755744	
5.4701754896002	-53.5	6.0625	596	1186	210738342 13.1762413	
1.75487402134117	-56	17.0625	597	1130	210738343 13.1779336	
5.01304921481027	-56	-87.0625	598	1130	210738344 13.178394	
5.57755414475219	-53.5	-56.125	599	1186	210738344 13.1789164	
5.46097160487288	-53.5	21.9375	600	1186	210738346 13.1802675	
4.86578705917325	-56	34.9375	601	1130	210738346 13.1808903	
5.47937937432751	-53	13	602	1186	210738347 13.1817502	
4.85965113602171	-56	8.9375	603	1130	210738349 13.1823103	
5.42108810438786	-53	6.875	604	1186	210738579 13.4133734	
1.7088545977046	-56	19.125	605	1130	210738600 13.4343633	
5.41188421966054	-53	4.0625	606	1186	210738604 13.437774	
4.828971520264	-55.5	26	607	1130	210738605 13.4390901	
5.04372883056799	-55	-8.9375	608	1130	210738605 13.4397657	
5.33211721869049	-52	39	609	1186	210738607 13.4405548	
5.3198453723874	-52.5	4.0625	610	1186	210738608 13.4412683	
5.03759290741645	-55	0	611	1130	210738608 13.4418966	
1.68431090509843	-56	14.1875	612	1130	210738609 13.4425755	
2.17211679564607	-52.5	6.875	613	1186	210738609 13.4431988	
5.35052498814512	-53	-8.9375	614	1186	210738610 13.4437797	
4.90873852123405	-56	-61	615	1130	210738610 13.4442481	
5.39961237335746	-53	-30.0625	616	1186	210738829 13.6635782	
4.87805890547634	-55.5	0	617	1130	210738838 13.6717523	
5.38120460390283	-53	-8.9375	618	1186	210738839 13.6733778	
4.83510744341554	-55.5	-4.0625	619	1130	210738841 13.6743152	
5.34438906499357	-53	34.9375	620	1186	210738841 13.6748763	
4.93328221384022	-55.5	-52.0625	621	1130	210738841 13.6756184	
4.89646667493097	-56	-61	622	1130	210738842 13.6762317	
5.31370944923586	-53	48	623	1186	210738842 13.6766841	
2.15984494934298	-53	14.1875	624	1186	210738843 13.6771964	
1.65976721249226	-56	21.125	625	1130	210738844 13.677656	
5.35666091129666	-53	13	626	1186	210738844 13.6782776	
4.81056375080937	-56	65.0625	627	1130	210738845 13.6791374	
5.35666091129666	-53	-8.9375	628	1186	210739089 13.9233116	
4.8719229823248	-56	-43.125	629	1130	210739092 13.9253773	
4.87805890547634	-55.5	-52.0625	630	1130	210739092 13.9268005	
5.30757352608432	-53	17.0625	631	1186	210739094 13.9281754	
4.76147636559703	-56	13	632	1130	210739097 13.9315532	
5.27689391032661	-53	15	633	1186	210739098 13.932989	
5.3198453723874	-52.5	-4.0625	634	1186	210739100 13.9349712	
4.76761228874857	-55.5	0	635	1130	210739104 13.9385502	
4.9885055222041	-55.5	-39	636	1130	210739105 13.9394248	
5.28916575662969	-52.5	4.0625	637	1186	210739105 13.9399886	
4.92714629068868	-55	26	638	1130	210739106 13.9405929	
5.3627968344482	-52.5	-26	639	1186	210739107 13.9411652	
5.27075798717506	-53	14.1875	640	1186	210739329 14.1632146	
1.54625263418873	-56	17.0625	641	1130	210739329 14.1641296	
5.30143760293278	-52.5	8.9375	642	1186	210739331 14.1650638	
4.74920451929395	-56	-30.0625	643	1130	210739332 14.1659221	
5.20326283250809	-52.5	39	644	1186	210739333 14.1669474	
4.7001171340816	-56	-4.0625	645	1130	210739333 14.1673627	
4.73079674983932	-55.5	-56.125	646	1130	210739333 14.1678343	
5.22167060196272	-52.5	8.9375	647	1186	210739335 14.1684715	
1.51864098000678	-56	6.0625	648	1130	210739335 14.1689761	
5.14803952414421	-53	6.875	649	1186	210739336 14.1700141	
5.24621429456889	-52.5	-52.0625	650	1186	210739337 14.1710963	
4.62648605626309	-56	21.9375	651	1130	210739339 14.1728918	
5.10508806208341	-52.5	39	652	1186	210739579 14.4133417	
4.65716567202081	-56	-13	653	1130	210739582 14.4159294	
5.06213660002262	-52.5	48	654	1186	210739584 14.4180011	
4.60807828680847	-55.5	26	655	1130	210739589 14.4225229	
1.4634176716429	-56	17.875	656	1130	210739589 14.4240793	
5.08668029262879	-53	14.1875	657	1186	210739591 14.4251046	
5.12349583153804	-52.5	17.0625	658	1186	210739592 14.4261511	
4.69398121093006	-55.5	-52.0625	659	1130	210739598 14.4316708	
5.27075798717506	-52.5	-48	660	1186	210739599 14.4327839	
4.63875790256618	-55.5	-30.0625	661	1130	210739634 14.468336	
4.63262197941464	-56	-21.9375	662	1130	210739644 14.477262	
5.20939875565964	-52.5	21.9375	663	1186	210739645 14.478306	
1.94815560061476	-53	4.0625	664	1186	210739829 14.6631723	
1.44807786376405	-56	13	665	1130	210739844 14.6771833	
4.56512682474767	-55.5	28.4375	666	1130	210739845 14.6787338	
5.17258321675038	-52.5	-21.9375	667	1186	210739847 14.6804787	
5.09281621578033	-52.5	8.9375	668	1186	210739847 14.6811519	
4.5405831321415	-55.5	0	669	1130	210739848 14.6819704	
5.04372883056799	-52.5	34.9375	670	1186	210739848 14.6826361	
4.51603943953533	-55.5	39	671	1130	210739849 14.6832697	
1.40512640170325	-56	12.1875	672	1130	210739849 14.6838744	
1.85611675334163	-53	21.125	673	1186	210739851 14.6843504	
4.60807828680847	-56	-26	674	1130	210739851 14.6851679	
5.05600067687107	-53	-17.0625	675	1186	210739852 14.6858021	
4.4976316700807	-56	43.125	676	1130	210740079 14.9132831	
4.96396182959793	-53	8.9375	677	1186	210740083 14.9171475	
4.49149574692916	-56	21.9375	678	1130	210740091 14.9257155	
4.95782590644639	-53	-8.9375	679	1186	210740093 14.9276532	
5.08054436947724	-53.5	2.8125	680	1186	210740095 14.9294216	
1.35603901649091	-56	19.125	681	1130	210740097 14.9309513	
4.53444720898996	-55.5	12.1875	682	1130	210740099 14.9326422	
5.17871913990192	-53	-26	683	1186	210740099 14.9333674	
5.19712690935655	-53	4.0625	684	1186	210740100 14.9343539	
4.66943751832389	-56	-39.875	685	1130	210740101 14.9351983	
5.23394244826581	-53	-8.9375	686	1186	210740329 15.1631888	
4.56512682474767	-56	43.125	687	1130	210740331 15.1644581	
2.10768960255487	-53	19.125	688	1186	210740331 15.1650158	
1.47875747952176	-56	19.125	689	1130	210740334 15.1678431	
5.33825314184203	-52.5	-17.0625	690	1186	210740335 15.169318	
4.76147636559703	-55.5	-87.0625	691	1130	210740338 15.1721208	
4.84124336656708	-55	8.9375	692	1130	210740339 15.1731473	
5.31370944923586	-52.5	4.0625	693	1186	210740339 15.1735896	
5.29530167978123	-52.5	43.125	694	1186	210740340 15.174764	
4.85351521287017	-55.5	17.0625	695	1130	210740343 15.1767601	
5.29530167978123	-52.5	15.8125	696	1186	210740344 15.1778113	
1.53398078788564	-56	15	697	1130	210740344 15.1784066	
4.62648605626309	-56	39	698	1130	210740579 15.4132437	
5.35052498814512	-52.5	-8.9375	699	1186	210740582 15.4166604	
5.33825314184203	-52.5	-8.9375	700	1186	210740586 15.4194753	
4.88419482862788	-55	8.9375	701	1130	210740587 15.4218631	
4.93941813699176	-55.5	-12.1875	702	1130	210740589 15.4232273	
5.25848614087198	-52	34.9375	703	1186	210740590 15.4244887	
5.23394244826581	-52.5	17.875	704	1186	210740591 15.4255955	
1.70578663612883	-55.5	17.875	705	1130	210740592 15.4266977	
4.91487444438559	-55.5	-30.0625	706	1130	210740594 15.4278301	
5.30143760293278	-52.5	-8.9375	707	1186	210740595 15.4286824	
4.73693267299086	-55.5	-43.125	708	1130	210740596 15.4297592	
5.31370944923586	-52.5	-26	709	1186	210740596 15.430982	
5.19099098620501	-52.5	43.125	710	1186	210740830 15.6637913	
4.65716567202081	-55.5	-17.0625	711	1130	210740833 15.6675087	
1.43887397903673	-55.5	12.1875	712	1130	210740841 15.6750502	
5.14497156256844	-52.5	12.1875	713	1186	210740849 15.6831824	
4.59580644050538	-55.5	39	714	1130	210740856 15.6905448	
5.15417544729575	-52.5	43.125	715	1186	210740860 15.6943261	
5.19099098620501	-52.5	21.9375	716	1186	210740860 15.6950956	
4.60807828680847	-55.5	-13	717	1130	210740862 15.6959317	
4.58967051735384	-56	30.0625	718	1130	210740862 15.6965534	
5.23394244826581	-52.5	-4.0625	719	1186	210740863 15.6972364	
1.62295167358301	-55.5	10.9375	720	1130	210740863 15.6979121	
2.05860221734253	-52.5	8.9375	721	1186	210740865 15.6985206	
4.77988413505166	-55	-4.0625	722	1130	210741079 15.9129634	
5.20326283250809	-52.5	39	723	1186	210741081 15.9153726	
4.89033075177942	-55.5	-69.125	724	1130	210741083 15.9176928	
5.22167060196272	-52	13	725	1186	210741084 15.9181177	
5.27689391032661	-52	-8.9375	726	1186	210741084 15.918423	
4.81056375080937	-55.5	-17.0625	727	1130	210741085 15.9187195	
5.17258321675038	-52.5	15	728	1186	210741085 15.9189884	
4.7430685961424	-55.5	14.1875	729	1130	210741085 15.9192686	
4.85965113602171	-55.5	-61	730	1130	210741085 15.9195234	
5.19712690935655	-52.5	43.125	731	1186	210741087 15.9209129	
5.25235021772044	-52	-4.0625	732	1186	210741329 16.1627466	
4.83510744341554	-55.5	-34.9375	733	1130	210741339 16.1741398	
5.27689391032661	-52	-30.0625	734	1186	210741343 16.1773045	
4.81056375080937	-55.5	-30.0625	735	1130	210741344 16.1781834	
4.75227248086972	-55.5	4.0625	736	1130	210741346 16.1796824	
2.05860221734253	-52.5	6.875	737	1186	210741347 16.1810003	
4.75534044244549	-55.5	8.9375	738	1130	210741349 16.182171	
5.20939875565964	-52	13	739	1186	210741349 16.1828121	
4.66943751832389	-55.5	-39	740	1130	210741350 16.1840733	
5.0744084463257	-52	21.9375	741	1186	210741351 16.1845896	
5.11122398523496	-52	-30.0625	742	1186	210741351 16.1852897	
4.63875790256618	-55	-52.0625	743	1130	210741352 16.1864703	
1.85304879176585	-52	21.125	744	1186	210741578 16.4129638	
4.73386471141509	-55.5	10.9375	745	1130	210741579 16.4142589	
4.68170936462698	-55	30.0625	746	1130	210741581 16.415167	
5.04372883056799	-52	4.0625	747	1186	210741582 16.4158324	
5.08668029262879	-52	-13	748	1186	210741583 16.4169059	
4.63262197941464	-55	-26	749	1130	210741584 16.4179551	
5.03759290741645	-52	13	750	1186	210741589 16.4230577	
4.52831128583841	-55.5	26	751	1130	210741589 16.4238041	
1.38978659382439	-55.5	17.875	752	1130	210741590 16.4246419	
1.85304879176585	-52	17.0625	753	1186	210741592 16.4254381	
5.01304921481027	-51.5	21.9375	754	1186	210741592 16.4262009	
4.63875790256618	-55	-48	755	1130	210741593 16.4270051	
4.65716567202081	-55	-74	756	1130	210741839 16.6732247	
5.17871913990192	-52	8.9375	757	1186	210741841 16.6755706	
5.23394244826581	-52	-43.125	758	1186	210741843 16.6770607	
4.51603943953533	-55.5	26	759	1130	210741844 16.6785131	
1.58000021152221	-55.5	6.875	760	1130	210741846 16.6799219	
1.86532063806894	-52	8.9375	761	1186	210741847 16.6807714	
4.77374821190012	-55	-17.0625	762	1130	210741848 16.6821795	
5.02532106111336	-51.5	4.0625	763	1186	210741850 16.6840627	
4.50990351638379	-55.5	35.75	764	1130	210741851 16.6852427	
5.22167060196272	-52	-8.9375	765	1186	210741852 16.6860759	
4.62035013311155	-55.5	-74	766	1130	210741854 16.6879453	
5.22167060196272	-52.5	-17.0625	767	1186	210741855 16.6892548	
4.99157348377988	-52.5	15.8125	768	1186	210742079 16.9132783	
1.38058270909708	-55.5	15	769	1130	210742081 16.9146797	
5.05600067687107	-52	-13	770	1186	210742081 16.9152332	
4.52217536268687	-55.5	-13	771	1130	210742083 16.9174936	
5.14190360099267	-52	-8.9375	772	1186	210742084 16.9180827	
4.69398121093006	-55.5	8.9375	773	1130	210742084 16.9184898	
5.18485506305347	-52	-26	774	1186	210742084 16.9191475	
4.73693267299086	-55.5	-13	775	1130	210742087 16.920519	
1.94508763903899	-52.5	10.125	776	1186	210742088 16.9217527	
1.5493205957645	-55.5	8.9375	777	1130	210742090 16.9242018	
4.71238898038469	-55.5	-4.0625	778	1130	210742091 16.9251317	
5.09281621578033	-52	21.9375	779	1186	210742091 16.9257799	
4.67557344147543	-55.5	21.9375	780	1130	210742329 17.1636221	
5.17258321675038	-52	-30.0625	781	1186	210742339 17.1728803	
5.19099098620501	-52	-52.0625	782	1186	210742341 17.1746239	
4.73079674983932	-55.5	-26	783	1130	210742342 17.1771572	
1.51557301843101	-55.5	17.875	784	1130	210742345 17.1790328	
4.92714629068868	-52.5	17.0625	785	1186	210742346 17.1801857	
4.97623367590102	-52	0	786	1186	210742347 17.1809899	
4.76147636559703	-55.5	-30.0625	787	1130	210742347 17.1820198	
4.68170936462698	-55.5	-4.0625	788	1130	210742349 17.1827557	
5.09895213893187	-52	17.0625	789	1186	210742350 17.1843491	
1.56466040364335	-56	0.8125	790	1130	210742351 17.1850261	
1.98803910109979	-52.5	-0.1875	791	1186	210742351 17.1856589	
4.4761559390503	-55.5	17.875	792	1130	210742579 17.4128319	
5.10202010050764	-52.5	15	793	1186	210742599 17.432686	
4.57126274789921	-55.5	-34.9375	794	1130	210742601 17.4351409	
5.14190360099267	-52.5	4.0625	795	1186	210742603 17.4373641	
1.93281579273591	-52.5	14.1875	796	1186	210742604 17.4385089	
1.32842736230897	-55.5	15	797	1130	210742605 17.4397591	
4.48535982377761	-55	34.9375	798	1130	210742607 17.4404695	
5.08668029262879	-52	48	799	1186	210742607 17.4411814	
5.12349583153804	-52	0	800	1186	210742609 17.4434533	
4.65716567202081	-55.5	30.0625	801	1130	210742609 17.4441354	
5.1173599083865	-52	13	802	1186	210742611 17.444749	
4.70625305723315	-55.5	-4.0625	803	1130	210742611 17.4453326	
