1.05844674364109	-59	920.625	2215	0000	0	920.625	075954335 0.641494266631376	
5.61130172208568	-59	920.625	2216	0000	1	920.625	075954337 0.643265495991418	
5.6511852225707	-58.5	920.625	2216	0000	2	920.625	075954337 0.643560763814815	
4.23378697456437	-58	920.625	2215	0000	3	920.625	075954338 0.643832621657328	
4.1662918198974	-58.5	920.625	2215	0000	4	920.625	075954338 0.644104101919505	
5.65732114572224	-58.5	920.625	2216	0000	5	920.625	075954338 0.644351039459788	
4.22151512826128	-58	920.625	2215	0000	6	920.625	075954339 0.645215698431116	
5.58369006790373	-58.5	920.625	2216	0000	7	920.625	075954342 0.648001486156206	
5.6511852225707	-58	920.625	2216	0000	8	920.625	075954345 0.650760088097044	
4.22765105141283	-58	920.625	2215	0000	9	920.625	075954351 0.657585230265481	
5.61436968366145	-58.5	920.625	2216	0000	10	920.625	075954536 0.842665671868339	
4.2092432819582	-57.5	920.625	2215	0000	11	920.625	075954541 0.847500210501038	
4.17242774304894	-58	920.625	2215	0000	12	920.625	075954544 0.850346033499683	
5.66959299202533	-58.5	920.625	2216	0000	13	920.625	075954549 0.855850399649908	
4.24605882086745	-58	920.625	2215	0000	14	920.625	075954553 0.860156325811052	
5.57755414475219	-58.5	920.625	2216	0000	15	920.625	075954556 0.863023670888896	
4.03130151056347	-58.5	920.625	2215	0000	16	920.625	075954562 0.869106867695472	
5.59596191420682	-58.5	920.625	2216	0000	17	920.625	075954566 0.873035591100129	
4.09266074207889	-58.5	920.625	2215	0000	18	920.625	075954569 0.875905956820668	
5.54073860584294	-58.5	920.625	2216	0000	19	920.625	075954575 0.882046168258105	
3.99448597165421	-58	920.625	2215	0000	20	920.625	075954777 1.08314621081141	
5.58982599105528	-58.5	920.625	2216	0000	21	920.625	075954782 1.08847651242636	
3.94539858644187	-59	920.625	2215	0000	22	920.625	075954785 1.09146204014963	
5.56528229844911	-58.5	920.625	2216	0000	23	920.625	075954791 1.09735644678779	
5.68800076147996	-58.5	920.625	2216	0000	24	920.625	075954794 1.10063724233446	
4.23378697456437	-58	920.625	2215	0000	25	920.625	075954797 1.10354385576733	
4.22765105141283	-59.5	920.625	2215	0000	26	920.625	075954800 1.10638363748059	
5.68186483832841	-58.5	920.625	2216	0000	27	920.625	075954807 1.11343683817247	
4.42400059226219	-58.5	920.625	2215	0000	28	920.625	075954810 1.11669762196128	
5.62664152996453	-58.5	920.625	2216	0000	29	920.625	075954817 1.12385503482612	
5.57755414475219	-58.5	920.625	2216	0000	30	920.625	075955047 1.35262189897989	
4.15401997359432	-57.5	920.625	2215	0000	31	920.625	075955052 1.3575950095962	
5.62664152996453	-59	920.625	2216	0000	32	920.625	075955056 1.36157772698903	
4.31355397553442	-57.5	920.625	2215	0000	33	920.625	075955062 1.36775154307644	
5.74322406984384	-58	920.625	2216	0000	34	920.625	075955065 1.3712260373359	
4.27060251347362	-57.5	920.625	2215	0000	35	920.625	075955072 1.37829358608058	
5.63277745311607	-59	920.625	2216	0000	36	920.625	075955076 1.38187078219165	
4.23992289771591	-58	920.625	2215	0000	37	920.625	075955079 1.38501564881706	
4.23378697456437	-57.5	920.625	2215	0000	38	920.625	075955084 1.38996270639013	
5.60209783735836	-58.5	920.625	2216	0000	39	920.625	075955089 1.39497055439743	
4.252194744019	-58	920.625	2215	0000	40	920.625	075955092 1.39797798178024	
5.58369006790373	-58.5	920.625	2216	0000	41	920.625	075955098 1.40395583367284	
4.27673843662517	-58	920.625	2215	0000	42	920.625	075955286 1.5925553240149	
5.66345706887379	-58.5	920.625	2216	0000	43	920.625	075955290 1.59662488488519	
4.27673843662517	-57.5	920.625	2215	0000	44	920.625	075955292 1.59866608418607	
5.56528229844911	-58.5	920.625	2216	0000	45	920.625	075955294 1.60050225736404	
5.51619491323677	-58.5	920.625	2216	0000	46	920.625	075955298 1.60433658568449	
4.19697143565511	-58	920.625	2215	0000	47	920.625	075955300 1.60668513537954	
4.2092432819582	-58	920.625	2215	0000	48	920.625	075955302 1.60893853482971	
5.60209783735836	-58.5	920.625	2216	0000	49	920.625	075955305 1.61158914879422	
5.61436968366145	-58	920.625	2216	0000	50	920.625	075955310 1.61596492731767	
4.21537920510974	-57.5	920.625	2215	0000	51	920.625	075955312 1.61788076994672	
5.52233083638831	-58.5	920.625	2216	0000	52	920.625	075955546 1.85266701983014	
4.29514620607979	-58	920.625	2215	0000	53	920.625	075955550 1.85612980909916	
4.27673843662517	-58	920.625	2215	0000	54	920.625	075955553 1.85945553670591	
5.70027260778304	-59	920.625	2216	0000	55	920.625	075955556 1.8623787636736	
5.58982599105528	-58.5	920.625	2216	0000	56	920.625	075955561 1.86811798479333	
4.33196174498905	-58	920.625	2215	0000	57	920.625	075955564 1.87100685195037	
4.21537920510974	-58.5	920.625	2215	0000	58	920.625	075955571 1.87757108610606	
5.53460268269139	-58.5	920.625	2216	0000	59	920.625	075955574 1.8809572265667	
4.22765105141283	-58.5	920.625	2215	0000	60	920.625	075955576 1.88260914054031	
5.62050560681299	-58.5	920.625	2216	0000	61	920.625	075955580 1.88706194545248	
5.53460268269139	-58	920.625	2216	0000	62	920.625	075955786 2.09250529462027	
4.24605882086745	-58.5	920.625	2215	0000	63	920.625	075955790 2.09657334516922	
4.31968989868597	-58	920.625	2215	0000	64	920.625	075955793 2.098965316603	
5.61436968366145	-58.5	920.625	2216	0000	65	920.625	075955795 2.10146150020975	
4.252194744019	-58	920.625	2215	0000	66	920.625	075955801 2.10708744722843	
5.79231145505618	-58.5	920.625	2216	0000	67	920.625	075955804 2.11070919781925	
5.55301045214602	-58	920.625	2216	0000	68	920.625	075955807 2.11336925129217	
4.30128212923134	-58.5	920.625	2215	0000	69	920.625	075955812 2.1187116354779	
5.60209783735836	-58.5	920.625	2216	0000	70	920.625	075955815 2.12152121076421	
4.252194744019	-58.5	920.625	2215	0000	71	920.625	075955818 2.12412840298998	
5.68800076147996	-58.5	920.625	2216	0000	72	920.625	075956036 2.34244988470584	
4.19697143565511	-58.5	920.625	2215	0000	73	920.625	075956042 2.34788402091342	
5.55301045214602	-59	920.625	2216	0000	74	920.625	075956043 2.34911455523113	
4.29514620607979	-58.5	920.625	2215	0000	75	920.625	075956044 2.34997808146145	
4.15401997359432	-58.5	920.625	2215	0000	76	920.625	075956045 2.350866527994	
5.63891337626762	-59	920.625	2216	0000	77	920.625	075956047 2.35303459428804	
4.24605882086745	-58.5	920.625	2215	0000	78	920.625	075956053 2.35928921256754	
5.57141822160065	-58.5	920.625	2216	0000	79	920.625	075956055 2.36172385057938	
4.24605882086745	-58.5	920.625	2215	0000	80	920.625	075956057 2.36315185941325	
5.63277745311607	-59	920.625	2216	0000	81	920.625	075956058 2.36468974412513	
4.29514620607979	-58	920.625	2215	0000	82	920.625	075956286 2.59241146590657	
5.57141822160065	-58.5	920.625	2216	0000	83	920.625	075956290 2.59662375214418	
5.58369006790373	-58	920.625	2216	0000	84	920.625	075956291 2.59756808056658	
4.28287435977671	-58.5	920.625	2215	0000	85	920.625	075956292 2.59867099273045	
5.55301045214602	-58.5	920.625	2216	0000	86	920.625	075956292 2.59913390622339	
4.32582582183751	-58.5	920.625	2215	0000	87	920.625	075956293 2.60022020485244	
4.19083551250357	-58.5	920.625	2215	0000	88	920.625	075956296 2.60230595863305	
5.65732114572224	-58	920.625	2216	0000	89	920.625	075956297 2.60362900013329	
5.55914637529756	-58	920.625	2216	0000	90	920.625	075956301 2.60792397646466	
4.252194744019	-58.5	920.625	2215	0000	91	920.625	075956304 2.61104467794852	
4.23378697456437	-58.5	920.625	2215	0000	92	920.625	075956536 2.84238701757976	
5.67572891517687	-58.5	920.625	2216	0000	93	920.625	075956541 2.84659968139771	
5.58369006790373	-58.5	920.625	2216	0000	94	920.625	075956544 2.84969319709731	
4.15401997359432	-58.5	920.625	2215	0000	95	920.625	075956545 2.8507009590163	
5.59596191420682	-58.5	920.625	2216	0000	96	920.625	075956546 2.85236873136405	
4.19697143565511	-58.5	920.625	2215	0000	97	920.625	075956550 2.85555626456752	
5.70640853093458	-58.5	920.625	2216	0000	98	920.625	075956553 2.85949556022161	
4.31355397553442	-58	920.625	2215	0000	99	920.625	075956557 2.86271594291438	
4.31355397553442	-58	920.625	2215	0000	100	920.625	075956560 2.86622404182382	
5.52846675953985	-58.5	920.625	2216	0000	101	920.625	075956563 2.86885426645014	
4.30128212923134	-57.5	920.625	2215	0000	102	920.625	075956777 3.0829615740267	
5.57755414475219	-59	920.625	2216	0000	103	920.625	075956781 3.08708210824247	
5.55914637529756	-59	920.625	2216	0000	104	920.625	075956784 3.09007820821517	
4.27673843662517	-57	920.625	2215	0000	105	920.625	075956791 3.09746481234446	
5.58369006790373	-59	920.625	2216	0000	106	920.625	075956794 3.10042806282786	
4.37491320704985	-56	920.625	2215	0000	107	920.625	075956796 3.10214152239637	
5.63277745311607	-58.5	920.625	2216	0000	108	920.625	075956797 3.10354423334767	
4.30128212923134	-57.5	920.625	2215	0000	109	920.625	075956803 3.10939144244373	
4.31355397553442	-57	920.625	2215	0000	110	920.625	075956806 3.11245550687706	
5.52846675953985	-59	920.625	2216	0000	111	920.625	075956808 3.11407041797766	
5.56528229844911	-59	920.625	2216	0000	112	920.625	075957036 3.34240004410138	
4.14174812729123	-56.5	920.625	2215	0000	113	920.625	075957041 3.34748378575639	
4.24605882086745	-56.5	920.625	2215	0000	114	920.625	075957043 3.34904885625252	
5.48551529747905	-59	920.625	2216	0000	115	920.625	075957044 3.35073097665308	
4.24605882086745	-56.5	920.625	2215	0000	116	920.625	075957047 3.35323848766993	
5.61436968366145	-59	920.625	2216	0000	117	920.625	075957053 3.35936208557254	
5.45483568172134	-59	920.625	2216	0000	118	920.625	075957055 3.36168911318839	
4.26446659032208	-56	920.625	2215	0000	119	920.625	075957057 3.36368273736682	
5.54687452899448	-59	920.625	2216	0000	120	920.625	075957061 3.36774965517476	
4.31355397553442	-56.5	920.625	2215	0000	121	920.625	075957063 3.36994188661036	
5.68800076147996	-58.5	920.625	2216	0000	122	920.625	075957065 3.37180864379562	
4.36264136074676	-56	920.625	2215	0000	123	920.625	075957067 3.37398161863404	
4.38104913020139	-56.5	920.625	2215	0000	124	920.625	075957286 3.59223475830894	
5.43029198911517	-58.5	920.625	2216	0000	125	920.625	075957289 3.59578363589475	
5.47324345117597	-59	920.625	2216	0000	126	920.625	075957290 3.59669473724751	
4.33196174498905	-56	920.625	2215	0000	127	920.625	075957292 3.59885600709549	
5.61436968366145	-59	920.625	2216	0000	128	920.625	075957294 3.60032026364169	
4.31355397553442	-56	920.625	2215	0000	129	920.625	075957295 3.60124080450287	
5.53460268269139	-59	920.625	2216	0000	130	920.625	075957296 3.60222213579828	
4.33196174498905	-56.5	920.625	2215	0000	131	920.625	075957301 3.60766269087158	
5.47937937432751	-58.5	920.625	2216	0000	132	920.625	075957302 3.60869575067313	
4.35650543759522	-56.5	920.625	2215	0000	133	920.625	075957303 3.6092439973222	
4.44854428486836	-56.5	920.625	2215	0000	134	920.625	075957536 3.84229111217421	
5.52846675953985	-59.5	920.625	2216	0000	135	920.625	075957542 3.84776036335311	
4.38718505335293	-56.5	920.625	2215	0000	136	920.625	075957544 3.8495074275716	
5.35052498814512	-59	920.625	2216	0000	137	920.625	075957546 3.85147915209049	
4.37491320704985	-56.5	920.625	2215	0000	138	920.625	075957550 3.85561365677872	
5.55914637529756	-59.5	920.625	2216	0000	139	920.625	075957552 3.85766467316835	
5.52233083638831	-59.5	920.625	2216	0000	140	920.625	075957553 3.85943212672502	
4.38104913020139	-57	920.625	2215	0000	141	920.625	075957555 3.86110820584019	
5.50392306693368	-59	920.625	2216	0000	142	920.625	075957556 3.86207896488616	
4.4117287459591	-56.5	920.625	2215	0000	143	920.625	075957560 3.86608358193852	
4.36264136074676	-57	920.625	2215	0000	144	920.625	075957786 4.09222097662664	
5.44256383541826	-59	920.625	2216	0000	145	920.625	075957790 4.09632716278961	
4.30741805238288	-56.5	920.625	2215	0000	146	920.625	075957791 4.09744933155065	
5.6082337605099	-59	920.625	2216	0000	147	920.625	075957792 4.09831399052198	
5.52233083638831	-59	920.625	2216	0000	148	920.625	075957793 4.09926398264943	
4.36264136074676	-57	920.625	2215	0000	149	920.625	075957794 4.10032989194028	
5.46097160487288	-58.5	920.625	2216	0000	150	920.625	075957796 4.10221892636542	
4.30741805238288	-56.5	920.625	2215	0000	151	920.625	075957800 4.10585540258937	
5.6511852225707	-59	920.625	2216	0000	152	920.625	075957804 4.10976373665584	
4.22765105141283	-56.5	920.625	2215	0000	153	920.625	075957806 4.11245890510009	
5.54687452899448	-59	920.625	2216	0000	154	920.625	075958036 4.34222862262847	
4.30741805238288	-57	920.625	2215	0000	155	920.625	075958040 4.3460606854669	
4.30741805238288	-57	920.625	2215	0000	156	920.625	075958042 4.34834768956704	
5.55914637529756	-59.5	920.625	2216	0000	157	920.625	075958045 4.35063356092617	
4.29514620607979	-56.5	920.625	2215	0000	158	920.625	075958050 4.35560516122114	
5.57141822160065	-59	920.625	2216	0000	159	920.625	075958054 4.36005419032994	
5.54687452899448	-59	920.625	2216	0000	160	920.625	075958056 4.36238272826714	
4.32582582183751	-57	920.625	2215	0000	161	920.625	075958059 4.36483133675144	
5.48551529747905	-59	920.625	2216	0000	162	920.625	075958064 4.37013143193945	
4.36264136074676	-56.5	920.625	2215	0000	163	920.625	075958065 4.37106896391578	
4.32582582183751	-56.5	920.625	2215	0000	164	920.625	075958285 4.59223664621062	
5.59596191420682	-59	920.625	2216	0000	165	920.625	075958288 4.59507831582556	
4.47922390062607	-57	920.625	2215	0000	166	920.625	075958290 4.59677969282329	
5.64504929941916	-59.5	920.625	2216	0000	167	920.625	075958291 4.59811821511733	
4.42400059226219	-56.5	920.625	2215	0000	168	920.625	075958293 4.59946844240182	
5.61436968366145	-59	920.625	2216	0000	169	920.625	075958294 4.60036670602312	
4.38718505335293	-57	920.625	2215	0000	170	920.625	075958295 4.60209036026073	
5.57141822160065	-59	920.625	2216	0000	171	920.625	075958301 4.60773254323389	
5.4916512206306	-59.5	920.625	2216	0000	172	920.625	075958301 4.60832043581833	
4.35036951444368	-57	920.625	2215	0000	173	920.625	075958302 4.60883092443371	
4.41786466911065	-57	920.625	2215	0000	174	920.625	075958546 4.85210140448558	
5.4486997585698	-59	920.625	2216	0000	175	920.625	075958549 4.8557703526185	
4.36264136074676	-57	920.625	2215	0000	176	920.625	075958552 4.85791047796762	
5.54687452899448	-59.5	920.625	2216	0000	177	920.625	075958553 4.85962129447377	
4.29514620607979	-57	920.625	2215	0000	178	920.625	075958555 4.86182447573914	
5.45483568172134	-58.5	920.625	2216	0000	179	920.625	075958559 4.86570637918203	
4.37491320704985	-56.5	920.625	2215	0000	180	920.625	075958560 4.86626859630356	
5.44256383541826	-59	920.625	2216	0000	181	920.625	075958561 4.8671415620423	
4.4117287459591	-57	920.625	2215	0000	182	920.625	075958562 4.86808928868773	
5.39347645020591	-59	920.625	2216	0000	183	920.625	075958563 4.86906231321573	
5.53460268269139	-59.5	920.625	2216	0000	184	920.625	075958786 5.09281944146051	
4.26446659032208	-57	920.625	2215	0000	185	920.625	075958789 5.09583857383376	
4.25833066717054	-56.5	920.625	2215	0000	186	920.625	075958791 5.09792319487337	
5.50392306693368	-59	920.625	2216	0000	187	920.625	075958793 5.0994595692639	
5.43642791226671	-59	920.625	2216	0000	188	920.625	075958793 5.10000252978826	
4.35650543759522	-57	920.625	2215	0000	189	920.625	075958794 5.10105220312463	
5.6082337605099	-59	920.625	2216	0000	190	920.625	075958795 5.10200295041275	
4.37491320704985	-57	920.625	2215	0000	191	920.625	075958797 5.10316400994849	
5.71868037723767	-58	920.625	2216	0000	192	920.625	075958802 5.1088937915598	
4.29514620607979	-57.5	920.625	2215	0000	193	920.625	075958803 5.10974825586203	
4.36264136074676	-57	920.625	2215	0000	194	920.625	075958804 5.11093612360168	
5.45483568172134	-59	920.625	2216	0000	195	920.625	075958805 5.11190197410327	
5.57141822160065	-59	920.625	2216	0000	196	920.625	075959036 5.3420915609662	
4.28901028292825	-57	920.625	2215	0000	197	920.625	075959040 5.34660402357159	
5.49778714378214	-59	920.625	2216	0000	198	920.625	075959043 5.34879398952517	
4.30128212923134	-56.5	920.625	2215	0000	199	920.625	075959044 5.34977192259754	
4.36877728389831	-57	920.625	2215	0000	200	920.625	075959045 5.35102171351243	
5.51005899008522	-58.5	920.625	2216	0000	201	920.625	075959050 5.35664803811145	
5.62664152996453	-59.5	920.625	2216	0000	202	920.625	075959053 5.35945723581742	
4.28901028292825	-57	920.625	2215	0000	203	920.625	075959056 5.36236422683063	
4.29514620607979	-57	920.625	2215	0000	204	920.625	075959059 5.36512849247652	
5.59596191420682	-59	920.625	2216	0000	205	920.625	075959065 5.37087148939962	
5.60209783735836	-59	920.625	2216	0000	206	920.625	075959286 5.59212677033261	
4.35650543759522	-57	920.625	2215	0000	207	920.625	075959291 5.59657315637905	
4.30741805238288	-57	920.625	2215	0000	208	920.625	075959292 5.59827491095712	
5.62050560681299	-59	920.625	2216	0000	209	920.625	075959293 5.59920451374638	
5.51619491323677	-59	920.625	2216	0000	210	920.625	075959294 5.60011863574183	
4.38104913020139	-56.5	920.625	2215	0000	211	920.625	075959295 5.60105465739682	
4.28287435977671	-57	920.625	2215	0000	212	920.625	075959296 5.60240979322568	
5.58982599105528	-59	920.625	2216	0000	213	920.625	075959297 5.60336242841549	
5.4916512206306	-59	920.625	2216	0000	214	920.625	075959303 5.60941051025074	
4.28287435977671	-57.5	920.625	2215	0000	215	920.625	075959304 5.61046509213149	
5.49778714378214	-59	920.625	2216	0000	216	920.625	075959535 5.84207287073953	
4.22765105141283	-56.5	920.625	2215	0000	217	920.625	075959539 5.84550318809957	
5.59596191420682	-59	920.625	2216	0000	218	920.625	075959543 5.84955575785471	
4.26446659032208	-56.5	920.625	2215	0000	219	920.625	075959544 5.85120767182832	
5.46097160487288	-59	920.625	2216	0000	220	920.625	075959545 5.8522698053158	
4.31968989868597	-57	920.625	2215	0000	221	920.625	075959551 5.85804980511191	
4.28287435977671	-57	920.625	2215	0000	222	920.625	075959552 5.85892956729671	
5.59596191420682	-59	920.625	2216	0000	223	920.625	075959553 5.85977157144783	
4.23992289771591	-57	920.625	2215	0000	224	920.625	075959554 5.86063585283882	
5.55301045214602	-58.5	920.625	2216	0000	225	920.625	075959555 5.86150542035453	
5.51619491323677	-58.5	920.625	2216	0000	226	920.625	075959785 6.09194836362346	
4.1662918198974	-57	920.625	2215	0000	227	920.625	075959788 6.09419307872588	
4.11720443468506	-57	920.625	2215	0000	228	920.625	075959790 6.09641060804405	
5.44256383541826	-59	920.625	2216	0000	229	920.625	075959791 6.09746141412143	
4.23378697456437	-57	920.625	2215	0000	230	920.625	075959792 6.098460869273	
5.45483568172134	-58.5	920.625	2216	0000	231	920.625	075959793 6.09962797009413	
4.23378697456437	-57	920.625	2215	0000	232	920.625	075959794 6.10094987885335	
5.47324345117597	-59	920.625	2216	0000	233	920.625	075959799 6.10564584550243	
5.48551529747905	-59	920.625	2216	0000	234	920.625	075959802 6.10831873670681	
4.22765105141283	-57	920.625	2215	0000	235	920.625	075959802 6.10889945526485	
5.27075798717506	-58	920.625	2216	0000	236	920.625	080000036 6.34198168508818	
4.2092432819582	-57	920.625	2215	0000	237	920.625	080000038 6.34490528963621	
4.12947628098815	-57	920.625	2215	0000	238	920.625	080000039 6.3457223734851	
5.32598129553895	-59	920.625	2216	0000	239	920.625	080000041 6.34711224670495	
5.47937937432751	-59	920.625	2216	0000	240	920.625	080000042 6.34806714737678	
4.22765105141283	-57	920.625	2215	0000	241	920.625	080000044 6.3496843239594	
4.1662918198974	-57	920.625	2215	0000	242	920.625	080000045 6.35104059252927	
5.49778714378214	-59	920.625	2216	0000	243	920.625	080000052 6.35785176422525	
4.21537920510974	-57	920.625	2215	0000	244	920.625	080000054 6.36051219527851	
5.38120460390283	-58.5	920.625	2216	0000	245	920.625	080000059 6.36494234537047	
4.21537920510974	-56.5	920.625	2215	0000	246	920.625	080000285 6.59186699506087	
5.47324345117597	-58.5	920.625	2216	0000	247	920.625	080000289 6.5951689351064	
4.17856366620049	-57	920.625	2215	0000	248	920.625	080000290 6.59642174666398	
5.28302983347815	-59	920.625	2216	0000	249	920.625	080000291 6.59786750177368	
4.24605882086745	-56.5	920.625	2215	0000	250	920.625	080000293 6.59928795900082	
5.55301045214602	-59	920.625	2216	0000	251	920.625	080000294 6.60040257615512	
5.54687452899448	-58.5	920.625	2216	0000	252	920.625	080000295 6.6014092053331	
4.06198112632118	-57	920.625	2215	0000	253	920.625	080000301 6.60717750013876	
5.51005899008522	-59	920.625	2216	0000	254	920.625	080000302 6.60817997593303	
4.19083551250357	-56.5	920.625	2215	0000	255	920.625	080000303 6.60911562000768	
5.47324345117597	-59	920.625	2216	0000	256	920.625	080000536 6.84203020416146	
4.27060251347362	-57	920.625	2215	0000	257	920.625	080000539 6.84518639819698	
5.50392306693368	-59	920.625	2216	0000	258	920.625	080000541 6.84677978721838	
4.11720443468506	-57.5	920.625	2215	0000	259	920.625	080000542 6.84848380727847	
4.1662918198974	-57	920.625	2215	0000	260	920.625	080000543 6.84950818273227	
5.41188421966054	-59	920.625	2216	0000	261	920.625	080000545 6.85059108313828	
4.17242774304894	-57	920.625	2215	0000	262	920.625	080000546 6.85160564150333	
5.55914637529756	-59	920.625	2216	0000	263	920.625	080000551 6.85691744168177	
5.57755414475219	-59	920.625	2216	0000	264	920.625	080000552 6.85803658980012	
4.21537920510974	-57	920.625	2215	0000	265	920.625	080000553 6.85895788582197	
4.19083551250357	-57	920.625	2215	0000	266	920.625	080000554 6.85988824377191	
5.4916512206306	-59	920.625	2216	0000	267	920.625	080000554 6.86038325159348	
5.45483568172134	-59	920.625	2216	0000	268	920.625	080000776 7.08237103837991	
4.14788405044277	-57.5	920.625	2215	0000	269	920.625	080000779 7.08564805812321	
4.17856366620049	-57	920.625	2215	0000	270	920.625	080000781 7.08757824880505	
5.52846675953985	-59	920.625	2216	0000	271	920.625	080000784 7.0904671159621	
5.4916512206306	-59	920.625	2216	0000	272	920.625	080000788 7.09474547875865	
4.05584520316964	-56.5	920.625	2215	0000	273	920.625	080000790 7.09631205957614	
4.20310735880666	-56.5	920.625	2215	0000	274	920.625	080000791 7.09724052962439	
5.45483568172134	-59	920.625	2216	0000	275	920.625	080000792 7.09820713528666	
5.43029198911517	-58.5	920.625	2216	0000	276	920.625	080001036 7.34200094168536	
4.09879666523043	-57	920.625	2215	0000	277	920.625	080001039 7.34487810385196	
4.22151512826128	-57	920.625	2215	0000	278	920.625	080001040 7.34614224281965	
5.50392306693368	-58.5	920.625	2216	0000	279	920.625	080001041 7.34699066583649	
5.54687452899448	-59	920.625	2216	0000	280	920.625	080001042 7.34784739562075	
4.17856366620049	-57	920.625	2215	0000	281	920.625	080001043 7.34872904570723	
5.49778714378214	-58.5	920.625	2216	0000	282	920.625	080001045 7.35070114780647	
4.10493258838198	-57.5	920.625	2215	0000	283	920.625	080001046 7.35200568787019	
4.06811704947272	-57	920.625	2215	0000	284	920.625	080001053 7.35887123113467	
5.41802014281208	-59	920.625	2216	0000	285	920.625	080001055 7.36108271916745	
3.96994227904804	-57	920.625	2215	0000	286	920.625	080001057 7.36319830179468	
5.54073860584294	-59	920.625	2216	0000	287	920.625	080001060 7.36662597609237	
4.14174812729123	-57.5	920.625	2215	0000	288	920.625	080001286 7.59167405150875	
5.49778714378214	-59	920.625	2216	0000	289	920.625	080001290 7.59657768734309	
4.11106851153352	-57.5	920.625	2215	0000	290	920.625	080001292 7.59888092739772	
5.41802014281208	-59	920.625	2216	0000	291	920.625	080001294 7.60066877029258	
4.2092432819582	-57	920.625	2215	0000	292	920.625	080001299 7.6047692927505	
5.49778714378214	-59	920.625	2216	0000	293	920.625	080001299 7.60532131520293	
5.4486997585698	-59	920.625	2216	0000	294	920.625	080001301 7.60675272225983	
4.1233403578366	-57.5	920.625	2215	0000	295	920.625	080001301 7.60725490410781	
4.17242774304894	-57.5	920.625	2215	0000	296	920.625	080001302 7.60820376349425	
5.6511852225707	-59	920.625	2216	0000	297	920.625	080001303 7.60878297173094	
4.04357335686655	-57	920.625	2215	0000	298	920.625	080001535 7.84175154987289	
5.49778714378214	-59	920.625	2216	0000	299	920.625	080001540 7.84637049013326	
5.51005899008522	-59	920.625	2216	0000	300	920.625	080001542 7.84884175343777	
4.22765105141283	-57	920.625	2215	0000	301	920.625	080001544 7.85054954930123	
5.42415606596363	-58.5	920.625	2216	0000	302	920.625	080001546 7.85249106739318	
4.12947628098815	-57	920.625	2215	0000	303	920.625	080001550 7.85695444455478	
4.09266074207889	-57	920.625	2215	0000	304	920.625	080001551 7.85781230708005	
5.56528229844911	-59	920.625	2216	0000	305	920.625	080001552 7.858312223446	
5.4486997585698	-59	920.625	2216	0000	306	920.625	080001552 7.85875663550244	
4.09266074207889	-57	920.625	2215	0000	307	920.625	080001554 7.86099870754251	
5.47324345117597	-58.5	920.625	2216	0000	308	920.625	080001786 8.09166970933488	
4.15401997359432	-57	920.625	2215	0000	309	920.625	080001788 8.0945634850363	
4.20310735880666	-57	920.625	2215	0000	310	920.625	080001791 8.09708798716831	
5.4916512206306	-58.5	920.625	2216	0000	311	920.625	080001793 8.09947240699536	
4.14174812729123	-57	920.625	2215	0000	312	920.625	080001795 8.10143695748785	
5.53460268269139	-58.5	920.625	2216	0000	313	920.625	080001799 8.10539437699811	
4.33809766814059	-56.5	920.625	2215	0000	314	920.625	080001800 8.10637570829351	
5.53460268269139	-59	920.625	2216	0000	315	920.625	080001801 8.10736761183835	
4.10493258838198	-56.5	920.625	2215	0000	316	920.625	080001802 8.10832213492984	
5.51005899008522	-59	920.625	2216	0000	317	920.625	080001803 8.10937105310554	
4.17856366620049	-56.5	920.625	2215	0000	318	920.625	080002035 8.34161958554517	
5.64504929941916	-58.5	920.625	2216	0000	319	920.625	080002039 8.34593532879507	
4.27060251347362	-56.5	920.625	2215	0000	320	920.625	080002042 8.34834580166536	
5.54073860584294	-59	920.625	2216	0000	321	920.625	080002044 8.35086728315467	
4.28287435977671	-56.5	920.625	2215	0000	322	920.625	080002049 8.35594045256024	
5.54073860584294	-58.5	920.625	2216	0000	323	920.625	080002052 8.3590181098857	
4.29514620607979	-56.5	920.625	2215	0000	324	920.625	080002056 8.36266780142144	
5.43642791226671	-58.5	920.625	2216	0000	325	920.625	080002062 8.36852256212424	
4.31968989868597	-57	920.625	2215	0000	326	920.625	080002065 8.37135479223076	
5.44256383541826	-58.5	920.625	2216	0000	327	920.625	080002068 8.37410470982385	
5.52846675953985	-59	920.625	2216	0000	328	920.625	080002286 8.59168009279414	
4.20310735880666	-57	920.625	2215	0000	329	920.625	080002290 8.59601698054291	
5.57755414475219	-59	920.625	2216	0000	330	920.625	080002291 8.59722523762075	
4.23992289771591	-56.5	920.625	2215	0000	331	920.625	080002292 8.59865173613327	
4.27060251347362	-56.5	920.625	2215	0000	332	920.625	080002294 8.60009937914465	
5.52846675953985	-59	920.625	2216	0000	333	920.625	080002295 8.60152965346054	
4.25833066717054	-56.5	920.625	2215	0000	334	920.625	080002297 8.60295426407138	
5.57755414475219	-59	920.625	2216	0000	335	920.625	080002303 8.60882865895169	
5.70640853093458	-58.5	920.625	2216	0000	336	920.625	080002306 8.61220875812695	
4.23992289771591	-56.5	920.625	2215	0000	337	920.625	080002311 8.61683940337776	
5.58369006790373	-59	920.625	2216	0000	338	920.625	080002312 8.61845922302273	
4.252194744019	-57	920.625	2215	0000	339	920.625	080002313 8.61950096717203	
4.19697143565511	-56.5	920.625	2215	0000	340	920.625	080002535 8.84158692484603	
5.54687452899448	-59	920.625	2216	0000	341	920.625	080002540 8.84600159414418	
5.57755414475219	-59	920.625	2216	0000	342	920.625	080002542 8.8475100275898	
4.22151512826128	-56.5	920.625	2215	0000	343	920.625	080002545 8.8506363927787	
5.58982599105528	-59	920.625	2216	0000	344	920.625	080002549 8.85560535001131	
4.29514620607979	-56.5	920.625	2215	0000	345	920.625	080002550 8.85699484565082	
5.56528229844911	-58.5	920.625	2216	0000	346	920.625	080002552 8.85864071833904	
4.17242774304894	-57	920.625	2215	0000	347	920.625	080002553 8.85993166551064	
5.54073860584294	-59	920.625	2216	0000	348	920.625	080002776 9.08214146953512	
4.14174812729123	-56.5	920.625	2215	0000	349	920.625	080002780 9.08583722587196	
5.46097160487288	-59	920.625	2216	0000	350	920.625	080002782 9.08786747534306	
4.27673843662517	-57	920.625	2215	0000	351	920.625	080002783 9.08923129551967	
5.61436968366145	-59.5	920.625	2216	0000	352	920.625	080002784 9.09034364719195	
4.28901028292825	-57.5	920.625	2215	0000	353	920.625	080002790 9.09592239666853	
4.22151512826128	-57.5	920.625	2215	0000	354	920.625	080002792 9.09779104175548	
5.63891337626762	-59	920.625	2216	0000	355	920.625	080002794 9.10042277670314	
4.35036951444368	-57.5	920.625	2215	0000	356	920.625	080002796 9.10225970504179	
5.54687452899448	-58.5	920.625	2216	0000	357	920.625	080002800 9.1065509055698	
4.28287435977671	-57	920.625	2215	0000	358	920.625	080002802 9.10800874325028	
5.51005899008522	-59	920.625	2216	0000	359	920.625	080002803 9.10958627389753	
5.4486997585698	-58.5	920.625	2216	0000	360	920.625	080003035 9.34158598089519	
4.31968989868597	-57	920.625	2215	0000	361	920.625	080003039 9.3449358736435	
4.20310735880666	-57	920.625	2215	0000	362	920.625	080003040 9.34609202463485	
5.60209783735836	-59	920.625	2216	0000	363	920.625	080003042 9.34793650458024	
4.10493258838198	-56.5	920.625	2215	0000	364	920.625	080003044 9.35044816898079	
5.54687452899448	-59	920.625	2216	0000	365	920.625	080003045 9.35146272734584	
4.24605882086745	-56.5	920.625	2215	0000	366	920.625	080003051 9.35700258604773	
5.62050560681299	-59	920.625	2216	0000	367	920.625	080003053 9.35894297139867	
4.33196174498905	-57.5	920.625	2215	0000	368	920.625	080003055 9.36110801705002	
5.62664152996453	-59	920.625	2216	0000	369	920.625	080003059 9.36480981467224	
5.58369006790373	-59	920.625	2216	0000	370	920.625	080003285 9.59148488376001	
4.33809766814059	-57.5	920.625	2215	0000	371	920.625	080003288 9.59486422777458	
5.64504929941916	-59	920.625	2216	0000	372	920.625	080003289 9.59580855619698	
4.252194744019	-57	920.625	2215	0000	373	920.625	080003292 9.59792149576185	
5.52846675953985	-59	920.625	2216	0000	374	920.625	080003294 9.60037727827256	
4.36264136074676	-57.5	920.625	2215	0000	375	920.625	080003298 9.60434300455022	
5.47937937432751	-59	920.625	2216	0000	376	920.625	080003298 9.60483612447011	
4.35036951444368	-57.5	920.625	2215	0000	377	920.625	080003300 9.60661868124026	
5.57141822160065	-59.5	920.625	2216	0000	378	920.625	080003301 9.60748711601496	
4.29514620607979	-57.5	920.625	2215	0000	379	920.625	080003302 9.60836121449471	
4.30128212923134	-57	920.625	2215	0000	380	920.625	080003535 9.84154916681235	
5.57755414475219	-59	920.625	2216	0000	381	920.625	080003540 9.84653473757978	
5.55914637529756	-58.5	920.625	2216	0000	382	920.625	080003544 9.85031507191206	
4.30128212923134	-57	920.625	2215	0000	383	920.625	080003549 9.85525004691436	
4.31355397553442	-57.5	920.625	2215	0000	384	920.625	080003552 9.85854443535315	
5.62664152996453	-59	920.625	2216	0000	385	920.625	080003554 9.85988975409325	
4.33809766814059	-57.5	920.625	2215	0000	386	920.625	080003555 9.86146011071411	
5.50392306693368	-59.5	920.625	2216	0000	387	920.625	080003556 9.86247995520387	
4.28901028292825	-57.5	920.625	2215	0000	388	920.625	080003562 9.86840721133134	
5.54687452899448	-59	920.625	2216	0000	389	920.625	080003563 9.86938816504641	
4.28287435977671	-57.5	920.625	2215	0000	390	920.625	080003564 9.87036647569912	
5.52846675953985	-59	920.625	2216	0000	391	920.625	080003565 9.8712696478648	
4.38718505335293	-57.5	920.625	2215	0000	392	920.625	080003785 10.0914563764446	
5.46710752802443	-59	920.625	2216	0000	393	920.625	080003789 10.0948806525192	
5.4916512206306	-59	920.625	2216	0000	394	920.625	080003791 10.097087609588	
4.28901028292825	-57.5	920.625	2215	0000	395	920.625	080003793 10.0988267446194	
5.55914637529756	-59	920.625	2216	0000	396	920.625	080003795 10.1012496776408	
4.28287435977671	-57	920.625	2215	0000	397	920.625	080003800 10.1058905175607	
4.252194744019	-57	920.625	2215	0000	398	920.625	080003801 10.1073713876417	
5.62050560681299	-58.5	920.625	2216	0000	399	920.625	080003802 10.1083361054023	
5.66345706887379	-59	920.625	2216	0000	400	920.625	080004035 10.3416244940895	
4.31355397553442	-57.5	920.625	2215	0000	401	920.625	080004038 10.3449687231328	
4.28901028292825	-57.5	920.625	2215	0000	402	920.625	080004040 10.346832082095	
5.57141822160065	-59	920.625	2216	0000	403	920.625	080004041 10.3481037726695	
4.30741805238288	-57.5	920.625	2215	0000	404	920.625	080004044 10.3509148582771	
5.61436968366145	-59	920.625	2216	0000	405	920.625	080004049 10.3557021993677	
4.34423359129214	-57.5	920.625	2215	0000	406	920.625	080004051 10.3581632680031	
5.55914637529756	-59	920.625	2216	0000	407	920.625	080004054 10.3602490217837	
5.63891337626762	-58	920.625	2216	0000	408	920.625	080004056 10.3624152001761	
4.38104913020139	-57.5	920.625	2215	0000	409	920.625	080004061 10.3679618553241	
5.52233083638831	-59.5	920.625	2216	0000	410	920.625	080004285 10.591340270491	
4.31355397553442	-57.5	920.625	2215	0000	411	920.625	080004288 10.5940909432448	
4.19697143565511	-57.5	920.625	2215	0000	412	920.625	080004289 10.5958765206576	
5.62050560681299	-59	920.625	2216	0000	413	920.625	080004292 10.5980815898247	
4.21537920510974	-57	920.625	2215	0000	414	920.625	080004294 10.6008500088543	
5.59596191420682	-58.5	920.625	2216	0000	415	920.625	080004297 10.6038189230427	
4.34423359129214	-57	920.625	2215	0000	416	920.625	080004299 10.6053069671501	
5.60209783735836	-59	920.625	2216	0000	417	920.625	080004300 10.6062411009034	
4.33196174498905	-57.5	920.625	2215	0000	418	920.625	080004300 10.6066662563627	
5.47937937432751	-59	920.625	2216	0000	419	920.625	080004301 10.6075852869025	
5.65732114572224	-58.5	920.625	2216	0000	420	920.625	080004534 10.841335833922	
4.26446659032208	-57.5	920.625	2215	0000	421	920.625	080004538 10.84450599843	
5.54073860584294	-59	920.625	2216	0000	422	920.625	080004539 10.8459929097964	
4.28287435977671	-57.5	920.625	2215	0000	423	920.625	080004541 10.8478826993822	
5.56528229844911	-58.5	920.625	2216	0000	424	920.625	080004543 10.8496048432985	
4.31968989868597	-57	920.625	2215	0000	425	920.625	080004545 10.8522075045602	
4.32582582183751	-57	920.625	2215	0000	426	920.625	080004552 10.8585410371301	
5.52846675953985	-59	920.625	2216	0000	427	920.625	080004554 10.8606384959012	
4.33809766814059	-57	920.625	2215	0000	428	920.625	080004556 10.8625214890409	
5.57141822160065	-59	920.625	2216	0000	429	920.625	080004557 10.8639600701242	
4.31355397553442	-57	920.625	2215	0000	430	920.625	080004775 11.0818001369106	
5.58369006790373	-59.5	920.625	2216	0000	431	920.625	080004781 11.0872516418137	
5.56528229844911	-59.5	920.625	2216	0000	432	920.625	080004783 11.0899079194833	
4.31968989868597	-56.5	920.625	2215	0000	433	920.625	080004788 11.0945751900267	
4.31968989868597	-57.5	920.625	2215	0000	434	920.625	080004790 11.0964615813895	
5.60209783735836	-59	920.625	2216	0000	435	920.625	080004791 11.0973334143872	
4.32582582183751	-57	920.625	2215	0000	436	920.625	080004791 11.0977853780504	
5.46710752802443	-59	920.625	2216	0000	437	920.625	080004792 11.0986273822015	
4.35036951444368	-57.5	920.625	2215	0000	438	920.625	080004793 11.0994905308515	
5.52233083638831	-59	920.625	2216	0000	439	920.625	080004794 11.1003502812785	
4.28287435977671	-57.5	920.625	2215	0000	440	920.625	080004859 11.1652132970202	
5.48551529747905	-59	920.625	2216	0000	441	920.625	080004861 11.1672722425969	
4.39332097650448	-57	920.625	2215	0000	442	920.625	080004866 11.1721203741217	
5.51005899008522	-59	920.625	2216	0000	443	920.625	080004868 11.174641855611	
