3.51588396583389	-55	48	0	1130	210117298 0.5259368	
3.82268012341102	-53.5	-21.9375	1	1186	210117314 0.5404548	
3.39930142595458	-55	-17.0625	2	1130	210117314 0.5411913	
3.73677719928942	-53.5	21.9375	3	1186	210117318 0.5441636	
3.74291312244096	-53.5	34.9375	4	1186	210117318 0.5450939	
3.38089365649995	-55	21.9375	5	1130	210117320 0.546266	
3.77972866135022	-53.5	4.875	6	1186	210117320 0.5470475	
0.193281579273591	-55.5	24	7	1130	210117324 0.5505176	
3.75518496874405	-53.5	17.0625	8	1186	210117328 0.555035	
3.39316550280304	-55	-30.0625	9	1130	210117330 0.5566665	
3.7920005076533	-53.5	-17.0625	10	1186	210117541 0.7667975	
3.65087427516783	-55	-56.125	11	1130	210117551 0.7771694	
3.76132089189559	-53.5	-13	12	1186	210117552 0.7783655	
3.44225288801538	-55	100.0625	13	1130	210117553 0.7801015	
3.70302962195594	-53.5	21.9375	14	1186	210117554 0.780815	
0.362019465941011	-55	17.0625	15	1130	210117556 0.7823652	
3.82881604656256	-53	-43.9375	16	1186	210117557 0.7835231	
3.51588396583389	-55	17.0625	17	1130	210117558 0.785097	
3.84722381601719	-53.5	-78.0625	18	1186	210117560 0.7870408	
3.39930142595458	-55	-48	19	1130	210117561 0.7874722	
3.73677719928942	-53.5	-8.9375	20	1186	210117562 0.789289	
3.41770919540921	-55	-34.9375	21	1130	210117564 0.7911421	
0.524621429456889	-53.5	15	22	1186	210117790 1.0169248	
0.346679658062155	-55	15.8125	23	1130	210117791 1.0182754	
3.44838881116692	-55	52.0625	24	1130	210117793 1.0193542	
3.79813643080485	-53	-69.125	25	1186	210117794 1.020529	
3.28885480922681	-55	34.9375	26	1130	210117795 1.021712	
3.65087427516783	-53	43.125	27	1186	210117796 1.0228609	
3.36862181019687	-55	-61	28	1130	210117797 1.0241552	
3.76745681504713	-53.5	-34.9375	29	1186	210117799 1.0253296	
0.509281621578033	-53.5	19.9375	30	1186	210117799 1.0262989	
0.303728196001357	-55	25.1875	31	1130	210117800 1.0270977	
3.43611696486384	-55	30.0625	32	1130	210117801 1.0283358	
3.73064127613788	-53.5	-17.0625	33	1186	210117803 1.0297504	
3.64473835201628	-53.5	12.1875	34	1186	210118041 1.2669162	
3.43611696486384	-55	30.0625	35	1130	210118042 1.2684868	
3.71836942983479	-53	-13	36	1186	210118043 1.2696261	
3.54042765844006	-55.5	-21.9375	37	1130	210118044 1.270672	
0.303728196001357	-55.5	12.1875	38	1130	210118045 1.2716111	
0.533825314184203	-54	8.125	39	1186	210118046 1.2726607	
3.68768981407708	-54	21.9375	40	1186	210118047 1.27366	
3.53429173528852	-55	-26	41	1130	210118049 1.2747499	
3.36248588704533	-55.5	-48	42	1130	210118051 1.2773264	
3.84108789286565	-54	-52.0625	43	1186	210118052 1.278153	
3.73064127613788	-54	48	44	1186	210118052 1.2786889	
3.22749557771139	-55	39	45	1130	210118052 1.2792263	
0.524621429456889	-54	24	46	1186	210118291 1.517111	
0.316000042304442	-55.5	6.875	47	1130	210118295 1.5214526	
3.69382573722862	-54	17.0625	48	1186	210118304 1.530029	
3.47906842692463	-55	-13	49	1130	210118306 1.5318394	
3.63860242886474	-54	56.125	50	1186	210118307 1.5334741	
3.2581751934691	-55.5	26	51	1130	210118309 1.5352239	
3.79813643080485	-54	-43.125	52	1186	210118311 1.5371563	
3.3011266555299	-55.5	-8.9375	53	1130	210118312 1.5381924	
3.675417967774	-54	17.0625	54	1186	210118313 1.5390095	
3.32567034813607	-55.5	-13	55	1130	210118313 1.539756	
3.22135965455985	-55	31.6875	56	1130	210118314 1.5403941	
3.72450535298634	-54	0	57	1186	210118315 1.5410965	
0.122718463030851	-55.5	6.875	58	1130	210118540 1.7670724	
0.509281621578033	-54	21.9375	59	1186	210118542 1.768457	
3.26431111662064	-55.5	-8.9375	60	1130	210118543 1.7696172	
3.675417967774	-53.5	26	61	1186	210118543 1.770561	
3.7920005076533	-54	-82.1875	62	1186	210118545 1.7712186	
3.53429173528852	-55	-30.0625	63	1130	210118545 1.7715723	
3.66928204462245	-54	-4.0625	64	1186	210118546 1.7720506	
3.44838881116692	-54.5	0	65	1130	210118546 1.7728507	
0.3098641191529	-55.5	4.0625	66	1130	210118549 1.7754954	
0.543029198911517	-54	10.9375	67	1186	210118551 1.7768418	
3.69996166038017	-54	8.9375	68	1186	210118551 1.7777195	
3.55269950474315	-55	-48	69	1130	210118552 1.7793528	
3.35634996389378	-55	74	70	1130	210118792 2.0182388	
3.78586458450176	-54	-56.125	71	1186	210118803 2.0288337	
3.47906842692463	-55	-13	72	1130	210118828 2.0544654	
3.73677719928942	-54	-21.9375	73	1186	210118829 2.0549759	
0.098174770424681	-55.5	12.1875	74	1130	210118829 2.055267	
0.567572891517687	-54	13	75	1186	210118829 2.0555282	
3.78586458450176	-54	-56.125	76	1186	210118829 2.0557736	
3.22749557771139	-55.5	43.125	77	1130	210118834 2.0601765	
3.71836942983479	-54	-8.9375	78	1186	210118834 2.0605905	
3.32567034813607	-55.5	-39	79	1130	210118835 2.0615903	
3.73064127613788	-54	13	80	1186	210118835 2.0619237	
3.3011266555299	-55.5	0	81	1130	210118836 2.062174	
0.0951068088489097	-55.5	21.9375	82	1130	210119040 2.2667685	
0.552233083638831	-54	6.0625	83	1186	210119041 2.267935	
3.19681596195368	-55.5	52.0625	84	1130	210119042 2.2687736	
3.66928204462245	-54	56.125	85	1186	210119043 2.2696268	
3.71223350668325	-54	-30.0625	86	1186	210119043 2.2703398	
3.3870295796515	-55	61	87	1130	210119044 2.2710476	
3.51588396583389	-55	-34.9375	88	1130	210119045 2.2717113	
3.68768981407708	-54	13	89	1186	210119045 2.2723671	
0.512349583153804	-54	12.1875	90	1186	210119046 2.2730375	
0.266912657092102	-55.5	14.1875	91	1130	210119047 2.2736236	
3.70609758353171	-54	-26	92	1186	210119047 2.2741796	
3.46679658062155	-55	-4.0625	93	1130	210119049 2.2758267	
3.66314612147091	-54	13	94	1186	210119292 2.5178753	
3.50974804268235	-55.5	-26	95	1130	210119297 2.522951	
3.68768981407708	-53.5	-13	96	1186	210119306 2.5326113	
3.57110727419777	-55	-91.125	97	1130	210119308 2.5343919	
0.539961237335746	-54	-1.1875	98	1186	210119309 2.535359	
0.285320426546729	-55.5	19.125	99	1130	210119309 2.5364235	
3.66928204462245	-54	21.9375	100	1186	210119311 2.5372736	
3.51588396583389	-55	-34.9375	101	1130	210119312 2.5380424	
3.69996166038017	-54	34.9375	102	1186	210119312 2.5388574	
3.23976742401447	-55.5	43.125	103	1130	210119313 2.5396471	
3.82881604656256	-54	-87.0625	104	1186	210119313 2.5404586	
3.28885480922681	-55.5	-4.0625	105	1130	210119315 2.5411596	
0.561436968366145	-54	14.1875	106	1186	210119540 2.7666437	
0.113514578303537	-55.5	14.1875	107	1130	210119542 2.7676394	
3.65701019831937	-54	26	108	1186	210119542 2.7684123	
3.19068003880213	-55	69.125	109	1130	210119543 2.7695177	
3.74291312244096	-54	-30.0625	110	1186	210119543 2.7703517	
3.18454411565059	-55.5	43.125	111	1130	210119544 2.770774	
3.65087427516783	-54	65.0625	112	1186	210119544 2.7713474	
3.3011266555299	-55.5	-30.0625	113	1130	210119545 2.7718334	
0.527689391032661	-54	4.875	114	1186	210119546 2.7724626	
0.110446616727766	-55.5	10.9375	115	1130	210119546 2.7729905	
3.73064127613788	-53.5	-21.9375	116	1186	210119547 2.7736347	
3.22749557771139	-55.5	43.125	117	1130	210119547 2.7740515	
3.37475773334841	-55	56.125	118	1130	210119790 3.0167355	
3.61405873625857	-54	56.125	119	1186	210119794 3.0208056	
3.54042765844006	-55.5	-56.125	120	1130	210119801 3.0279922	
3.63860242886474	-53.5	48	121	1186	210119803 3.029722	
0.567572891517687	-54	4.0625	122	1186	210119805 3.0309791	
0.0828349625458246	-55.5	15	123	1130	210119805 3.0323929	
3.66314612147091	-54	30.0625	124	1186	210119807 3.0333018	
3.33180627128761	-56	-30.0625	125	1130	210119808 3.0344447	
3.63860242886474	-54	34.9375	126	1186	210119809 3.0354908	
3.5036121195308	-55.5	-26	127	1130	210119810 3.0365872	
3.65701019831937	-53.5	30.0625	128	1186	210119811 3.0375654	
3.51588396583389	-55	-43.125	129	1130	210119812 3.0386866	
0.527689391032661	-54	10.125	130	1186	210120041 3.2671834	
0.291456349698272	-55.5	2	131	1130	210120044 3.2700149	
3.41157327225767	-55.5	34.9375	132	1130	210120049 3.2759496	
3.74904904559251	-53.5	-48	133	1186	210120050 3.2775141	
3.76132089189559	-54	-43.125	134	1186	210120053 3.2791504	
3.46679658062155	-55	-13	135	1130	210120054 3.2806688	
3.74904904559251	-53.5	-61	136	1186	210120055 3.2815047	
3.52201988898543	-55	-61	137	1130	210120057 3.2836314	
0.316000042304442	-55.5	2.8125	138	1130	210120058 3.284977	
0.500077736850719	-54	21.125	139	1186	210120060 3.2866329	
3.48520435007618	-55	-26	140	1130	210120062 3.2888724	
3.76132089189559	-54	-43.125	141	1186	210120063 3.2901277	
3.48520435007618	-55	-39	142	1130	210120290 3.51657	
3.5895150436524	-53.5	82.1875	143	1186	210120321 3.5480225	
3.44838881116692	-55.5	-8.9375	144	1130	210120324 3.5508218	
3.63860242886474	-54	30.0625	145	1186	210120328 3.5543852	
0.555301045214602	-54	10.125	146	1186	210120328 3.5548215	
0.0828349625458246	-55.5	25.1875	147	1130	210120329 3.5564878	
3.32567034813607	-55.5	-43.125	148	1130	210120331 3.5573961	
3.65087427516783	-54	26	149	1186	210120332 3.558356	
3.37475773334841	-55.5	52.0625	150	1130	210120333 3.5602803	
3.60792281310703	-54	48	151	1186	210120336 3.5624422	
3.72450535298634	-54	-34.9375	152	1186	210120336 3.5629912	
3.41770919540921	-55.5	4.0625	153	1130	210120337 3.5634588	
3.66314612147091	-54	19.9375	154	1186	210120540 3.7666636	
0.0582912699396544	-55.5	21.125	155	1130	210120545 3.7714593	
3.19068003880213	-55.5	21.9375	156	1130	210120548 3.7743056	
3.68768981407708	-54	-4.0625	157	1186	210120551 3.7771249	
3.69996166038017	-54	0	158	1186	210120552 3.7783906	
3.20295188510522	-55	39	159	1130	210120553 3.7792743	
3.24590334716602	-55.5	17.0625	160	1130	210120554 3.7799629	
3.73677719928942	-53.5	-34.9375	161	1186	210120555 3.7806306	
0.0736310778185108	-55.5	10.9375	162	1130	210120555 3.7812179	
0.521553467881118	-54	10.9375	163	1186	210120556 3.7817935	
3.3440781175907	-55.5	-91.125	164	1130	210120556 3.7825974	
3.63860242886474	-54	39	165	1186	210120557 3.7837726	
3.62633058256166	-54	52.0625	166	1186	210120790 4.0163068	
3.5036121195308	-55	-34.9375	167	1130	210120793 4.019557	
3.73064127613788	-54	-48	168	1186	210120808 4.0346935	
3.42998104171229	-55	4.0625	169	1130	210120809 4.0364212	
0.506213660002262	-54	13	170	1186	210120811 4.0371236	
0.248504887637474	-55.5	24	171	1130	210120811 4.0376482	
3.50974804268235	-55	-21.9375	172	1130	210120812 4.0385183	
3.73064127613788	-54	-34.9375	173	1186	210120813 4.0390093	
3.22135965455985	-55.5	48	174	1130	210120814 4.0397743	
3.68768981407708	-54	8.9375	175	1186	210120814 4.0403273	
3.71836942983479	-54	17.0625	176	1186	210120814 4.0409402	
3.2152237314083	-55.5	43.125	177	1130	210120816 4.0422469	
0.506213660002262	-54	15	178	1186	210121039 4.2663415	
0.0828349625458246	-55.5	12.1875	179	1130	210121044 4.2702684	
3.64473835201628	-54	26	180	1186	210121045 4.271657	
3.20908780825676	-55.5	48	181	1130	210121047 4.2728909	
3.56497135104623	-54	91.125	182	1186	210121048 4.2738452	
3.41770919540921	-55.5	13	183	1130	210121048 4.2745942	
3.52201988898543	-55	-43.125	184	1130	210121049 4.2754692	
3.59565096680394	-53.5	69.125	185	1186	210121050 4.2769058	
0.524621429456889	-54	8.9375	186	1186	210121051 4.2777009	
0.0797670009700533	-55.5	13	187	1130	210121052 4.2788616	
3.14772857674134	-55.5	52.0625	188	1130	210121053 4.2797673	
3.62019465941011	-54	78.0625	189	1186	210121053 4.2805059	
3.63860242886474	-54	26	190	1186	210121055 4.2812334	
3.44225288801538	-55	-4.0625	191	1130	210121055 4.2821065	
3.54042765844006	-55	-39	192	1130	210121290 4.5168451	
3.69382573722862	-54	13	193	1186	210121296 4.5229291	
0.518485506305347	-54	10.125	194	1186	210121302 4.5286112	
0.306796157577128	-55.5	8.9375	195	1130	210121303 4.5299956	
3.69382573722862	-54	8.9375	196	1186	210121304 4.5313345	
3.42384511856075	-55	21.9375	197	1130	210121305 4.5321852	
3.66314612147091	-54	8.9375	198	1186	210121307 4.5339522	
3.47293250377309	-55.5	8.9375	199	1130	210121308 4.5346789	
3.51588396583389	-55	-34.9375	200	1130	210121308 4.5354444	
3.62019465941011	-53.5	39	201	1186	210121310 4.5360123	
3.67235000619822	-54	13	202	1186	210121310 4.5365431	
0.101242732000452	-55.5	15	203	1130	210121311 4.5373374	
3.20295188510522	-55.5	48	204	1130	210121540 4.7665536	
3.675417967774	-54	4.0625	205	1186	210121541 4.7678922	
3.72450535298634	-54	-30.0625	206	1186	210121543 4.769515	
3.22135965455985	-55	4.0625	207	1130	210121544 4.7705958	
3.35634996389378	-55	-69.125	208	1130	210121546 4.7722975	
3.71836942983479	-54	0	209	1186	210121547 4.7731375	
0.527689391032661	-54	-2	210	1186	210121548 4.7742892	
0.101242732000452	-55.5	10.125	211	1130	210121549 4.7751784	
3.19681596195368	-55.5	30.0625	212	1130	210121551 4.7770415	
3.73064127613788	-54	-34.9375	213	1186	210121553 4.7793326	
3.53429173528852	-55	-30.0625	214	1130	210121555 4.7808238	
3.68768981407708	-53.5	0	215	1186	210121555 4.7822148	
3.46679658062155	-55	-8.9375	216	1130	210121790 5.016731	
3.69996166038017	-54	-4.0625	217	1186	210121795 5.0212924	
0.509281621578033	-54	10.125	218	1186	210121796 5.0225348	
0.0828349625458246	-55.5	17.0625	219	1130	210121801 5.0279849	
3.28271888607527	-55.5	-17.0625	220	1130	210121805 5.0318403	
3.63860242886474	-53.5	30.0625	221	1186	210121808 5.0341895	
3.675417967774	-53.5	17.0625	222	1186	210121809 5.0351718	
3.19681596195368	-55	39	223	1130	210121810 5.0360889	
3.64473835201628	-54	43.125	224	1186	210121811 5.0373863	
3.25203927031756	-55	34.9375	225	1130	210121812 5.0384524	
0.518485506305347	-54	8.125	226	1186	210121814 5.0398288	
0.0951068088489097	-55.5	15.8125	227	1130	210121814 5.0407834	
3.13545673043825	-55	87.0625	228	1130	210122041 5.2666316	
3.69382573722862	-53.5	4.0625	229	1186	210122068 5.294235	
3.74904904559251	-53.5	-52.0625	230	1186	210122107 5.3333282	
3.36862181019687	-55	48	231	1130	210122111 5.3376328	
3.39316550280304	-55	34.9375	232	1130	210122112 5.3392976	
3.62633058256166	-54	61	233	1186	210122113 5.3404384	
0.0889708856973672	-55.5	17.0625	234	1130	210122117 5.3433438	
0.518485506305347	-54	15	235	1186	210122118 5.3444648	
3.78586458450176	-54	-78.0625	236	1186	210122119 5.3455686	
3.2152237314083	-55	48	237	1130	210122120 5.3470871	
3.675417967774	-54	-4.0625	238	1186	210122122 5.3477286	
3.28885480922681	-55	-21.9375	239	1130	210122123 5.3495051	
3.73064127613788	-54	-34.9375	240	1186	210122290 5.5165174	
3.29499073237836	-55.5	-30.0625	241	1130	210122294 5.5205239	
0.509281621578033	-54	15.8125	242	1186	210122302 5.5290083	
0.291456349698272	-55.5	14.1875	243	1130	210122304 5.5309409	
3.49747619637926	-55	-52.0625	244	1130	210122306 5.5323316	
3.66928204462245	-54	21.9375	245	1186	210122307 5.5340841	
3.51588396583389	-55	-30.0625	246	1130	210122308 5.5348366	
3.66314612147091	-54	-4.0625	247	1186	210122310 5.5358787	
3.74291312244096	-54	-26	248	1186	210122310 5.5367103	
3.50974804268235	-55.5	-17.0625	249	1130	210122311 5.5374982	
3.68462185250131	-54	10.125	250	1186	210122312 5.5382915	
0.0797670009700533	-55.5	15	251	1130	210122312 5.5389927	
3.28271888607527	-55.5	-17.0625	252	1130	210122540 5.7661747	
3.71836942983479	-54	-17.0625	253	1186	210122544 5.770249	
3.675417967774	-53.5	17.0625	254	1186	210122547 5.7735779	
3.36862181019687	-55	61	255	1130	210122552 5.7785807	
3.65701019831937	-54	21.9375	256	1186	210122552 5.7793743	
3.50974804268235	-55.5	-48	257	1130	210122554 5.7808921	
0.515417544729575	-54	8.125	258	1186	210122554 5.7815564	
0.273048580243644	-55.5	15.8125	259	1130	210122556 5.7826131	
3.43611696486384	-55.5	-13	260	1130	210122558 5.7841999	
3.675417967774	-54	13	261	1186	210122559 5.7851937	
3.71836942983479	-54	0	262	1186	210122561 5.7866686	
3.33180627128761	-55	-30.0625	263	1130	210122561 5.7873472	
3.3011266555299	-55.5	-21.9375	264	1130	210122790 6.0160636	
3.71836942983479	-53.5	-13	265	1186	210122833 6.0602913	
0.518485506305347	-54	12.1875	266	1186	210122834 6.0609064	
0.0797670009700533	-55.5	17.875	267	1130	210122834 6.0613166	
3.72450535298634	-53.5	-21.9375	268	1186	210122835 6.0617502	
3.29499073237836	-55.5	-26	269	1130	210122837 6.0626298	
3.3011266555299	-55.5	-17.0625	270	1130	210122837 6.0631712	
3.73064127613788	-54	-43.125	271	1186	210122837 6.0638613	
3.68155389092554	-54	-4.0625	272	1186	210122838 6.064342	
3.27658296292373	-55.5	8.9375	273	1130	210122839 6.0649636	
3.6539422367436	-54	10.125	274	1186	210122839 6.0656583	
0.291456349698272	-55.5	15	275	1130	210122840 6.0663946	
3.39930142595458	-55	43.125	276	1130	210123040 6.266268	
3.73677719928942	-53.5	-52.0625	277	1186	210123041 6.2676648	
3.22749557771139	-55.5	26	278	1130	210123043 6.2691009	
3.675417967774	-53.5	13	279	1186	210123045 6.271007	
3.65701019831937	-53.5	30.0625	280	1186	210123047 6.2734821	
3.27658296292373	-55.5	-13	281	1130	210123048 6.2744442	
0.0859029241215959	-55.5	15.8125	282	1130	210123049 6.2761642	
0.509281621578033	-54	19.125	283	1186	210123050 6.2769485	
3.74904904559251	-53.5	-39	284	1186	210123051 6.2774251	
3.25203927031756	-55.5	21.9375	285	1130	210123051 6.2779527	
3.64473835201628	-54	39	286	1186	210123052 6.2787184	
3.52201988898543	-55	-34.9375	287	1130	210123053 6.2794726	
3.64473835201628	-53.5	17.0625	288	1186	210123053 6.2802031	
3.44838881116692	-55	0	289	1130	210123054 6.2809849	
0.518485506305347	-54	14.1875	290	1186	210123290 6.5163862	
0.0705631162427395	-55.5	23.1875	291	1130	210123294 6.5209848	
3.20295188510522	-55.5	52.0625	292	1130	210123298 6.5237046	
3.71223350668325	-54	-8.9375	293	1186	210123300 6.5265073	
3.41157327225767	-55	52.0625	294	1130	210123302 6.5279383	
3.6324665057132	-54	34.9375	295	1186	210123302 6.5292368	
3.39930142595458	-55.5	34.9375	296	1130	210123304 6.5305179	
3.71836942983479	-54	-56.125	297	1186	210123306 6.5318176	
0.536893275759974	-54	12.1875	298	1186	210123307 6.5331018	
0.0797670009700533	-55.5	23.1875	299	1130	210123308 6.5350504	
3.27658296292373	-55.5	-4.0625	300	1130	210123309 6.5362341	
3.63860242886474	-54	34.9375	301	1186	210123311 6.5372977	
3.52815581213697	-55	-34.9375	302	1130	210123539 6.7659181	
3.66314612147091	-53.5	13	303	1186	210123571 6.797857	
3.5895150436524	-54	74	304	1186	210123572 6.7983461	
3.41157327225767	-55	13	305	1130	210123572 6.7991886	
0.539961237335746	-54	13	306	1186	210123573 6.8000467	
0.107378655151995	-55.5	13	307	1130	210123575 6.8007889	
0.564504929941916	-54	-0.1875	308	1186	210123575 6.8012144	
0.134990309333936	-56	1.25	309	1130	210123575 6.8018197	
3.74291312244096	-54	-48	310	1186	210123577 6.8033128	
3.53429173528852	-55	-69.125	311	1130	210123578 6.8042861	
3.66314612147091	-53.5	17.0625	312	1186	210123790 7.0163092	
3.3870295796515	-55	48	313	1130	210123793 7.0196808	
0.0920388472731385	-55.5	15	314	1130	210123801 7.027086	
0.552233083638831	-54	6.875	315	1186	210123804 7.0301461	
3.75518496874405	-54	-52.0625	316	1186	210123806 7.0321369	
3.2581751934691	-55.5	-4.0625	317	1130	210123807 7.0335305	
3.48520435007618	-55.5	-8.9375	318	1130	210123808 7.0347603	
3.675417967774	-53.5	-13	319	1186	210123809 7.0356967	
3.46066065747001	-55.5	-4.0625	320	1130	210123810 7.0365939	
3.6324665057132	-53.5	74	321	1186	210123811 7.0374398	
0.506213660002262	-54	0	322	1186	210123812 7.0381674	
0.276116541819415	-55.5	17.875	323	1130	210123812 7.0386786	
3.42384511856075	-55	17.0625	324	1130	210124039 7.2660654	
3.73677719928942	-54	-61	325	1186	210124050 7.2773429	
3.60792281310703	-54	69.125	326	1186	210124054 7.2808636	
3.43611696486384	-55	21.9375	327	1130	210124060 7.2866034	
3.39930142595458	-55	26	328	1130	210124061 7.2883229	
3.65087427516783	-54	13	329	1186	210124063 7.2890182	
0.530757352608432	-54	8.125	330	1186	210124063 7.289899	
0.0797670009700533	-55.5	15.8125	331	1130	210124064 7.2906361	
3.71223350668325	-53.5	-21.9375	332	1186	210124067 7.2925831	
3.32567034813607	-55.5	-43.125	333	1130	210124067 7.293584	
3.19681596195368	-55.5	56.125	334	1130	210124068 7.2949619	
3.78586458450176	-54	-61	335	1186	210124069 7.2955444	
3.62633058256166	-53.5	43.125	336	1186	210124290 7.5158417	
3.20295188510522	-55.5	48	337	1130	210124293 7.5190267	
0.518485506305347	-54	19.125	338	1186	210124293 7.520097	
0.098174770424681	-55.5	10.9375	339	1130	210124295 7.5212488	
3.62633058256166	-54	48	340	1186	210124295 7.5216339	
3.19068003880213	-55.5	52.0625	341	1130	210124296 7.522352	
3.75518496874405	-54	-48	342	1186	210124296 7.5229664	
3.41157327225767	-55	48	343	1130	210124297 7.523527	
3.63860242886474	-54	39	344	1186	210124297 7.5241738	
3.40543734910612	-55	35.75	345	1130	210124299 7.5259267	
0.536893275759974	-54	2.8125	346	1186	210124303 7.5299836	
0.273048580243644	-55.5	19.125	347	1130	210124304 7.5310865	
3.69382573722862	-53.5	-34.9375	348	1186	210124539 7.7658023	
3.5465635815916	-55	-65.0625	349	1130	210124541 7.7669913	
3.74291312244096	-53.5	-26	350	1186	210124542 7.7688215	
3.5036121195308	-55	-21.9375	351	1130	210124543 7.7694979	
3.58337912050086	-53.5	100.0625	352	1186	210124543 7.7700386	
3.46679658062155	-55	4.0625	353	1130	210124543 7.7705141	
0.110446616727766	-55.5	14.1875	354	1130	210124545 7.7710363	
0.527689391032661	-54	10.9375	355	1186	210124545 7.7715063	
3.60792281310703	-54	48	356	1186	210124545 7.7718655	
3.22749557771139	-55	30.0625	357	1130	210124546 7.7726991	
3.73064127613788	-53.5	-34.9375	358	1186	210124790 8.0161576	
3.55883542789469	-55	-52.0625	359	1130	210124792 8.0179272	
3.53429173528852	-54.5	-30.0625	360	1130	210124793 8.0203571	
3.62019465941011	-53.5	39	361	1186	210124797 8.0235887	
0.50314569842649	-54	17.0625	362	1186	210124799 8.0255666	
0.291456349698272	-55.5	12.1875	363	1130	210124800 8.0268658	
3.52201988898543	-55	-34.9375	364	1130	210124802 8.0281005	
3.72450535298634	-54	-21.9375	365	1186	210124803 8.0294333	
3.42998104171229	-55	34.9375	366	1130	210124805 8.0306043	
3.62019465941011	-54	56.125	367	1186	210124806 8.031747	
3.41770919540921	-55	48	368	1130	210124806 8.0326389	
3.61405873625857	-54	39	369	1186	210124808 8.0337452	
0.512349583153804	-54	15	370	1186	210125039 8.2659699	
0.331339850183298	-55.5	4.0625	371	1130	210125040 8.267526	
3.44838881116692	-55	34.9375	372	1130	210125042 8.2689513	
3.77359273819868	-53.5	-52.0625	373	1186	210125045 8.2709426	
3.44838881116692	-54.5	21.9375	374	1130	210125046 8.2726015	
3.76745681504713	-54	-61	375	1186	210125047 8.2738954	
3.65087427516783	-53.5	61	376	1186	210125049 8.2754172	
3.5036121195308	-55	-30.0625	377	1130	210125049 8.2766113	
0.500077736850719	-54	8.9375	378	1186	210125051 8.2779403	
0.3098641191529	-55.5	15	379	1130	210125052 8.2789525	
3.44225288801538	-55	30.0625	380	1130	210125053 8.2796724	
3.63860242886474	-53.5	39	381	1186	210125053 8.2801869	
3.47293250377309	-55.5	17.0625	382	1130	210125290 8.516099	
3.65087427516783	-54	17.0625	383	1186	210125302 8.5288341	
3.41157327225767	-55	34.9375	384	1130	210125342 8.5686963	
3.63860242886474	-53.5	26	385	1186	210125343 8.5705974	
0.300660234425586	-55.5	21.9375	386	1130	210125345 8.57123	
0.552233083638831	-54	12.1875	387	1186	210125345 8.5717435	
3.77972866135022	-54	-48	388	1186	210125346 8.5722844	
3.57110727419777	-55	-60.1875	389	1130	210125346 8.5727706	
3.41770919540921	-55.5	-69.125	390	1130	210125347 8.5735254	
3.6324665057132	-53.5	69.125	391	1186	210125347 8.5740294	
3.69382573722862	-54	13	392	1186	210125349 8.5747829	
3.23976742401447	-55.5	24.375	393	1130	210125349 8.5758096	
0.527689391032661	-54	10.125	394	1186	210125540 8.7661364	
0.134990309333936	-55.5	12.1875	395	1130	210125554 8.7801542	
3.73677719928942	-53.5	-30.0625	396	1186	210125560 8.7872121	
3.3440781175907	-55.5	-8.9375	397	1130	210125562 8.7885305	
3.54042765844006	-55	-8.9375	398	1130	210125563 8.7895954	
3.68155389092554	-54	30.0625	399	1186	210125564 8.790497	
3.69996166038017	-53.5	21.9375	400	1186	210125565 8.7922839	
3.55269950474315	-55	-30.0625	401	1130	210125566 8.7932809	
0.555301045214602	-54	4.875	402	1186	210125567 8.7942083	
0.138058270909708	-55.5	14.1875	403	1130	210125568 8.7950756	
3.2581751934691	-55.5	52.0625	404	1130	210125569 8.7959425	
3.84722381601719	-53.5	-100.0625	405	1186	210125570 8.7970935	
3.56497135104623	-55	-13	406	1130	210125571 8.7980567	
3.76745681504713	-53.5	-17.0625	407	1186	210125578 8.8048855	
3.69996166038017	-53.5	21.9375	408	1186	210125791 9.0171583	
3.42384511856075	-55	78.0625	409	1130	210125797 9.0231637	
3.70302962195594	-53.5	10.9375	410	1186	210125834 9.0598647	
0.325203927031756	-55.5	21.125	411	1130	210125834 9.0611882	
3.51588396583389	-55	-4.0625	412	1130	210125836 9.0629704	
3.68155389092554	-53.5	26	413	1186	210125838 9.063826	
3.5036121195308	-55	-8.9375	414	1130	210125838 9.0645761	
3.82881604656256	-53.5	-39	415	1186	210125839 9.0653661	
3.45452473431846	-55	34.9375	416	1130	210125840 9.0661452	
3.65701019831937	-53.5	69.125	417	1186	210125840 9.0668387	
0.193281579273591	-55.5	8.125	418	1130	210125840 9.0674758	
0.589048622548086	-54	14.1875	419	1186	210125842 9.0680664	
3.78586458450176	-54	-34.9375	420	1186	210126040 9.2656068	
3.44225288801538	-55	-65.0625	421	1130	210126045 9.271955	
0.365087427516783	-55.5	10.125	422	1130	210126045 9.2722643	
0.54916512206306	-53.5	10.125	423	1186	210126045 9.2725222	
3.52815581213697	-55.5	-4.0625	424	1130	210126047 9.2727322	
3.80427235395639	-53.5	-30.0625	425	1186	210126047 9.2729351	
3.76132089189559	-54	-13	426	1186	210126047 9.2731718	
3.45452473431846	-55	28.4375	427	1130	210126047 9.2733737	
3.68155389092554	-53.5	26	428	1186	210126047 9.273587	
3.46066065747001	-55	39	429	1130	210126048 9.2737832	
0.564504929941916	-53.5	12.1875	430	1186	210126290 9.5159604	
0.33440781175907	-55.5	21.9375	431	1130	210126292 9.5185292	
3.70609758353171	-54	8.9375	432	1186	210126294 9.5209579	
3.60178688995549	-55	-52.0625	433	1130	210126295 9.522367	
3.52815581213697	-55	-4.0625	434	1130	210126297 9.5237865	
3.65701019831937	-53.5	56.125	435	1186	210126301 9.5271475	
3.72450535298634	-53.5	4.0625	436	1186	210126302 9.5280695	
3.62019465941011	-55	-65.0625	437	1130	210126302 9.5287821	
0.368155389092554	-55.5	6.0625	438	1130	210126303 9.5294354	
0.558369006790373	-53.5	14.1875	439	1186	210126303 9.5301546	
3.5036121195308	-55	0	440	1130	210126303 9.5305639	
3.71223350668325	-53.5	4.0625	441	1186	210126305 9.5313065	
3.52201988898543	-55	4.0625	442	1130	210126540 9.7658783	
3.77972866135022	-53.5	-30.0625	443	1186	210126541 9.7672771	
3.49134027322772	-55	21.9375	444	1130	210126542 9.7686638	
3.68768981407708	-53.5	30.0625	445	1186	210126544 9.7703406	
0.576776776245001	-53.5	6.875	446	1186	210126546 9.7718269	
0.165669925091649	-55.5	8.125	447	1130	210126547 9.7732733	
3.27658296292373	-55	30.0625	448	1130	210126549 9.7756751	
3.74904904559251	-54	-30.0625	449	1186	210126551 9.7773725	
3.55883542789469	-55.5	-30.0625	450	1130	210126551 9.7779977	
3.73677719928942	-53.5	-21.9375	451	1186	210126552 9.7784898	
3.57110727419777	-55	-17.0625	452	1130	210126553 9.7789265	
3.71223350668325	-54	8.9375	453	1186	210126553 9.7793418	
0.168737886667421	-55.5	19.9375	454	1130	210126808 10.0346031	
0.589048622548086	-54	10.125	455	1186	210126820 10.0459627	
3.27658296292373	-55.5	21.9375	456	1130	210126822 10.0479124	
3.69382573722862	-53.5	26	457	1186	210126823 10.0494023	
3.57724319734932	-55	-30.0625	458	1130	210126823 10.0504405	
3.77972866135022	-54	-34.9375	459	1186	210126825 10.0516734	
3.46679658062155	-55	30.0625	460	1130	210126827 10.0530561	
3.8349519697141	-53.5	-87.0625	461	1186	210126829 10.0552112	
3.68462185250131	-53.5	19.9375	462	1186	210126830 10.0561289	
0.150330117212793	-55.5	13	463	1130	210126830 10.056799	
3.36248588704533	-55.5	-30.0625	464	1130	210126833 10.058908	
3.73064127613788	-53.5	13	465	1186	210126833 10.0597238	
3.49134027322772	-55	30.0625	466	1130	210127048 10.2745377	
3.72450535298634	-53.5	4.0625	467	1186	210127138 10.3643069	
3.77359273819868	-54	-8.9375	468	1186	210127595 10.8214343	
3.60178688995549	-55	-56.125	469	1130	210127615 10.8415829	
0.589048622548086	-53.5	10.9375	470	1186	210127633 10.8592231	
0.159534001940107	-55.5	15.8125	471	1130	210127650 10.876157	
3.3870295796515	-55.5	-13	472	1130	210127650 10.8769372	
3.71836942983479	-53.5	13	473	1186	210127652 10.8785986	
3.80427235395639	-53.5	-65.0625	474	1186	210127654 10.8805852	
3.46679658062155	-55	52.0625	475	1130	210127657 10.8827324	
0.392699081698724	-55.5	0.8125	476	1130	210127659 10.8850922	
0.595184545699629	-54	0.1875	477	1186	210127663 10.8887582	
0.564504929941916	-54	15.8125	478	1186	210127667 10.8926863	
0.35895150436524	-55.5	21.125	479	1130	210127676 10.9030251	
3.57110727419777	-55	-30.0625	480	1130	210127678 10.9035993	
3.77359273819868	-53.5	-43.125	481	1186	210127679 10.9057047	
3.69996166038017	-53.5	17.0625	482	1186	210127679 10.906147	
3.56497135104623	-54.5	-30.0625	483	1130	210127680 10.9071035	
3.71223350668325	-53.5	21.9375	484	1186	210127682 10.9078141	
3.55269950474315	-55.5	-21.9375	485	1130	210127683 10.9086325	
3.6968936988044	-53.5	12.1875	486	1186	210127684 10.9096573	
0.153398078788564	-55.5	21.125	487	1130	210127685 10.9110507	
3.74904904559251	-53.5	-8.9375	488	1186	210127686 10.9122405	
3.35634996389378	-55	0	489	1130	210127687 10.9136787	
3.56497135104623	-55	-17.0625	490	1130	210127688 10.9147191	
3.66928204462245	-53.5	61	491	1186	210127689 10.9155258	
3.46679658062155	-55.5	61	492	1130	210127690 10.9161123	
3.79813643080485	-53.5	-48	493	1186	210127690 10.9164039	
0.567572891517687	-53.5	4.875	494	1186	210127690 10.916632	
0.349747619637926	-55.5	17.0625	495	1130	210127690 10.9168432	
3.53429173528852	-55	4.0625	496	1130	210127691 10.9170427	
3.69996166038017	-53.5	39	497	1186	210127691 10.9173742	
3.57724319734932	-55	-34.9375	498	1130	210127691 10.9181996	
3.87176750862336	-53.5	-108.1875	499	1186	210127692 10.9184666	
3.71836942983479	-53.5	4.0625	500	1186	210127798 11.0242073	
3.57110727419777	-55	-34.9375	501	1130	210127851 11.0782084	
0.177941771394734	-55.5	10.125	502	1130	210127867 11.0935078	
0.570640853093458	-53.5	17.875	503	1186	210127870 11.0967492	
3.74904904559251	-53.5	-30.0625	504	1186	210127893 11.119286	
3.24590334716602	-55	34.9375	505	1130	210127895 11.121636	
3.57110727419777	-55	-17.0625	506	1130	210127897 11.122989	
3.69382573722862	-53.5	13	507	1186	210127898 11.1241741	
3.75518496874405	-53.5	-21.9375	508	1186	210127902 11.1278914	
3.55269950474315	-55.5	-34.9375	509	1130	210127918 11.1448157	
3.32567034813607	-55	-4.0625	510	1130	210127920 11.1457724	
3.69996166038017	-53.5	52.0625	511	1186	210127920 11.1461349	
3.68155389092554	-53.5	43.125	512	1186	210128094 11.3202627	
3.2581751934691	-55	34.9375	513	1130	210128097 11.3229519	
3.71223350668325	-53.5	8.9375	514	1186	210128098 11.3243513	
0.202485464000905	-55.5	1.1875	515	1130	210128101 11.3274069	
3.27044703977219	-55	39	516	1130	210128102 11.3280359	
3.77972866135022	-53.5	-39	517	1186	210128102 11.3286329	
3.5036121195308	-55	26	518	1130	210128102 11.3290838	
3.7920005076533	-53.5	-48	519	1186	210128103 11.3303488	
3.79813643080485	-53.5	-61	520	1186	210128112 11.338859	
3.46679658062155	-55	48	521	1130	210128112 11.3393706	
0.343611696486384	-55.5	10.9375	522	1130	210128114 11.3399367	
0.711767085578938	-54	21.125	523	1186	210128114 11.3407027	
3.80427235395639	-54	65.0625	524	1186	210128398 11.6239192	
3.65087427516783	-55	-87.0625	525	1130	210128438 11.6636946	
3.9638063558965	-53.5	-69.125	526	1186	210128450 11.6760478	
3.62633058256166	-55	-74	527	1130	210128459 11.6853384	
3.49747619637926	-55	13	528	1130	210128462 11.6890955	
3.9638063558965	-54	-61	529	1186	210128468 11.6945835	
0.714835047154709	-54	17.875	530	1186	210128488 11.7152743	
0.153398078788564	-55.5	10.125	531	1130	210128489 11.7163311	
3.2581751934691	-55.5	56.125	532	1130	210128491 11.7175279	
3.82268012341102	-54	43.125	533	1186	210128491 11.7183497	
3.51588396583389	-55	-17.0625	534	1130	210128493 11.718951	
3.8779034317749	-54	-4.0625	535	1186	210128493 11.7196722	
3.79813643080485	-54	61	536	1186	210128539 11.7653644	
3.58337912050086	-55	-52.0625	537	1130	210128539 11.7661463	
0.711767085578938	-54	1.1875	538	1186	210128540 11.766884	
0.33440781175907	-55.5	19.125	539	1130	210128541 11.7677869	
3.55883542789469	-55	-39	540	1130	210128542 11.768835	
3.84722381601719	-54	26	541	1186	210128543 11.7700252	
3.68155389092554	-53.5	21.9375	542	1186	210128545 11.7709331	
3.57724319734932	-54.5	-26	543	1130	210128546 11.7720463	
3.49134027322772	-55	26	544	1130	210128547 11.7731271	
3.74291312244096	-53.5	-4.0625	545	1186	210128548 11.7745404	
0.555301045214602	-53.5	8.125	546	1186	210128549 11.7758506	
0.352815581213697	-55	21.9375	547	1130	210128551 11.7770766	
3.6324665057132	-55	-82.1875	548	1130	210128789 12.0160673	
3.63860242886474	-53.5	74	549	1186	210128791 12.0166244	
3.57724319734932	-55	-48	550	1130	210128791 12.0174251	
3.79813643080485	-53.5	-39	551	1186	210128792 12.0180498	
3.69382573722862	-53.5	48	552	1186	210128792 12.0186394	
3.56497135104623	-55	-17.0625	553	1130	210128793 12.0197676	
0.705631162427395	-54	0	554	1186	210128794 12.0202514	
0.349747619637926	-55.5	10.9375	555	1130	210128794 12.0208256	
3.53429173528852	-55.5	-4.0625	556	1130	210128795 12.0212671	
3.82881604656256	-54	43.125	557	1186	210128795 12.0218116	
