5.68800076147996	-55.5	15	0	1130	210204388 0.5696305	
5.97025322645092	-56.5	4.875	1	1186	210204392 0.5718468	
2.5954954931025	-55	-26	2	1130	210204392 0.5726419	
2.84093241916421	-55.5	-17.0625	3	1186	210204394 0.5739043	
2.79184503395187	-56	34.9375	4	1186	210204394 0.5746758	
2.52800033843554	-55	21.9375	5	1130	210204395 0.5756769	
2.54640810789016	-55	30.0625	6	1130	210204396 0.5765032	
2.82252464970958	-56.5	-4.0625	7	1186	210204397 0.5776335	
5.96718526487514	-56.5	13	8	1186	210204399 0.578947	
5.67879687675264	-55.5	17.0625	9	1130	210204400 0.5802567	
2.55867995419325	-54.5	13	10	1130	210204402 0.5818903	
2.79184503395187	-56.5	43.125	11	1186	210204403 0.5833899	
2.60163141625405	-55	-21.9375	12	1130	210204634 0.8143359	
2.80411688025495	-56.5	68.3125	13	1186	210204634 0.8149298	
2.61390326255713	-55	-30.0625	14	1130	210204634 0.815276	
2.79798095710341	-56	34.9375	15	1186	210204634 0.8155415	
5.9395736106932	-56.5	15	16	1186	210204636 0.8158184	
5.6941366846315	-55.5	8.125	17	1130	210204636 0.8160991	
2.81638872655804	-56.5	13	18	1186	210204637 0.8165702	
2.56481587734479	-55	4.0625	19	1130	210204637 0.8175085	
2.83479649601267	-56.5	0	20	1186	210204637 0.8178103	
2.52800033843554	-54.5	30.0625	21	1130	210204638 0.8182547	
2.5954954931025	-55	-4.0625	22	1130	210204638 0.8188123	
2.84093241916421	-56.5	34.9375	23	1186	210204638 0.8191554	
5.97025322645092	-57	13	24	1186	210204883 1.0645899	
5.71254445408613	-55.5	12.1875	25	1130	210204885 1.0655498	
2.58322364679942	-55.5	0	26	1130	210204886 1.066668	
2.79184503395187	-56	52.0625	27	1186	210204887 1.0672167	
2.84706834231575	-56	8.9375	28	1186	210204888 1.0681532	
2.55254403104171	-55	13	29	1130	210204888 1.0686342	
2.78570911080032	-56	21.9375	30	1186	210204889 1.0691565	
2.58322364679942	-55.5	4.0625	31	1130	210204889 1.069699	
5.97025322645092	-57	-1.1875	32	1186	210204890 1.0701323	
5.6941366846315	-55.5	14.1875	33	1130	210204890 1.0705326	
2.57708772364788	-55	13	34	1130	210204891 1.0711612	
2.82252464970958	-56	4.0625	35	1186	210204892 1.0718894	
2.52186441528399	-55	48	36	1130	210205134 1.3141931	
2.87161203492192	-56.5	-4.0625	37	1186	210205135 1.3148918	
2.89001980437655	-56.5	-17.0625	38	1186	210205135 1.315289	
2.54640810789016	-55.5	21.9375	39	1130	210205135 1.3157535	
5.97025322645092	-57	4.0625	40	1186	210205136 1.3162296	
5.70334056935881	-55.5	17.0625	41	1130	210205136 1.3167358	
2.56481587734479	-55.5	39	42	1130	210205136 1.3173186	
2.83479649601267	-56.5	4.0625	43	1186	210205138 1.3180654	
2.58322364679942	-55	13	44	1130	210205138 1.3186855	
2.85934018861884	-56.5	21.9375	45	1186	210205139 1.319037	
2.79184503395187	-56.5	48	46	1186	210205139 1.3195748	
2.58322364679942	-55	17.0625	47	1130	210205139 1.319995	
5.96411730329937	-57	8.125	48	1186	210205384 1.5646373	
5.71254445408613	-55.5	14.1875	49	1130	210205395 1.5753958	
2.87774795807346	-56.5	0	50	1186	210205433 1.6136396	
2.5954954931025	-55.5	8.9375	51	1130	210205434 1.6142122	
2.55867995419325	-55	26	52	1130	210205434 1.6145728	
2.84706834231575	-56.5	8.9375	53	1186	210205434 1.6148474	
2.83479649601267	-56.5	8.9375	54	1186	210205435 1.6150939	
2.52800033843554	-55.5	69.125	55	1130	210205435 1.6153308	
5.94877749542052	-57	8.125	56	1186	210205435 1.6155577	
5.71868037723767	-55.5	2	57	1130	210205435 1.6157898	
2.91456349698272	-56.5	-21.9375	58	1186	210205436 1.6160207	
2.5954954931025	-55	-4.0625	59	1130	210205436 1.6162433	
2.79798095710341	-56.5	43.125	60	1186	210205635 1.8147059	
2.50959256898091	-55	69.125	61	1130	210205636 1.8158668	
2.5954954931025	-54.5	-13	62	1130	210205636 1.8166691	
2.84706834231575	-56.5	30.0625	63	1186	210205637 1.8172359	
5.98866099590554	-57	-1.1875	64	1186	210205637 1.8177594	
5.69720464620727	-55.5	15.8125	65	1130	210205638 1.8182388	
2.79184503395187	-56	43.125	66	1186	210205638 1.8187259	
2.54027218473862	-55.5	34.9375	67	1130	210205638 1.8192078	
2.58322364679942	-55	4.0625	68	1130	210205639 1.8196537	
2.80411688025495	-56.5	17.0625	69	1186	210205639 1.8200986	
2.55867995419325	-55	17.0625	70	1130	210205641 1.8205443	
2.78570911080032	-56.5	48	71	1186	210205641 1.821047	
5.95798138014783	-57	17.875	72	1186	210205884 2.0642379	
5.66959299202533	-55.5	30.875	73	1130	210205884 2.0649616	
2.64458287831485	-55	-30.0625	74	1130	210205886 2.06603	
2.84706834231575	-56.5	21.9375	75	1186	210205887 2.0665834	
2.82252464970958	-56.5	26	76	1186	210205887 2.0669352	
2.60163141625405	-55	-4.0625	77	1130	210205887 2.0672432	
2.63231103201176	-55	-34.9375	78	1130	210205887 2.0675121	
2.79798095710341	-56	43.125	79	1186	210205888 2.0679148	
5.97638914960246	-57	13	80	1186	210205888 2.0681628	
5.71254445408613	-55.5	10.9375	81	1130	210205888 2.0683928	
2.81638872655804	-56.5	13	82	1186	210205888 2.0686106	
2.57095180049633	-55	26	83	1130	210205889 2.0689089	
2.58935956995096	-55.5	-4.0625	84	1130	210206134 2.3141189	
2.81638872655804	-56.5	43.125	85	1186	210206138 2.3179164	
2.79798095710341	-56.5	56.125	86	1186	210206138 2.3182418	
2.6384469551633	-55	-17.0625	87	1130	210206138 2.3184669	
5.97638914960246	-57	17.0625	88	1186	210206139 2.3186757	
5.74015610826807	-55.5	1.1875	89	1130	210206139 2.3188811	
2.53413626158708	-55	34.9375	90	1130	210206139 2.3190863	
2.81025280340649	-56.5	69.125	91	1186	210206139 2.3192863	
2.66912657092102	-55.5	-43.125	92	1130	210206139 2.319489	
2.85934018861884	-57	21.9375	93	1186	210206140 2.3196887	
2.81025280340649	-56.5	61	94	1186	210206140 2.3198878	
2.5954954931025	-55.5	8.9375	95	1130	210206140 2.3200855	
6.00093284220863	-57	6.875	96	1186	210206384 2.5646256	
5.69106872305573	-55.5	12.1875	97	1130	210206386 2.5669622	
2.82866057286112	-56.5	43.125	98	1186	210206389 2.5688689	
2.51572849213245	-55	52.0625	99	1130	210206389 2.5699366	
2.88388388122501	-56.5	26	100	1186	210206390 2.571155	
2.57708772364788	-55	8.9375	101	1130	210206391 2.5719079	
2.85934018861884	-56.5	48	102	1186	210206393 2.5726412	
2.55254403104171	-55.5	43.125	103	1130	210206393 2.573318	
6.04081634269366	-57	6.875	104	1186	210206393 2.5739024	
5.7370881466923	-55.5	4.0625	105	1130	210206395 2.5762556	
2.88388388122501	-56.5	17.0625	106	1186	210206398 2.5778111	
2.58935956995096	-55.5	-4.0625	107	1130	210206398 2.5788355	
2.52800033843554	-55.5	39	108	1130	210206634 2.81434	
2.79798095710341	-56.5	78.0625	109	1186	210206636 2.816158	
2.62617510886022	-55.5	-39	110	1130	210206637 2.817582	
2.87161203492192	-56.5	8.9375	111	1186	210206639 2.8189308	
2.84400038073998	-57	19.9375	112	1186	210206640 2.8204072	
5.6941366846315	-55.5	13	113	1130	210206643 2.8233488	
2.60163141625405	-55.5	-13	114	1130	210206645 2.8252212	
2.87774795807346	-56.5	8.9375	115	1186	210206647 2.82821	
2.51572849213245	-55	39	116	1130	210206649 2.8294557	
2.83479649601267	-56.5	26	117	1186	210206652 2.8319553	
2.82866057286112	-56	30.0625	118	1186	210206654 2.8345523	
2.54027218473862	-55.5	34.9375	119	1130	210206655 2.8360812	
5.98559303432977	-57	17.0625	120	1186	210206884 3.064183	
5.6941366846315	-55.5	17.0625	121	1130	210206885 3.0652594	
2.82252464970958	-56.5	52.0625	122	1186	210206886 3.0662432	
2.60776733940559	-55	-39	123	1130	210206887 3.0677058	
2.5954954931025	-55	0	124	1130	210206889 3.0695826	
2.81638872655804	-56.5	52.0625	125	1186	210206890 3.0708131	
2.85320426546729	-56.5	13	126	1186	210206891 3.0713341	
2.55254403104171	-55	17.0625	127	1130	210206891 3.0719408	
5.99786488063286	-57	8.9375	128	1186	210206892 3.0724341	
5.69720464620727	-55.5	19.9375	129	1130	210206892 3.0728291	
2.57708772364788	-55.5	4.0625	130	1130	210206892 3.0733057	
2.83479649601267	-56.5	8.9375	131	1186	210206894 3.0735672	
2.89001980437655	-57	21.9375	132	1186	210207134 3.3143205	
2.5954954931025	-55.5	16.25	133	1130	210207137 3.3173354	
2.84093241916421	-56.5	48	134	1186	210207140 3.3206819	
2.61390326255713	-55	-21.9375	135	1130	210207143 3.3233404	
5.99172895748131	-57	14.1875	136	1186	210207144 3.3244374	
5.69720464620727	-55.5	15	137	1130	210207145 3.3256997	
2.81638872655804	-56	56.125	138	1186	210207146 3.3267962	
2.58935956995096	-55.5	-21.9375	139	1130	210207148 3.3286943	
2.55867995419325	-55	43.125	140	1130	210207149 3.3296874	
2.81638872655804	-56.5	34.9375	141	1186	210207151 3.3315002	
2.58322364679942	-54.5	-4.0625	142	1130	210207152 3.3325614	
2.84093241916421	-56.5	17.0625	143	1186	210207153 3.3332995	
5.99172895748131	-56.5	8.9375	144	1186	210207383 3.5641685	
5.68800076147996	-55.5	21.125	145	1130	210207387 3.5670174	
2.56481587734479	-55	21.9375	146	1130	210207389 3.5690041	
2.85934018861884	-56.5	26	147	1186	210207390 3.5703316	
2.86547611177038	-56.5	39.875	148	1186	210207391 3.57143	
2.57708772364788	-55.5	20.3125	149	1130	210207391 3.5720515	
2.58935956995096	-55	4.0625	150	1130	210207393 3.5732386	
2.84706834231575	-56	39	151	1186	210207393 3.5740047	
5.70947649251036	-55.5	14.1875	152	1130	210207394 3.5748386	
5.982525072754	-56.5	4.0625	153	1186	210207394 3.5755129	
2.57095180049633	-55.5	17.0625	154	1130	210207396 3.5762685	
2.77957318764878	-56.5	69.125	155	1186	210207397 3.5779272	
2.87161203492192	-56.5	0	156	1186	210207634 3.8143739	
2.60776733940559	-55	8.9375	157	1130	210207635 3.815248	
2.82866057286112	-56.5	30.0625	158	1186	210207636 3.8158222	
2.61390326255713	-55.5	4.0625	159	1130	210207636 3.8162885	
5.6941366846315	-55.5	19.125	160	1130	210207638 3.81782	
5.982525072754	-57	4.875	161	1186	210207639 3.8192519	
2.82252464970958	-56.5	17.0625	162	1186	210207640 3.8200992	
2.55254403104171	-55.5	17.0625	163	1130	210207641 3.8212399	
2.87774795807346	-56	-8.9375	164	1186	210207641 3.8218728	
2.57095180049633	-55.5	26	165	1130	210207642 3.8230351	
2.61390326255713	-55	-13	166	1130	210207644 3.8235304	
2.89001980437655	-56	-34.9375	167	1186	210207644 3.8242117	
5.98559303432977	-57	8.125	168	1186	210207895 4.075216	
5.6941366846315	-55.5	17.0625	169	1130	210207934 4.1147838	
2.60163141625405	-55.5	-13	170	1130	210207937 4.1172421	
2.82866057286112	-56.5	34.9375	171	1186	210207938 4.118508	
5.982525072754	-57	4.0625	172	1186	210207940 4.1197441	
5.7156124156619	-55.5	8.125	173	1130	210207941 4.1219832	
2.60776733940559	-55	-21.9375	174	1130	210207943 4.1225448	
2.91456349698272	-57	-34.9375	175	1186	210207943 4.1231962	
2.58935956995096	-55	-4.0625	176	1130	210207944 4.1239256	
2.81638872655804	-56	52.0625	177	1186	210207944 4.124381	
2.86547611177038	-56.5	-39	178	1186	210208133 4.313843	
2.57095180049633	-55	0	179	1130	210208135 4.3160313	
5.98559303432977	-57	15	180	1186	210208137 4.3172768	
5.69106872305573	-55.5	15	181	1130	210208142 4.3221851	
2.87774795807346	-56	-26	182	1186	210208144 4.3244355	
2.60163141625405	-54.5	-26	183	1130	210208148 4.3287564	
2.83479649601267	-56.5	8.9375	184	1186	210208156 4.3362801	
2.55867995419325	-55	13	185	1130	210208158 4.3381494	
2.87774795807346	-56	0	186	1186	210208159 4.3393525	
2.57708772364788	-54.5	-8.9375	187	1130	210208159 4.340014	
5.9610493417236	-57	19.125	188	1186	210208160 4.3411911	
5.72174833881344	-55.5	15.8125	189	1130	210208162 4.342071	
2.57095180049633	-55	-8.9375	190	1130	210208384 4.5637733	
2.91456349698272	-57	-43.125	191	1186	210208385 4.5649985	
2.78570911080032	-56.5	100.0625	192	1186	210208387 4.5676887	
2.58322364679942	-55.5	-8.9375	193	1130	210208389 4.5692143	
2.58322364679942	-55	4.0625	194	1130	210208390 4.5698955	
2.86547611177038	-56.5	17.0625	195	1186	210208390 4.5704787	
5.982525072754	-56.5	8.125	196	1186	210208391 4.5716903	
5.70334056935881	-55.5	12.1875	197	1130	210208392 4.5724024	
2.53413626158708	-55	30.0625	198	1130	210208392 4.573047	
2.95137903589197	-56.5	-82.1875	199	1186	210208394 4.5737507	
2.79184503395187	-56	56.125	200	1186	210208394 4.5741651	
2.62003918570868	-55	-8.9375	201	1130	210208394 4.5744935	
2.74889357189107	-56.5	78.0625	202	1186	210208636 4.8159225	
2.60776733940559	-55	0	203	1130	210208639 4.8194411	
5.98866099590554	-57	4.0625	204	1186	210208640 4.8209866	
5.70027260778304	-55.5	19.125	205	1130	210208641 4.8217542	
2.79184503395187	-56.5	39	206	1186	210208645 4.8245998	
2.58935956995096	-55.5	0	207	1130	210208646 4.8258785	
2.81025280340649	-56.5	30.0625	208	1186	210208646 4.8266963	
2.57708772364788	-55	21.9375	209	1130	210208647 4.8274263	
2.86547611177038	-56.5	-21.9375	210	1186	210208649 4.828463	
2.62003918570868	-55.5	-30.0625	211	1130	210208650 4.829914	
5.96411730329937	-57	17.0625	212	1186	210208651 4.8325592	
5.70947649251036	-55.5	17.875	213	1130	210208653 4.833914	
2.50959256898091	-55	65.0625	214	1130	210208883 5.0636992	
2.85934018861884	-56.5	-4.0625	215	1186	210208884 5.064613	
2.81638872655804	-56	34.9375	216	1186	210208886 5.0664546	
2.60163141625405	-55	-17.0625	217	1130	210208886 5.0672375	
2.84706834231575	-57	13	218	1186	210208891 5.0707929	
2.58935956995096	-55	4.0625	219	1130	210208894 5.0739561	
5.70334056935881	-55.5	15	220	1130	210208899 5.0791723	
5.95491341857206	-57	14.1875	221	1186	210208899 5.0799764	
2.54027218473862	-55	26	222	1130	210208901 5.0807848	
2.82252464970958	-56.5	48	223	1186	210208901 5.0814327	
2.61390326255713	-55.5	-34.9375	224	1130	210208901 5.0819567	
2.79184503395187	-56	65.0625	225	1186	210208902 5.0823364	
2.86547611177038	-56.5	8.9375	226	1186	210209134 5.313739	
2.56481587734479	-55	8.9375	227	1130	210209136 5.3159087	
5.68800076147996	-55.5	17.875	228	1130	210209136 5.3163017	
5.97638914960246	-57	6.875	229	1186	210209136 5.3167673	
2.82252464970958	-56.5	17.0625	230	1186	210209137 5.3173958	
2.55867995419325	-55	8.9375	231	1130	210209137 5.3178572	
2.85320426546729	-56.5	30.0625	232	1186	210209138 5.3183631	
2.53413626158708	-55	34.9375	233	1130	210209138 5.3187516	
2.85934018861884	-56.5	17.0625	234	1186	210209138 5.3190992	
2.55254403104171	-55	30.0625	235	1130	210209140 5.3198051	
5.95798138014783	-56.5	15	236	1186	210209140 5.320415	
5.69106872305573	-55.5	21.125	237	1130	210209140 5.3207266	
2.85934018861884	-56	17.0625	238	1186	210209384 5.5638759	
2.57095180049633	-55	34.9375	239	1130	210209390 5.5696083	
2.57708772364788	-55	4.0625	240	1130	210209391 5.5720629	
2.82866057286112	-57	21.9375	241	1186	210209394 5.5739682	
2.85934018861884	-56.5	-26	242	1186	210209395 5.5749202	
2.60776733940559	-55.5	-8.9375	243	1130	210209395 5.5757104	
5.95491341857206	-57	15	244	1186	210209396 5.5769874	
5.70027260778304	-55.5	14.1875	245	1130	210209398 5.5776501	
2.82252464970958	-56.5	13	246	1186	210209399 5.5792714	
2.55867995419325	-55	39	247	1130	210209400 5.580524	
2.58935956995096	-55	-13	248	1130	210209634 5.8146074	
2.87161203492192	-56.5	-8.125	249	1186	210209640 5.8201046	
2.58935956995096	-54.5	-8.9375	250	1130	210209645 5.8248504	
2.83479649601267	-56.5	39	251	1186	210209650 5.8304052	
2.84093241916421	-57	6.875	252	1186	210209652 5.8323535	
5.70027260778304	-55.5	17.875	253	1130	210209654 5.8350713	
2.5954954931025	-55	13	254	1130	210209660 5.8406458	
2.82252464970958	-57	30.0625	255	1186	210209700 5.8803265	
2.5954954931025	-55	13	256	1130	210209703 5.8837796	
2.89615572752809	-57	-8.9375	257	1186	210209704 5.8842411	
2.84093241916421	-56.5	34.9375	258	1186	210209705 5.8847148	
2.55254403104171	-55.5	30.0625	259	1130	210209705 5.8852951	
5.99786488063286	-57	-2.8125	260	1186	210209705 5.8858651	
5.71254445408613	-55.5	6.875	261	1130	210209708 5.8880137	
2.58935956995096	-55.5	-17.0625	262	1130	210209894 6.0736988	
2.84706834231575	-56	21.9375	263	1186	210209903 6.084088	
2.81025280340649	-56	56.125	264	1186	210209906 6.0861316	
2.58935956995096	-55.5	-8.9375	265	1130	210209907 6.0866749	
2.81025280340649	-56.5	43.125	266	1186	210209908 6.0875686	
2.56481587734479	-55	8.9375	267	1130	210209911 6.0915141	
5.68800076147996	-55.5	21.125	268	1130	210209912 6.0928875	
5.97025322645092	-56.5	6.875	269	1186	210209915 6.0953894	
2.63231103201176	-55	-30.0625	270	1130	210209918 6.098601	
2.79798095710341	-56.5	30.0625	271	1186	210209921 6.1010097	
2.55867995419325	-55	26	272	1130	210209921 6.1016914	
2.85320426546729	-56	13	273	1186	210209924 6.1039913	
2.88388388122501	-56.5	-21.9375	274	1186	210210134 6.313764	
2.5954954931025	-55.5	21.9375	275	1130	210210138 6.3174462	
5.97332118802669	-56.5	14.1875	276	1186	210210144 6.3234968	
5.70640853093458	-55.5	15	277	1130	210210145 6.3252002	
2.82252464970958	-56.5	43.125	278	1186	210210147 6.3267246	
2.5954954931025	-55	21.9375	279	1130	210210148 6.3279109	
2.62617510886022	-55.5	-26	280	1130	210210149 6.328428	
2.85320426546729	-56.5	4.0625	281	1186	210210149 6.3288584	
2.58935956995096	-55	-13	282	1130	210210149 6.329241	
2.82866057286112	-56.5	26	283	1186	210210150 6.3296053	
5.96411730329937	-56.5	12.1875	284	1186	210210384 6.5635191	
5.6941366846315	-55.5	15	285	1130	210210425 6.6045862	
2.61390326255713	-55	-17.0625	286	1130	210210425 6.6055246	
2.87774795807346	-56.5	-13	287	1186	210210426 6.6066947	
2.82252464970958	-56.5	39	288	1186	210210426 6.6073675	
2.60163141625405	-55	8.9375	289	1130	210210428 6.6083257	
2.55867995419325	-55.5	43.125	290	1130	210210429 6.6092168	
2.88388388122501	-56.5	-21.9375	291	1186	210210429 6.609739	
5.96718526487514	-56.5	13	292	1186	210210430 6.6104785	
5.7156124156619	-55.5	13	293	1130	210210430 6.6111423	
2.80411688025495	-56	48	294	1186	210210431 6.6118609	
2.54640810789016	-55	21.9375	295	1130	210210433 6.6132781	
2.88388388122501	-56.5	-8.9375	296	1186	210210634 6.8138363	
2.55867995419325	-55	12.1875	297	1130	210210637 6.8170005	
2.84706834231575	-56.5	21.9375	298	1186	210210642 6.8226541	
2.55254403104171	-55	13	299	1130	210210644 6.8243602	
5.67879687675264	-55.5	24	300	1130	210210646 6.8259816	
5.95798138014783	-57	8.9375	301	1186	210210647 6.8275681	
2.57095180049633	-55	39	302	1130	210210649 6.8291228	
2.75502949504261	-56.5	69.125	303	1186	210210650 6.8305747	
2.60163141625405	-55.5	-17.0625	304	1130	210210651 6.8319973	
2.87161203492192	-56.5	-4.0625	305	1186	210210652 6.8328356	
2.60163141625405	-55.5	-8.9375	306	1130	210210653 6.8338342	
2.85320426546729	-57	8.9375	307	1186	210210655 6.8351354	
5.99786488063286	-57	-6.875	308	1186	210210893 7.0735959	
5.69106872305573	-55.5	17.0625	309	1130	210210896 7.0767103	
2.55867995419325	-55	30.0625	310	1130	210210898 7.078453	
2.84093241916421	-56.5	4.0625	311	1186	210210900 7.0798707	
2.80411688025495	-56.5	61	312	1186	210210901 7.0811508	
2.57095180049633	-55.5	17.0625	313	1130	210210902 7.0823886	
2.61390326255713	-55	0	314	1130	210210903 7.0836904	
2.7673013413457	-56.5	61	315	1186	210210905 7.0852796	
5.72481630038921	-55.5	6.0625	316	1130	210210907 7.0866832	
5.9610493417236	-57	19.9375	317	1186	210210908 7.0877977	
2.55867995419325	-55.5	34.9375	318	1130	210210908 7.0887519	
2.82866057286112	-56	13	319	1186	210210909 7.0900547	
2.80411688025495	-56.5	52.0625	320	1186	210210911 7.091689	
2.52800033843554	-55	48	321	1130	210210911 7.0926042	
2.83479649601267	-56.5	39	322	1186	210211133 7.3134011	
2.57708772364788	-55	13	323	1130	210211152 7.3318524	
6.00706876536017	-56.5	0	324	1186	210211163 7.3435798	
5.72174833881344	-55.5	19.125	325	1130	210211166 7.3464655	
2.62617510886022	-55	-13	326	1130	210211167 7.3470581	
2.82252464970958	-56.5	34.9375	327	1186	210211167 7.347543	
2.82866057286112	-56.5	34.9375	328	1186	210211167 7.3480318	
2.57708772364788	-55	13	329	1130	210211169 7.3493145	
2.81025280340649	-56	87.0625	330	1186	210211169 7.3498602	
2.58322364679942	-55.5	17.0625	331	1130	210211172 7.3517881	
5.97945711117823	-56.5	6.0625	332	1186	210211383 7.5637527	
5.6941366846315	-55.5	15.8125	333	1130	210211390 7.5706409	
2.78570911080032	-56.5	74	334	1186	210211391 7.5712135	
2.58322364679942	-55.5	-8.9375	335	1130	210211391 7.5717362	
2.82866057286112	-56.5	0	336	1186	210211392 7.5721646	
2.6384469551633	-55.5	-43.125	337	1130	210211393 7.5729421	
2.57095180049633	-55	21.9375	338	1130	210211394 7.5743099	
2.81638872655804	-56.5	34.9375	339	1186	210211395 7.575805	
2.85627222704306	-57	1.1875	340	1186	210211396 7.576454	
5.71868037723767	-55.5	15.8125	341	1130	210211397 7.5772506	
2.86547611177038	-56.5	26	342	1186	210211399 7.5786941	
2.57095180049633	-55.5	30.0625	343	1130	210211399 7.5794652	
2.83479649601267	-56.5	13	344	1186	210211634 7.8143108	
2.57708772364788	-55	21.9375	345	1130	210211636 7.8159216	
2.90842757383118	-56.5	-43.125	346	1186	210211637 7.8173056	
2.58322364679942	-55	13	347	1130	210211638 7.8184077	
5.99172895748131	-57	8.9375	348	1186	210211640 7.8208136	
5.70334056935881	-55.5	17.875	349	1130	210211642 7.8221825	
2.87774795807346	-56.5	-8.9375	350	1186	210211643 7.8233978	
2.57708772364788	-55.5	17.0625	351	1130	210211644 7.8246703	
5.74322406984384	-55.5	2.8125	352	1130	210211646 7.8259167	
5.98559303432977	-57	2	353	1186	210211647 7.8270864	
2.82252464970958	-56.5	39	354	1186	210211647 7.8277313	
2.60163141625405	-55	0	355	1130	210211648 7.8291459	
2.5954954931025	-55	0	356	1130	210211884 8.063686	
2.88388388122501	-57	-13	357	1186	210211885 8.0646874	
2.51572849213245	-55	56.125	358	1130	210211885 8.0653727	
2.82252464970958	-56.5	13	359	1186	210211886 8.0659202	
5.98866099590554	-56.5	2	360	1186	210211886 8.0664696	
5.72481630038921	-55.5	10.9375	361	1130	210211887 8.0675197	
2.60163141625405	-55.5	0	362	1130	210211887 8.068032	
2.85934018861884	-56.5	4.0625	363	1186	210211891 8.0711511	
2.77343726449724	-56.5	65.0625	364	1186	210211893 8.0735423	
2.60163141625405	-54.5	-4.0625	365	1130	210211896 8.0762327	
2.54640810789016	-55	56.125	366	1130	210211898 8.0788226	
2.85934018861884	-56.5	-8.9375	367	1186	210211900 8.0812252	
6.01013672693594	-56.5	-13	368	1186	210212134 8.31343	
5.68493279990419	-55.5	25.1875	369	1130	210212137 8.316912	
2.90229165067963	-57	-43.9375	370	1186	210212141 8.3212628	
2.56481587734479	-55	17.0625	371	1130	210212142 8.3225323	
2.79798095710341	-56.5	61	372	1186	210212144 8.323669	
2.58935956995096	-55	0	373	1130	210212144 8.3247262	
2.82866057286112	-56	43.125	374	1186	210212145 8.3256973	
2.55254403104171	-55	34.9375	375	1130	210212146 8.3266459	
5.97025322645092	-57	4.0625	376	1186	210212147 8.3280605	
5.70640853093458	-55.5	15	377	1130	210212148 8.3289068	
2.55254403104171	-55	13	378	1130	210212149 8.3297067	
2.87774795807346	-56	-13	379	1186	210212149 8.3304057	
2.85320426546729	-56.5	-4.0625	380	1186	210212384 8.56355	
2.58935956995096	-54.5	17.0625	381	1130	210212385 8.5651697	
2.84093241916421	-56.5	21.9375	382	1186	210212386 8.5666477	
2.58322364679942	-55	13	383	1130	210212389 8.5687435	
5.70334056935881	-55.5	19.125	384	1130	210212389 8.5695231	
5.99479691905709	-57	4.875	385	1186	210212390 8.5700007	
2.55867995419325	-55.5	31.6875	386	1130	210212390 8.5705527	
2.90842757383118	-56.5	-26	387	1186	210212391 8.5715269	
2.56481587734479	-55	34.9375	388	1130	210212391 8.5719911	
2.87774795807346	-57	-17.0625	389	1186	210212392 8.5727535	
2.55867995419325	-55	17.0625	390	1130	210212393 8.5734018	
2.82866057286112	-56.5	48	391	1186	210212394 8.5738867	
2.81945668813381	-56.5	8.9375	392	1186	210212633 8.8134281	
5.72174833881344	-55.5	10.9375	393	1130	210212648 8.8279614	
2.87774795807346	-56.5	4.0625	394	1186	210212649 8.8293658	
2.58322364679942	-55	-4.0625	395	1130	210212649 8.8298375	
2.85934018861884	-56.5	17.0625	396	1186	210212649 8.8302599	
2.5954954931025	-55.5	0	397	1130	210212651 8.8314308	
2.62617510886022	-55.5	-13	398	1130	210212652 8.8321954	
2.82252464970958	-56.5	4.0625	399	1186	210212654 8.8341334	
5.70640853093458	-55.5	6.875	400	1130	210212655 8.8353505	
5.9610493417236	-57	19.9375	401	1186	210212657 8.8374322	
2.63231103201176	-55.5	-26	402	1130	210212659 8.8387613	
2.82252464970958	-56.5	34.9375	403	1186	210212660 8.8397815	
2.86547611177038	-56.5	13	404	1186	210212883 9.0638843	
2.58322364679942	-55.5	8.9375	405	1130	210212886 9.0665075	
2.81638872655804	-56.5	61	406	1186	210212892 9.0727676	
2.60776733940559	-55	13	407	1130	210212896 9.0767006	
5.99786488063286	-56.5	-2.8125	408	1186	210212901 9.0810914	
5.72788426196498	-55.5	14.1875	409	1130	210212903 9.0844938	
2.57708772364788	-55	26	410	1130	210212905 9.0854281	
2.85934018861884	-56.5	8.9375	411	1186	210212906 9.086233	
2.65071880146639	-55	-21.9375	412	1130	210212906 9.0870236	
2.89615572752809	-56.5	-17.0625	413	1186	210212908 9.0877317	
2.86547611177038	-56	-4.0625	414	1186	210212908 9.0884132	
2.54027218473862	-55	30.0625	415	1130	210212918 9.0983647	
5.71868037723767	-55.5	15.8125	416	1130	210213133 9.3131902	
5.9610493417236	-57	6.875	417	1186	210213134 9.3143882	
2.55867995419325	-55.5	30.0625	418	1130	210213143 9.3232724	
2.85934018861884	-56.5	-4.0625	419	1186	210213145 9.3245784	
2.93910718958889	-56.5	-43.125	420	1186	210213145 9.325588	
2.62003918570868	-55	4.0625	421	1130	210213146 9.3263552	
2.87774795807346	-56.5	4.0625	422	1186	210213149 9.3288406	
2.5954954931025	-54.5	13	423	1130	210213149 9.3298996	
5.99172895748131	-56.5	2.8125	424	1186	210213150 9.3303939	
5.73402018511653	-55.5	14.1875	425	1130	210213150 9.3308325	
2.87774795807346	-56.5	13	426	1186	210213152 9.3330669	
2.57095180049633	-55.5	8.9375	427	1130	210213154 9.3344677	
2.84093241916421	-56.5	34.9375	428	1186	210213383 9.5632009	
2.63231103201176	-55.5	0	429	1130	210213383 9.5643836	
6.0254765348148	-57	-0.1875	430	1186	210213385 9.5649942	
5.77390368560155	-56	0.8125	431	1130	210213386 9.5660574	
5.98866099590554	-57	6.0625	432	1186	210213386 9.5665308	
5.71254445408613	-55.5	19.9375	433	1130	210213387 9.5675725	
2.58935956995096	-55	8.9375	434	1130	210213389 9.56863	
2.85320426546729	-56.5	-4.0625	435	1186	210213389 9.5697013	
2.86547611177038	-56	17.0625	436	1186	210213390 9.5706157	
2.60163141625405	-55	0	437	1130	210213392 9.5721529	
2.84706834231575	-56.5	0	438	1186	210213392 9.5727659	
2.65685472461793	-55	-48	439	1130	210213393 9.5732601	
2.84706834231575	-57	10.9375	440	1186	210213633 9.8133372	
5.73402018511653	-55.5	13	441	1130	210213635 9.8160068	
2.84093241916421	-56.5	30.0625	442	1186	210213639 9.8189325	
2.6384469551633	-55	-34.9375	443	1130	210213640 9.8201836	
5.71254445408613	-55.5	17.0625	444	1130	210213642 9.8221343	
5.99479691905709	-56.5	2	445	1186	210213644 9.8240199	
2.5954954931025	-55	0	446	1130	210213645 9.8253098	
2.85320426546729	-56.5	48	447	1186	210213647 9.8274124	
2.84706834231575	-56.5	0	448	1186	210213668 9.8485038	
2.56481587734479	-55	43.125	449	1130	210213685 9.8659528	
2.9268353432858	-57	-34.9375	450	1186	210213686 9.8664323	
2.58935956995096	-55	17.0625	451	1130	210213686 9.8669763	
5.76776776245001	-55.5	-4.0625	452	1130	210213885 10.064512	
5.97945711117823	-57	6.875	453	1186	210213902 10.0822003	
2.77957318764878	-56	61	454	1186	210213903 10.0836098	
2.56481587734479	-55	56.125	455	1130	210213905 10.0857457	
2.87774795807346	-56.5	4.0625	456	1186	210213906 10.0867604	
2.5954954931025	-55	0	457	1130	210213907 10.0877086	
2.86547611177038	-57	-13	458	1186	210213908 10.0885971	
2.58935956995096	-55	-8.9375	459	1130	210213908 10.0893831	
5.95798138014783	-57	15.8125	460	1186	210213914 10.0946014	
5.6941366846315	-55.5	21.9375	461	1130	210213915 10.0959788	
5.71868037723767	-56	2.5625	462	1130	210214133 10.3133661	
5.982525072754	-57	1.1875	463	1186	210214134 10.3144691	
2.54027218473862	-55	43.125	464	1130	210214135 10.3153105	
2.83479649601267	-56.5	4.0625	465	1186	210214135 10.3158993	
2.63231103201176	-55	13	466	1130	210214141 10.3214689	
2.85934018861884	-56.5	8.125	467	1186	210214141 10.3223985	
5.99479691905709	-57	-2	468	1186	210214143 10.3235946	
5.70334056935881	-55.5	15.8125	469	1130	210214144 10.3246461	
2.80411688025495	-56	48	470	1186	210214149 10.3296955	
2.57095180049633	-55	0	471	1130	210214153 10.3329952	
2.82866057286112	-56.5	43.125	472	1186	210214155 10.3355533	
2.67526249407256	-55	-43.125	473	1130	210214156 10.3360477	
2.58935956995096	-55.5	30.0625	474	1130	210214383 10.5629763	
2.85934018861884	-56.5	12.1875	475	1186	210214393 10.573121	
5.9610493417236	-56.5	15.8125	476	1186	210214400 10.5800091	
5.74935999299538	-55.5	1.1875	477	1130	210214402 10.5823364	
2.61390326255713	-55	8.9375	478	1130	210214402 10.5830193	
2.81638872655804	-56	30.0625	479	1186	210214402 10.5834956	
2.81638872655804	-56.5	26	480	1186	210214407 10.5877804	
2.63231103201176	-55.5	-30.0625	481	1130	210214408 10.5885184	
2.58935956995096	-55.5	0	482	1130	210214409 10.5891319	
2.85320426546729	-56.5	8.9375	483	1186	210214410 10.590408	
5.95184545699629	-57	8.9375	484	1186	210214410 10.5909054	
5.72788426196498	-55.5	12.1875	485	1130	210214412 10.5922992	
2.85934018861884	-56.5	26	486	1186	210214633 10.8134517	
2.57095180049633	-54.5	26	487	1130	210214641 10.8210572	
2.88388388122501	-56.5	0	488	1186	210214658 10.839411	
2.60163141625405	-55	-4.0625	489	1130	210214660 10.8401954	
2.58322364679942	-55.5	0	490	1130	210214661 10.8412049	
2.82252464970958	-56.5	0	491	1186	210214662 10.8420249	
2.82252464970958	-56.5	8.9375	492	1186	210214662 10.8427867	
5.74322406984384	-55.5	-2	493	1130	210214664 10.8443995	
2.58322364679942	-55.5	13	494	1130	210214665 10.8451576	
2.82866057286112	-56	21.9375	495	1186	210214666 10.8464121	
2.85320426546729	-56.5	-4.0625	496	1186	210214667 10.8475831	
2.5954954931025	-55.5	0	497	1130	210214668 10.8489708	
2.61390326255713	-55	-17.0625	498	1130	210214886 11.0654026	
2.83479649601267	-56	16.25	499	1186	210214887 11.0670485	
5.97945711117823	-56.5	-2.8125	500	1186	210214888 11.0685204	
5.71254445408613	-55.5	13	501	1130	210214889 11.0699484	
2.81025280340649	-56	34.9375	502	1186	210214891 11.0716217	
2.56481587734479	-55.5	26	503	1130	210214893 11.0731494	
2.85320426546729	-56	8.9375	504	1186	210214894 11.0743248	
2.58935956995096	-55.5	4.0625	505	1130	210214894 11.0753701	
2.85934018861884	-56	21.9375	506	1186	210214896 11.0762902	
2.60776733940559	-55.5	-21.9375	507	1130	210214897 11.077516	
5.99786488063286	-56.5	-2	508	1186	210214898 11.0782394	
2.59242753152673	-55.5	4.0625	509	1130	210214898 11.0792336	
2.58935956995096	-55.5	-8.9375	510	1130	210215147 11.327237	
2.85320426546729	-56	30.0625	511	1186	210215149 11.3294869	
2.5954954931025	-55	8.9375	512	1130	210215149 11.3298	
2.84093241916421	-56.5	13	513	1186	210215149 11.3301013	
2.58322364679942	-55	17.0625	514	1130	210215150 11.3303571	
2.84093241916421	-56.5	4.0625	515	1186	210215152 11.3318219	
5.98559303432977	-57	2	516	1186	210215153 11.3332016	
5.70947649251036	-55.5	15	517	1130	210215153 11.333882	
5.74322406984384	-56	0	518	1130	210215156 11.3355369	
2.85320426546729	-57.5	2.125	519	1186	210215157 11.3373793	
2.83479649601267	-56	61	520	1186	210215159 11.3393438	
2.55254403104171	-55.5	30.0625	521	1130	210215162 11.3418802	
2.63231103201176	-55	-21.9375	522	1130	210215383 11.5631405	
2.7673013413457	-56.5	95.1875	523	1186	210215386 11.5659664	
5.95798138014783	-56.5	25.1875	524	1186	210215391 11.5711738	
5.72788426196498	-55.5	6.875	525	1130	210215393 11.5729355	
2.85320426546729	-56.5	13	526	1186	210215394 11.5744615	
2.60163141625405	-55	4.0625	527	1130	210215396 11.5757548	
2.81025280340649	-56	69.125	528	1186	210215396 11.5770862	
2.57708772364788	-55.5	17.0625	529	1130	210215401 11.5811951	
2.79798095710341	-56.5	34.9375	530	1186	210215403 11.5826038	
2.58935956995096	-55.5	0	531	1130	210215404 11.5840035	
2.5954954931025	-55.5	4.0625	532	1130	210215633 11.8131118	
2.88388388122501	-56	-17.0625	533	1186	210215637 11.8177995	
2.60163141625405	-55.5	21.9375	534	1130	210215644 11.8237265	
2.83479649601267	-56	65.0625	535	1186	210215647 11.8282836	
5.72481630038921	-55.5	15.8125	536	1130	210215650 11.8303988	
5.96411730329937	-56.5	4.875	537	1186	210215653 11.8329775	
2.90229165067963	-56.5	-43.125	538	1186	210215653 11.8334861	
2.60776733940559	-55.5	4.0625	539	1130	210215654 11.8346254	
2.5954954931025	-55	13	540	1130	210215655 11.8353512	
2.89615572752809	-56.5	-21.9375	541	1186	210215657 11.83727	
2.60163141625405	-55	-13	542	1130	210215658 11.8385178	
2.82866057286112	-56	4.0625	543	1186	210215659 11.839207	
5.95491341857206	-56.5	17.0625	544	1186	210215882 12.0629098	
5.70027260778304	-55.5	6.0625	545	1130	210215885 12.0650992	
2.55254403104171	-55	52.0625	546	1130	210215886 12.0664114	
2.89615572752809	-56	-17.0625	547	1186	210215887 12.0677787	
2.58935956995096	-55	0	548	1130	210215889 12.0694723	
2.84093241916421	-56.5	26	549	1186	210215890 12.0704117	
2.84706834231575	-57	0	550	1186	210215890 12.0714569	
2.55867995419325	-55	8.9375	551	1130	210215894 12.074354	
2.81638872655804	-56.5	17.0625	552	1186	210216133 12.3130158	
2.57095180049633	-55.5	17.0625	553	1130	210216136 12.316209	
2.81025280340649	-56.5	78.0625	554	1186	210216140 12.320077	
2.54027218473862	-55	26	555	1130	210216191 12.3719344	
5.72788426196498	-55.5	6.875	556	1130	210216193 12.3733847	
5.99786488063286	-56.5	0	557	1186	210216195 12.3748006	
2.91456349698272	-56.5	-17.0625	558	1186	210216195 12.3757201	
2.58935956995096	-55	34.9375	559	1130	210216197 12.3775076	
2.58935956995096	-55	0	560	1130	210216198 12.3789913	
2.87161203492192	-56	8.9375	561	1186	210216199 12.379667	
2.58935956995096	-55.5	13	562	1130	210216201 12.3804207	
2.82866057286112	-56	48	563	1186	210216201 12.3810051	
5.97638914960246	-56.5	6.0625	564	1186	210216383 12.562785	
5.73095222354076	-55.5	12.1875	565	1130	210216390 12.570237	
2.6384469551633	-55	-34.9375	566	1130	210216391 12.5710079	
2.85320426546729	-56	-8.9375	567	1186	210216392 12.5719916	
2.86547611177038	-56.5	-8.9375	568	1186	210216392 12.5727974	
2.55867995419325	-55	26	569	1130	210216393 12.57347	
2.60163141625405	-55	-8.9375	570	1130	210216393 12.5740903	
2.83479649601267	-56.5	26	571	1186	210216394 12.5747227	
6.0040008037844	-56.5	6.0625	572	1186	210216395 12.5753966	
5.72788426196498	-55.5	10.9375	573	1130	210216396 12.5760937	
2.57095180049633	-54.5	0	574	1130	210216397 12.5767418	
2.79184503395187	-56.5	34.9375	575	1186	210216397 12.5777174	
2.56481587734479	-55	26	576	1130	210216632 12.8129064	
2.87774795807346	-56.5	-30.0625	577	1186	210216634 12.8145622	
2.78570911080032	-56.5	39	578	1186	210216634 12.8152998	
2.61390326255713	-55	-4.0625	579	1130	210216638 12.8187051	
5.7156124156619	-55.5	21.125	580	1130	210216639 12.8195003	
5.95491341857206	-57	10.9375	581	1186	210216641 12.8209984	
2.5954954931025	-55.5	8.9375	582	1130	210216642 12.8220046	
2.89001980437655	-56	-17.0625	583	1186	210216643 12.823103	
2.81025280340649	-56.5	43.125	584	1186	210216643 12.8236219	
2.60163141625405	-55	0	585	1130	210216645 12.8246525	
2.81638872655804	-56.5	39	586	1186	210216647 12.8269501	
2.57708772364788	-55	30.0625	587	1130	210216648 12.8280546	
5.70027260778304	-55.5	19.125	588	1130	210216884 13.0647325	
5.99172895748131	-56.5	2	589	1186	210216901 13.0819992	
2.58935956995096	-55	26	590	1130	210216903 13.0830729	
2.79184503395187	-56.5	21.9375	591	1186	210216903 13.0835165	
2.80411688025495	-56.5	39	592	1186	210216904 13.0841414	
2.54027218473862	-55	56.125	593	1130	210216904 13.0847062	
2.84093241916421	-56.5	8.9375	594	1186	210216905 13.0853781	
2.58322364679942	-55	17.0625	595	1130	210216906 13.0865242	
5.69720464620727	-55.5	19.9375	596	1130	210216906 13.0870715	
5.9610493417236	-56.5	6.875	597	1186	210216908 13.0877554	
2.60163141625405	-55.5	8.9375	598	1130	210216908 13.0886624	
2.86547611177038	-56.5	-8.9375	599	1186	210216909 13.0895135	
2.81025280340649	-56	39	600	1186	210217133 13.3132847	
2.57708772364788	-54.5	43.125	601	1130	210217137 13.3170352	
2.89001980437655	-56	-21.9375	602	1186	210217142 13.3221535	
2.56481587734479	-55.5	39	603	1130	210217143 13.3240913	
5.9610493417236	-56.5	8.125	604	1186	210217145 13.3258945	
5.74322406984384	-55.5	-1.1875	605	1130	210217149 13.3298749	
2.78570911080032	-56	74	606	1186	210217151 13.3314557	
2.60776733940559	-55	13	607	1130	210217152 13.3326913	
2.57708772364788	-55	8.9375	608	1130	210217153 13.3340165	
2.84706834231575	-56.5	17.0625	609	1186	210217155 13.3350102	
2.88388388122501	-56	-26	610	1186	210217156 13.3359322	
2.60776733940559	-55	13	611	1130	210217157 13.3369607	
2.80411688025495	-56.5	24	612	1186	210217383 13.5632819	
5.73402018511653	-55.5	13	613	1130	210217388 13.5685321	
2.5954954931025	-55	8.9375	614	1130	210217393 13.5728062	
2.77343726449724	-56	61	615	1186	210217394 13.574573	
2.60163141625405	-55	-8.9375	616	1130	210217403 13.5833472	
2.83479649601267	-56.5	69.125	617	1186	210217412 13.5921279	
2.60163141625405	-55	-4.0625	618	1130	210217413 13.5930148	
2.84706834231575	-56.5	8.9375	619	1186	210217415 13.5951366	
5.95184545699629	-56.5	19.9375	620	1186	210217417 13.5972978	
5.75242795457115	-55.5	1.1875	621	1130	210217418 13.5985444	
2.85320426546729	-56.5	12.1875	622	1186	210217419 13.599148	
2.58935956995096	-55.5	8.9375	623	1130	210217419 13.5998906	
2.84706834231575	-56.5	26	624	1186	210217633 13.8126707	
2.58322364679942	-55	13	625	1130	210217633 13.8134947	
2.63231103201176	-55	-26	626	1130	210217634 13.8141084	
2.83479649601267	-56	30.0625	627	1186	210217634 13.814597	
5.95491341857206	-56.5	14.1875	628	1186	210217637 13.8173718	
5.6941366846315	-55.5	21.125	629	1130	210217638 13.8182779	
2.53413626158708	-55	30.0625	630	1130	210217638 13.8190978	
2.81025280340649	-56.5	30.0625	631	1186	210217639 13.8200331	
2.87774795807346	-56.5	-4.0625	632	1186	210217641 13.8206831	
2.58322364679942	-55	4.0625	633	1130	210217642 13.8227787	
2.83479649601267	-56.5	21.9375	634	1186	210217644 13.8238426	
2.61390326255713	-55	21.9375	635	1130	210217646 13.826466	
5.95491341857206	-56.5	15	636	1186	210217883 14.0631365	
5.71868037723767	-55.5	10.9375	637	1130	210217901 14.0811606	
2.83479649601267	-56	30.0625	638	1186	210217902 14.0821964	
2.62617510886022	-55	-8.9375	639	1130	210217903 14.0831862	
2.79798095710341	-56.5	43.125	640	1186	210217904 14.0841063	
2.57095180049633	-55	21.9375	641	1130	210217906 14.0857246	
2.58935956995096	-55	8.9375	642	1130	210217908 14.0879108	
2.81638872655804	-56	43.125	643	1186	210217920 14.1004925	
5.70334056935881	-55.5	23.1875	644	1130	210217966 14.1463161	
6.00706876536017	-56.5	-1.1875	645	1186	210217977 14.1566991	
2.58935956995096	-55	17.0625	646	1130	210217977 14.1572071	
2.79798095710341	-56.5	48	647	1186	210217977 14.1576574	
2.61390326255713	-55	4.0625	648	1130	210218133 14.3129393	
2.85320426546729	-56.5	-8.9375	649	1186	210218137 14.3172102	
2.79184503395187	-56.5	48	650	1186	210218159 14.3395143	
2.57095180049633	-54.5	21.9375	651	1130	210218161 14.3413319	
5.98559303432977	-56.5	-1.1875	652	1186	210218165 14.3456711	
5.70027260778304	-55.5	19.9375	653	1130	210218167 14.3474933	
2.56481587734479	-55	26	654	1130	210218168 14.3482675	
2.86547611177038	-56.5	-17.0625	655	1186	210218169 14.3496951	
2.84706834231575	-56	8.9375	656	1186	210218170 14.3508329	
2.62617510886022	-55.5	-21.9375	657	1130	210218171 14.3515373	
2.58322364679942	-55	48	658	1130	210218172 14.3524172	
2.82866057286112	-56	43.125	659	1186	210218172 14.3530259	
5.73095222354076	-55.5	13	660	1130	210218382 14.5626281	
6.00706876536017	-56.5	-2.8125	661	1186	210218384 14.5651151	
2.58935956995096	-55	13	662	1130	210218386 14.5670016	
2.79184503395187	-56	34.9375	663	1186	210218388 14.5685062	
2.89001980437655	-56	-26	664	1186	210218391 14.571907	
2.61390326255713	-55.5	-13	665	1130	210218393 14.5735255	
2.78570911080032	-56	56.125	666	1186	210218396 14.5755237	
2.5954954931025	-55	0	667	1130	210218396 14.5764726	
5.74629203141961	-55.5	8.9375	668	1130	210218399 14.5792086	
5.94570953384475	-56.5	17.0625	669	1186	210218400 14.5801395	
2.63231103201176	-55	-17.0625	670	1130	210218402 14.5820441	
2.79798095710341	-56.5	69.125	671	1186	210218402 14.582839	
2.60163141625405	-55	-17.0625	672	1130	210218632 14.8124722	
2.85934018861884	-56.5	8.9375	673	1186	210218639 14.8193676	
2.62617510886022	-55.5	-17.0625	674	1130	210218679 14.8592464	
2.81025280340649	-56	30.0625	675	1186	210218680 14.8602514	
5.99172895748131	-56.5	6.875	676	1186	210218680 14.8606655	
5.71868037723767	-55.5	12.1875	677	1130	210218682 14.8617726	
2.60163141625405	-55	8.9375	678	1130	210218683 14.8625708	
2.90229165067963	-56.5	-34.9375	679	1186	210218684 14.8646587	
2.56481587734479	-55	30.0625	680	1130	210218685 14.8653599	
2.86547611177038	-56.5	8.9375	681	1186	210218685 14.8656318	
2.80411688025495	-56.5	48	682	1186	210218685 14.8658671	
2.57708772364788	-55	30.0625	683	1130	210218685 14.8660859	
5.70640853093458	-55.5	19.125	684	1130	210218883 15.0629347	
5.9395736106932	-56.5	26	685	1186	210218889 15.0687175	
2.56481587734479	-55	34.9375	686	1130	210218894 15.0748621	
2.81638872655804	-56	21.9375	687	1186	210218898 15.0782323	
2.88388388122501	-56	-34.9375	688	1186	210218901 15.0812186	
2.55867995419325	-55	17.0625	689	1130	210218902 15.082671	
2.55867995419325	-55.5	43.125	690	1130	210218903 15.0836508	
2.82252464970958	-56	0	691	1186	210218904 15.0845136	
5.99479691905709	-56.5	1.1875	692	1186	210218905 15.0853397	
5.74322406984384	-55.5	15	693	1130	210218906 15.0861164	
2.85934018861884	-56.5	13	694	1186	210218906 15.0868446	
2.5954954931025	-55	0	695	1130	210218907 15.0877461	
2.58322364679942	-55.5	8.9375	696	1130	210219135 15.3151112	
2.83479649601267	-56	52.0625	697	1186	210219145 15.3252451	
2.60776733940559	-55	0	698	1130	210219147 15.3274022	
2.86547611177038	-56	-4.0625	699	1186	210219148 15.3289988	
5.982525072754	-56.5	8.125	700	1186	210219149 15.3303391	
5.72788426196498	-55.5	13	701	1130	210219152 15.3320175	
2.64458287831485	-54.5	-21.9375	702	1130	210219153 15.3331431	
2.84706834231575	-56	17.0625	703	1186	210219153 15.3341256	
2.58935956995096	-55	17.0625	704	1130	210219154 15.3351095	
2.84093241916421	-56.5	26	705	1186	210219155 15.3357618	
2.85934018861884	-56.5	4.0625	706	1186	210219156 15.336791	
2.57095180049633	-55	4.0625	707	1130	210219157 15.3376047	
5.97638914960246	-56.5	2	708	1186	210219383 15.5629056	
5.72174833881344	-55.5	8.125	709	1130	210219458 15.6381638	
2.86547611177038	-56	0	710	1186	210219709 15.8891543	
2.54027218473862	-55	48	711	1130	210219710 15.8915275	
2.88388388122501	-56	-43.125	712	1186	210219716 15.8958806	
2.61390326255713	-55	-4.0625	713	1130	210219717 15.8972043	
2.88388388122501	-56.5	-4.0625	714	1186	210219731 15.9114462	
2.58935956995096	-54.5	26	715	1130	210219742 15.9219264	
5.70334056935881	-55.5	26	716	1130	210219758 15.938367	
5.96411730329937	-56.5	21.125	717	1186	210219759 15.9388363	
2.85934018861884	-56.5	13	718	1186	210219759 15.9392012	
2.57708772364788	-55	39	719	1130	210219759 15.9396153	
2.81638872655804	-56	65.0625	720	1186	210219760 15.9400944	
2.64458287831485	-55	-4.0625	721	1130	210219760 15.9403933	
2.79798095710341	-56.5	52.0625	722	1186	210219760 15.9406566	
2.60776733940559	-55	4.0625	723	1130	210219761 15.940955	
2.81025280340649	-56.5	14.1875	724	1186	210219761 15.9412946	
5.71254445408613	-55.5	10.9375	725	1130	210219761 15.9417272	
2.57708772364788	-54.5	8.9375	726	1130	210219762 15.9419931	
2.74889357189107	-56	113.0625	727	1186	210219762 15.9422778	
2.62003918570868	-55	-21.9375	728	1130	210219762 15.9425241	
2.85934018861884	-56	0	729	1186	210219762 15.9427609	
2.55867995419325	-55	61	730	1130	210219763 15.9430502	
2.76116541819415	-56	87.0625	731	1186	210219763 15.9436734	
5.95491341857206	-56.5	15	732	1186	210219908 16.0880266	
5.71254445408613	-55.5	17.0625	733	1130	210219909 16.0886762	
2.61390326255713	-55.5	-17.0625	734	1130	210219983 16.1633653	
2.81638872655804	-56	13	735	1186	210219989 16.1684887	
2.90842757383118	-56	-26	736	1186	210219989 16.169547	
2.60163141625405	-55	0	737	1130	210220009 16.1885252	
2.89615572752809	-56.5	-13	738	1186	210220024 16.2052118	
2.5954954931025	-55	4.0625	739	1130	210220029 16.2100095	
5.9610493417236	-56.5	10.9375	740	1186	210220036 16.216247	
5.72481630038921	-55.5	12.1875	741	1130	210220036 16.2171136	
2.79184503395187	-56.5	65.0625	742	1186	210220037 16.2177599	
2.63231103201176	-55.5	-13	743	1130	210220040 16.2197145	
2.87774795807346	-56.5	-8.9375	744	1186	210220132 16.3123217	
2.5954954931025	-55	0	745	1130	210220133 16.3135964	
2.6384469551633	-55	-17.0625	746	1130	210220134 16.3144897	
2.85934018861884	-56.5	8.9375	747	1186	210220135 16.3153322	
5.99172895748131	-56.5	4.0625	748	1186	210220135 16.316046	
5.72788426196498	-55.5	6.875	749	1130	210220136 16.3170647	
2.60163141625405	-55.5	-13	750	1130	210220137 16.3181606	
2.82866057286112	-56	13	751	1186	210220138 16.3191328	
2.93297126643735	-56	-61	752	1186	210220140 16.3201332	
2.63231103201176	-55.5	-39	753	1130	210220141 16.3209288	
2.90229165067963	-56.5	-13	754	1186	210220142 16.3219433	
2.61390326255713	-55	4.0625	755	1130	210220143 16.3228155	
5.74322406984384	-55.5	10.125	756	1130	210220382 16.5623967	
5.97332118802669	-56.5	6.0625	757	1186	210220384 16.5645202	
2.5954954931025	-55.5	13	758	1130	210220386 16.5661326	
2.81025280340649	-56.5	48	759	1186	210220387 16.56778	
2.80411688025495	-55.5	52.0625	760	1186	210220390 16.5703238	
2.5954954931025	-55	4.0625	761	1130	210220390 16.5708453	
2.90842757383118	-56.5	-26	762	1186	210220390 16.5714346	
2.62617510886022	-55	-13	763	1130	210220392 16.5722588	
6.00093284220863	-56.5	-2	764	1186	210220393 16.5730513	
5.72481630038921	-55.5	8.125	765	1130	210220393 16.5742139	
2.84706834231575	-56	17.0625	766	1186	210220395 16.5749622	
2.62617510886022	-55	4.0625	767	1130	210220396 16.5760281	
2.83479649601267	-56.5	13	768	1186	210220632 16.8125702	
2.55254403104171	-55	30.0625	769	1130	210220634 16.8145018	
2.87774795807346	-56	0	770	1186	210220636 16.8164387	
2.57095180049633	-55	56.125	771	1130	210220638 16.8180012	
5.75549591614693	-55.5	4.0625	772	1130	210220638 16.8184678	
5.9610493417236	-56.5	17.875	773	1186	210220639 16.8189348	
2.82252464970958	-56	21.9375	774	1186	210220639 16.819411	
2.64458287831485	-55	-13	775	1130	210220639 16.8199915	
2.58935956995096	-55	13	776	1130	210220639 16.820374	
2.84093241916421	-56	-8.9375	777	1186	210220641 16.820806	
2.82252464970958	-56	39	778	1186	210220641 16.8211986	
2.61390326255713	-55	21.9375	779	1130	210220642 16.8215669	
5.97025322645092	-56.5	19.125	780	1186	210220883 17.0632163	
5.73402018511653	-55.5	8.125	781	1130	210220889 17.06942	
2.85320426546729	-56.5	13	782	1186	210220892 17.0729281	
2.62617510886022	-55	-4.0625	783	1130	210220894 17.074973	
2.84706834231575	-56	8.9375	784	1186	210220897 17.0781976	
2.5954954931025	-55	13	785	1130	210220899 17.0789236	
2.63231103201176	-55	-13	786	1130	210220899 17.0796427	
2.85320426546729	-56.5	4.0625	787	1186	210220900 17.0801757	
5.95491341857206	-56.5	15	788	1186	210220900 17.0808271	
5.73402018511653	-55.5	14.1875	789	1130	210220900 17.0812977	
2.65071880146639	-55.5	0	790	1130	210220901 17.0817324	
2.85320426546729	-56.5	39	791	1186	210220901 17.0821868	
2.63231103201176	-55.5	-21.9375	792	1130	210221133 17.313276	
2.78570911080032	-56	43.125	793	1186	210221175 17.3555957	
2.7673013413457	-56	78.0625	794	1186	210221192 17.3726833	
2.62617510886022	-55.5	-4.0625	795	1130	210221193 17.3736881	
5.98559303432977	-56.5	12.1875	796	1186	210221195 17.37458	
5.72788426196498	-55.5	23.1875	797	1130	210221195 17.3753759	
2.89615572752809	-56.5	-13	798	1186	210221196 17.3762052	
2.61390326255713	-55	26	799	1130	210221198 17.377588	
5.73095222354076	-55.5	24	800	1130	210221198 17.3782554	
5.9395736106932	-56.5	19.9375	801	1186	210221199 17.3791041	
2.84093241916421	-56	21.9375	802	1186	210221199 17.3799326	
2.65071880146639	-55	-13	803	1130	210221201 17.3813491	
2.55254403104171	-55	56.125	804	1130	210221383 17.5625291	
2.79798095710341	-56.5	43.125	805	1186	210221384 17.5640343	
2.84706834231575	-56	39	806	1186	210221386 17.5661041	
2.61390326255713	-55	39	807	1130	210221387 17.5673314	
5.97332118802669	-56.5	8.125	808	1186	210221388 17.5680528	
5.72481630038921	-55.5	10.9375	809	1130	210221389 17.5688538	
2.57708772364788	-55	52.0625	810	1130	210221390 17.5696396	
2.79184503395187	-56	61	811	1186	210221390 17.5702554	
2.82252464970958	-56	34.9375	812	1186	210221392 17.5717693	
2.6384469551633	-54.5	-21.9375	813	1130	210221393 17.5726812	
2.79798095710341	-56	65.0625	814	1186	210221632 17.8120717	
2.55254403104171	-55	39	815	1130	210221633 17.8132993	
5.95184545699629	-56.5	19.125	816	1186	210221633 17.8143486	
5.73402018511653	-55.5	10.9375	817	1130	210221635 17.8153798	
2.57708772364788	-55	21.9375	818	1130	210221636 17.8160431	
2.82866057286112	-56.5	8.9375	819	1186	210221636 17.8167121	
2.82252464970958	-56	21.9375	820	1186	210221638 17.8177647	
2.60776733940559	-55	-4.0625	821	1130	210221639 17.8186971	
2.62003918570868	-55	26	822	1130	210221639 17.8194231	
2.86547611177038	-56	0	823	1186	210221640 17.8202209	
5.982525072754	-56.5	8.9375	824	1186	210221641 17.8211174	
5.73402018511653	-55.5	10.9375	825	1130	210221642 17.8217602	
2.87774795807346	-56	0	826	1186	210221882 18.0623014	
2.60776733940559	-55	17.0625	827	1130	210221883 18.0631855	
2.84706834231575	-56.5	13	828	1186	210221883 18.0638586	
2.60776733940559	-55	17.0625	829	1130	210221884 18.0643121	
2.58322364679942	-55	16.25	830	1130	210221884 18.0650245	
2.87161203492192	-56	0	831	1186	210221885 18.0658622	
2.81945668813381	-56.5	15	832	1186	210221886 18.0665047	
5.72481630038921	-55.5	15.8125	833	1130	210221887 18.0671344	
2.60776733940559	-55	-13	834	1130	210221887 18.0681208	
2.89615572752809	-56	-21.9375	835	1186	210221888 18.0689591	
2.58322364679942	-55	21.9375	836	1130	210221890 18.0696857	
2.85934018861884	-56.5	-21.9375	837	1186	210221890 18.0702663	
2.5954954931025	-55.5	39	838	1130	210222132 18.3123576	
2.87774795807346	-56	-4.0625	839	1186	210222138 18.318567	
5.72174833881344	-55.5	14.1875	840	1130	210222144 18.3243426	
5.982525072754	-56.5	6.875	841	1186	210222145 18.3261195	
2.84706834231575	-56	17.0625	842	1186	210222148 18.3283248	
2.60163141625405	-55	-4.0625	843	1130	210222149 18.3293521	
2.5954954931025	-55	17.0625	844	1130	210222150 18.3304559	
2.92069942013426	-56.5	-39	845	1186	210222151 18.3312327	
2.6384469551633	-55	-17.0625	846	1130	210222152 18.3323419	
2.84706834231575	-56.5	13	847	1186	210222153 18.3334763	
5.7585638777227	-55.5	8.125	848	1130	210222154 18.3347397	
5.98866099590554	-56.5	-1.1875	849	1186	210222158 18.3380954	
2.5954954931025	-55	-4.0625	850	1130	210222382 18.5621613	
2.87161203492192	-56.5	21.9375	851	1186	210222384 18.5638124	
2.83479649601267	-56.5	13	852	1186	210222385 18.5651322	
2.56481587734479	-55	43.125	853	1130	210222386 18.5664336	
2.5954954931025	-55	0	854	1130	210222386 18.5674082	
2.85934018861884	-56.5	-13	855	1186	210222389 18.5693145	
5.97332118802669	-56.5	8.9375	856	1186	210222391 18.5714411	
5.74015610826807	-55.5	2.8125	857	1130	210222392 18.5725894	
2.57708772364788	-54.5	39	858	1130	210222394 18.5747827	
2.78570911080032	-56	61	859	1186	210222396 18.5762261	
2.62003918570868	-55.5	-13	860	1130	210222398 18.5791526	
2.81638872655804	-56.5	43.125	861	1186	210222399 18.580287	
