0.512349583153804	-56.5	920.625	2216	0000	0	920.625	074843624 0.669018362864521	
5.08054436947724	-61	920.625	2215	0000	1	920.625	074843626 0.670457321528158	
5.1173599083865	-60	920.625	2215	0000	2	920.625	074843626 0.670687267953284	
0.441786466911065	-55.5	920.625	2216	0000	3	920.625	074843627 0.670933072752557	
4.94555406014331	-60.5	920.625	2215	0000	4	920.625	074843627 0.671150936606905	
0.466330159517235	-55.5	920.625	2216	0000	5	920.625	074843627 0.671338216453969	
0.435650543759522	-55.5	920.625	2216	0000	6	920.625	074843628 0.672229683629212	
4.95782590644639	-61	920.625	2215	0000	7	920.625	074843632 0.675763835581887	
5.06213660002262	-60.5	920.625	2215	0000	8	920.625	074843634 0.678161848301058	
0.460194236365692	-55.5	920.625	2216	0000	9	920.625	074843640 0.684629799470859	
5.08054436947724	-60.5	920.625	2215	0000	10	920.625	074843850 0.893319584374669	
0.423378697456437	-56	920.625	2216	0000	11	920.625	074843854 0.897420861993254	
0.484737928971863	-55.5	920.625	2216	0000	12	920.625	074843857 0.900633315498955	
5.02532106111336	-60.5	920.625	2215	0000	13	920.625	074843865 0.9083967448044	
4.92101036753714	-60	920.625	2215	0000	14	920.625	074843868 0.91209325630191	
0.447922390062607	-56	920.625	2216	0000	15	920.625	074843871 0.915150524289177	
0.411106851153352	-55.5	920.625	2216	0000	16	920.625	074843878 0.922157282599626	
5.01304921481027	-61	920.625	2215	0000	17	920.625	074843882 0.925621204609652	
0.466330159517235	-56	920.625	2216	0000	18	920.625	074843886 0.930268463395285	
5.1173599083865	-60.5	920.625	2215	0000	19	920.625	074843889 0.933366887639266	
0.66881562351814	-56	920.625	2216	0000	20	920.625	074844089 1.1332367734552	
5.01918513796182	-60.5	920.625	2215	0000	21	920.625	074844095 1.1390126198676	
0.47860200582032	-55.5	920.625	2216	0000	22	920.625	074844097 1.14171043137421	
4.97009775274948	-60	920.625	2215	0000	23	920.625	074844100 1.14453095649029	
0.423378697456437	-55.5	920.625	2216	0000	24	920.625	074844105 1.14966944729413	
5.02532106111336	-61	920.625	2215	0000	25	920.625	074844109 1.15308088563733	
5.05600067687107	-60.5	920.625	2215	0000	26	920.625	074844111 1.15575151135969	
0.411106851153352	-55.5	920.625	2216	0000	27	920.625	074844117 1.16159418949171	
5.00077736850719	-60.5	920.625	2215	0000	28	920.625	074844120 1.16479569316765	
0.466330159517235	-56	920.625	2216	0000	29	920.625	074844126 1.17094987507755	
0.423378697456437	-55.5	920.625	2216	0000	30	920.625	074844131 1.17516404921684	
5.09281621578033	-60.5	920.625	2215	0000	31	920.625	074844135 1.17926721473711	
0.527689391032661	-55.5	920.625	2216	0000	32	920.625	074844339 1.38320062013795	
5.12349583153804	-60.5	920.625	2215	0000	33	920.625	074844343 1.38742234588398	
5.03759290741645	-60.5	920.625	2215	0000	34	920.625	074844346 1.39026023969555	
0.423378697456437	-55	920.625	2216	0000	35	920.625	074844349 1.39331750768282	
4.92101036753714	-60.5	920.625	2215	0000	36	920.625	074844355 1.39872068230277	
0.521553467881118	-55.5	920.625	2216	0000	37	920.625	074844357 1.40095104935239	
5.13576767784113	-60.5	920.625	2215	0000	38	920.625	074844360 1.40407137325591	
0.417242774304894	-55.5	920.625	2216	0000	39	920.625	074844365 1.40946812901014	
4.94555406014331	-60.5	920.625	2215	0000	40	920.625	074844368 1.41209080202972	
0.435650543759522	-55.5	920.625	2216	0000	41	920.625	074844371 1.41497929160643	
0.533825314184203	-55.5	920.625	2216	0000	42	920.625	074844590 1.63359151018164	
4.95168998329485	-61	920.625	2215	0000	43	920.625	074844593 1.63756592080706	
0.47860200582032	-55.5	920.625	2216	0000	44	920.625	074844597 1.64060846316119	
5.01918513796182	-60.5	920.625	2215	0000	45	920.625	074844599 1.64351658691541	
0.497009775274948	-56	920.625	2216	0000	46	920.625	074844605 1.64881819242476	
4.93328221384022	-60.5	920.625	2215	0000	47	920.625	074844609 1.65275522259682	
4.97623367590102	-60.5	920.625	2215	0000	48	920.625	074844614 1.6584313878003	
0.45405831321415	-55.5	920.625	2216	0000	49	920.625	074844615 1.65895924511118	
5.05600067687107	-60.5	920.625	2215	0000	50	920.625	074844616 1.66011350820086	
0.466330159517235	-55.5	920.625	2216	0000	51	920.625	074844617 1.66106501064965	
5.06827252317416	-60.5	920.625	2215	0000	52	920.625	074844839 1.88315361138601	
0.423378697456437	-56	920.625	2216	0000	53	920.625	074844842 1.88613347540423	
5.14803952414421	-60.5	920.625	2215	0000	54	920.625	074844843 1.88774121247843	
0.472466082668777	-56	920.625	2216	0000	55	920.625	074844844 1.88877162921762	
0.515417544729575	-55.5	920.625	2216	0000	56	920.625	074844846 1.89088494636283	
5.01918513796182	-60	920.625	2215	0000	57	920.625	074844847 1.89187873780935	
0.374291312244096	-56	920.625	2216	0000	58	920.625	074844853 1.8972705850192	
4.83510744341554	-60.5	920.625	2215	0000	59	920.625	074844856 1.90080549213255	
0.423378697456437	-56	920.625	2216	0000	60	920.625	074844860 1.90429584476615	
5.02532106111336	-60.5	920.625	2215	0000	61	920.625	074844865 1.90933843016444	
4.80442782765783	-60	920.625	2215	0000	62	920.625	074845089 2.13324696812429	
0.45405831321415	-56	920.625	2216	0000	63	920.625	074845093 2.13735541976928	
0.423378697456437	-55.5	920.625	2216	0000	64	920.625	074845095 2.13874264992677	
4.9885055222041	-60.5	920.625	2215	0000	65	920.625	074845096 2.14040853437284	
5.01918513796182	-60	920.625	2215	0000	66	920.625	074845098 2.14222280789128	
0.441786466911065	-56	920.625	2216	0000	67	920.625	074845103 2.14661897575292	
5.10508806208341	-60.5	920.625	2215	0000	68	920.625	074845105 2.1492016252568	
0.441786466911065	-56	920.625	2216	0000	69	920.625	074845106 2.15045066101102	
4.84737928971863	-60.5	920.625	2215	0000	70	920.625	074845109 2.15321454907657	
0.484737928971863	-55.5	920.625	2216	0000	71	920.625	074845110 2.15428159110844	
0.460194236365692	-56	920.625	2216	0000	72	920.625	074845339 2.3830843253942	
5.04986475371953	-60.5	920.625	2215	0000	73	920.625	074845342 2.38654333885985	
0.417242774304894	-56	920.625	2216	0000	74	920.625	074845344 2.38834062126313	
5.06213660002262	-60.5	920.625	2215	0000	75	920.625	074845346 2.38998573879068	
5.04372883056799	-60.5	920.625	2215	0000	76	920.625	074845348 2.39200654875336	
0.404970928001809	-56	920.625	2216	0000	77	920.625	074845351 2.39581180338788	
5.04372883056799	-60.5	920.625	2215	0000	78	920.625	074845353 2.39731079732507	
0.466330159517235	-56	920.625	2216	0000	79	920.625	074845354 2.39833932616258	
4.98236959905256	-60.5	920.625	2215	0000	80	920.625	074845356 2.4003204901899	
0.527689391032661	-56	920.625	2216	0000	81	920.625	074845359 2.40309419534421	
0.392699081698724	-55.5	920.625	2216	0000	82	920.625	074845589 2.63327094447568	
4.75534044244549	-59.5	920.625	2215	0000	83	920.625	074845593 2.63670390489809	
5.02532106111336	-60	920.625	2215	0000	84	920.625	074845595 2.63891690325221	
0.466330159517235	-56	920.625	2216	0000	85	920.625	074845596 2.64029242841926	
4.91487444438559	-60	920.625	2215	0000	86	920.625	074845598 2.64169438420989	
0.466330159517235	-55.5	920.625	2216	0000	87	920.625	074845598 2.64263455924858	
5.04986475371953	-61	920.625	2215	0000	88	920.625	074845599 2.64366195534508	
0.435650543759522	-55.5	920.625	2216	0000	89	920.625	074845605 2.64923277563459	
0.466330159517235	-55.5	920.625	2216	0000	90	920.625	074845608 2.65238859208977	
4.92714629068868	-60.5	920.625	2215	0000	91	920.625	074845610 2.65421910156269	
0.45405831321415	-55.5	920.625	2216	0000	92	920.625	074845839 2.88312604802142	
4.99464144535565	-60.5	920.625	2215	0000	93	920.625	074845842 2.88664207611793	
4.95782590644639	-61	920.625	2215	0000	94	920.625	074845844 2.88866288608061	
0.521553467881118	-55.5	920.625	2216	0000	95	920.625	074845846 2.89020567933688	
5.01918513796182	-60.5	920.625	2215	0000	96	920.625	074845847 2.89160272658313	
0.466330159517235	-56	920.625	2216	0000	97	920.625	074845848 2.89258330271786	
5.01304921481027	-60.5	920.625	2215	0000	98	920.625	074845853 2.89758510943977	
0.447922390062607	-56	920.625	2216	0000	99	920.625	074845855 2.89969011981757	
5.06827252317416	-61	920.625	2215	0000	100	920.625	074845858 2.90231543589951	
0.527689391032661	-55.5	920.625	2216	0000	101	920.625	074845862 2.90627512089178	
5.08668029262879	-61	920.625	2215	0000	102	920.625	074845863 2.90756606806339	
0.447922390062607	-56	920.625	2216	0000	103	920.625	074845864 2.90855759402789	
5.09281621578033	-60.5	920.625	2215	0000	104	920.625	074846088 3.13306157617891	
0.472466082668777	-55.5	920.625	2216	0000	105	920.625	074846091 3.13558268008789	
0.460194236365692	-55.5	920.625	2216	0000	106	920.625	074846093 3.13780360762909	
5.06827252317416	-60.5	920.625	2215	0000	107	920.625	074846095 3.13923728016801	
0.509281621578033	-56	920.625	2216	0000	108	920.625	074846096 3.14016688295727	
5.0744084463257	-60	920.625	2215	0000	109	920.625	074846097 3.14207781704194	
4.96396182959793	-60.5	920.625	2215	0000	110	920.625	074846103 3.14788802326499	
0.521553467881118	-56	920.625	2216	0000	111	920.625	074846106 3.15062510312663	
5.0314569842649	-60.5	920.625	2215	0000	112	920.625	074846109 3.15348565175841	
0.447922390062607	-56	920.625	2216	0000	113	920.625	074846110 3.15452286494367	
0.613592315154256	-55.5	920.625	2216	0000	114	920.625	074846339 3.38297898048023	
4.99464144535565	-60	920.625	2215	0000	115	920.625	074846342 3.38606230151074	
4.96396182959793	-60.5	920.625	2215	0000	116	920.625	074846343 3.38744802134688	
0.460194236365692	-55.5	920.625	2216	0000	117	920.625	074846345 3.38883223086168	
5.04986475371953	-61	920.625	2215	0000	118	920.625	074846346 3.39039277039377	
0.47860200582032	-56	920.625	2216	0000	119	920.625	074846348 3.39160329295363	
5.09281621578033	-60.5	920.625	2215	0000	120	920.625	074846348 3.39248834126315	
0.447922390062607	-56	920.625	2216	0000	121	920.625	074846349 3.39346816223721	
5.09281621578033	-60.5	920.625	2215	0000	122	920.625	074846355 3.39862402173654	
0.472466082668777	-56	920.625	2216	0000	123	920.625	074846355 3.3995351230893	
0.441786466911065	-56	920.625	2216	0000	124	920.625	074846589 3.63282124629452	
5.08054436947724	-60.5	920.625	2215	0000	125	920.625	074846592 3.63583622528406	
4.97623367590102	-60.5	920.625	2215	0000	126	920.625	074846594 3.63777585547433	
0.435650543759522	-56	920.625	2216	0000	127	920.625	074846595 3.638965988696	
5.06213660002262	-60.5	920.625	2215	0000	128	920.625	074846597 3.64064773151622	
0.447922390062607	-56	920.625	2216	0000	129	920.625	074846598 3.64210594677703	
0.441786466911065	-56	920.625	2216	0000	130	920.625	074846603 3.64655006734145	
5.14803952414421	-60.5	920.625	2215	0000	131	920.625	074846603 3.64714211330959	
5.05600067687107	-60.5	920.625	2215	0000	132	920.625	074846604 3.6477307610547	
0.539961237335746	-55.5	920.625	2216	0000	133	920.625	074846605 3.64863808660409	
0.47860200582032	-56	920.625	2216	0000	134	920.625	074846839 3.88290063256034	
4.95168998329485	-60.5	920.625	2215	0000	135	920.625	074846842 3.8858850275426	
5.04372883056799	-60.5	920.625	2215	0000	136	920.625	074846842 3.88685956239194	
0.460194236365692	-56	920.625	2216	0000	137	920.625	074846844 3.88860813693177	
0.490873852123405	-56	920.625	2216	0000	138	920.625	074846845 3.89004483011339	
5.06827252317416	-60.5	920.625	2215	0000	139	920.625	074846846 3.89056249275518	
0.509281621578033	-56.5	920.625	2216	0000	140	920.625	074846847 3.89161141093088	
5.01918513796182	-60.5	920.625	2215	0000	141	920.625	074846851 3.89532264806152	
4.95168998329485	-60.5	920.625	2215	0000	142	920.625	074846853 3.89667060986398	
0.337475773334841	-56	920.625	2216	0000	143	920.625	074846854 3.89766289098916	
0.460194236365692	-56	920.625	2216	0000	144	920.625	074847089 4.13293357644473	
4.99464144535565	-61	920.625	2215	0000	145	920.625	074847092 4.13664632389672	
0.368155389092554	-55.5	920.625	2216	0000	146	920.625	074847094 4.13868941109928	
5.0744084463257	-60.5	920.625	2215	0000	147	920.625	074847096 4.1398565119204	
5.04986475371953	-60	920.625	2215	0000	148	920.625	074847097 4.14113046797685	
0.527689391032661	-56	920.625	2216	0000	149	920.625	074847098 4.14252638248209	
4.95782590644639	-60.5	920.625	2215	0000	150	920.625	074847099 4.1436062622454	
0.546097160487288	-56	920.625	2216	0000	151	920.625	074847104 4.14868056439198	
0.515417544729575	-55.5	920.625	2216	0000	152	920.625	074847106 4.15043631295822	
4.93941813699176	-60.5	920.625	2215	0000	153	920.625	074847107 4.15141802183396	
0.404970928001809	-55.5	920.625	2216	0000	154	920.625	074847108 4.15239859796869	
5.09895213893187	-60.5	920.625	2215	0000	155	920.625	074847110 4.15427215160002	
0.441786466911065	-56	920.625	2216	0000	156	920.625	074847339 4.3827807508034	
5.01918513796182	-60.5	920.625	2215	0000	157	920.625	074847341 4.3853841672258	
4.97009775274948	-60.5	920.625	2215	0000	158	920.625	074847343 4.38743442845476	
0.681087469821225	-55.5	920.625	2216	0000	159	920.625	074847344 4.38849316371921	
0.411106851153352	-55.5	920.625	2216	0000	160	920.625	074847346 4.39057778475882	
5.0314569842649	-60.5	920.625	2215	0000	161	920.625	074847348 4.39205563419715	
0.47860200582032	-56	920.625	2216	0000	162	920.625	074847354 4.39827438234465	
5.09281621578033	-60.5	920.625	2215	0000	163	920.625	074847357 4.40152232840201	
5.04372883056799	-60	920.625	2215	0000	164	920.625	074847589 4.63335476731045	
0.460194236365692	-55.5	920.625	2216	0000	165	920.625	074847592 4.63636181711292	
0.435650543759522	-56	920.625	2216	0000	166	920.625	074847594 4.63850911648844	
5.0744084463257	-60.5	920.625	2215	0000	167	920.625	074847596 4.64002963250483	
0.398835004850267	-56	920.625	2216	0000	168	920.625	074847597 4.64101473960361	
4.95168998329485	-60	920.625	2215	0000	169	920.625	074847598 4.64198172284622	
5.04372883056799	-60.5	920.625	2215	0000	170	920.625	074847601 4.64523646534964	
0.484737928971863	-55.5	920.625	2216	0000	171	920.625	074847603 4.64733581202238	
0.423378697456437	-56	920.625	2216	0000	172	920.625	074847605 4.64901793242294	
5.04986475371953	-60	920.625	2215	0000	173	920.625	074847606 4.65013745812162	
0.509281621578033	-56	920.625	2216	0000	174	920.625	074847607 4.65067702042294	
5.00691329165873	-60.5	920.625	2215	0000	175	920.625	074847607 4.65117731436924	
4.93328221384022	-60.5	920.625	2215	0000	176	920.625	074847839 4.88324649614887	
0.466330159517235	-55.5	920.625	2216	0000	177	920.625	074847841 4.88580271502917	
5.06827252317416	-60	920.625	2215	0000	178	920.625	074847843 4.88748370268871	
0.484737928971863	-55.5	920.625	2216	0000	179	920.625	074847844 4.88843293965549	
0.460194236365692	-56	920.625	2216	0000	180	920.625	074847845 4.88895928664502	
5.04372883056799	-60.5	920.625	2215	0000	181	920.625	074847846 4.88989077733597	
5.04986475371953	-60.5	920.625	2215	0000	182	920.625	074847846 4.89080187868872	
0.521553467881118	-55.5	920.625	2216	0000	183	920.625	074847847 4.89166276185668	
0.441786466911065	-55.5	920.625	2216	0000	184	920.625	074847848 4.89260369205605	
5.14190360099267	-61	920.625	2215	0000	185	920.625	074847853 4.89753640157632	
0.484737928971863	-55.5	920.625	2216	0000	186	920.625	074848089 5.13273081580385	
5.09281621578033	-60.5	920.625	2215	0000	187	920.625	074848092 5.13585718099276	
5.04372883056799	-60.5	920.625	2215	0000	188	920.625	074848094 5.13752570850118	
0.411106851153352	-56	920.625	2216	0000	189	920.625	074848096 5.13958238859587	
4.97623367590102	-60.5	920.625	2215	0000	190	920.625	074848097 5.1409741497174	
0.497009775274948	-55.5	920.625	2216	0000	191	920.625	074848098 5.14233041828727	
0.466330159517235	-56	920.625	2216	0000	192	920.625	074848102 5.14565576831369	
4.95168998329485	-60.5	920.625	2215	0000	193	920.625	074848104 5.14748250198324	
0.466330159517235	-56	920.625	2216	0000	194	920.625	074848106 5.14954106997961	
5.13576767784113	-61	920.625	2215	0000	195	920.625	074848107 5.1505284425604	
0.570640853093458	-55.5	920.625	2216	0000	196	920.625	074848338 5.38261008449115	
4.97623367590102	-60.5	920.625	2215	0000	197	920.625	074848341 5.38557711077792	
0.435650543759522	-55.5	920.625	2216	0000	198	920.625	074848343 5.38747709503282	
5.06213660002262	-61	920.625	2215	0000	199	920.625	074848345 5.38913844851484	
0.472466082668777	-56	920.625	2216	0000	200	920.625	074848347 5.39083642728954	
5.10508806208341	-60.5	920.625	2215	0000	201	920.625	074848348 5.39209376981117	
0.460194236365692	-55.5	920.625	2216	0000	202	920.625	074848352 5.39575101295365	
5.01918513796182	-60.5	920.625	2215	0000	203	920.625	074848354 5.39877505387128	
4.7860200582032	-60	920.625	2215	0000	204	920.625	074848356 5.40021967623996	
0.484737928971863	-56	920.625	2216	0000	205	920.625	074848357 5.40114814628822	
5.01918513796182	-60.5	920.625	2215	0000	206	920.625	074848588 5.63260149453849	
0.447922390062607	-56	920.625	2216	0000	207	920.625	074848592 5.63673599922672	
5.09895213893187	-60.5	920.625	2215	0000	208	920.625	074848595 5.63930694374015	
0.441786466911065	-56	920.625	2216	0000	209	920.625	074848597 5.64184126296092	
0.490873852123405	-55.5	920.625	2216	0000	210	920.625	074848603 5.64777493795411	
5.06827252317416	-60.5	920.625	2215	0000	211	920.625	074848607 5.65166363784306	
5.04372883056799	-60.5	920.625	2215	0000	212	920.625	074848610 5.65462349010343	
0.447922390062607	-56	920.625	2216	0000	213	920.625	074848616 5.66033401511756	
0.509281621578033	-55.5	920.625	2216	0000	214	920.625	074848618 5.66286380337429	
4.88419482862788	-60.5	920.625	2215	0000	215	920.625	074848621 5.66550384508936	
0.466330159517235	-56	920.625	2216	0000	216	920.625	074848838 5.8826940961161	
5.06827252317416	-61	920.625	2215	0000	217	920.625	074848841 5.88592467347796	
5.0314569842649	-60.5	920.625	2215	0000	218	920.625	074848843 5.88732549652758	
0.521553467881118	-56	920.625	2216	0000	219	920.625	074848845 5.88953925004238	
0.45405831321415	-56	920.625	2216	0000	220	920.625	074848846 5.89085322961453	
4.93941813699176	-60.5	920.625	2215	0000	221	920.625	074848847 5.8913973228799	
0.50314569842649	-56	920.625	2216	0000	222	920.625	074848848 5.8924330257438	
5.15417544729575	-60.5	920.625	2215	0000	223	920.625	074848852 5.8964308463501	
5.04986475371953	-61	920.625	2215	0000	224	920.625	074848853 5.89789434773563	
0.497009775274948	-55.5	920.625	2216	0000	225	920.625	074848856 5.90001899229094	
5.12963175468958	-60.5	920.625	2215	0000	226	920.625	074848859 5.90230335332873	
0.472466082668777	-56	920.625	2216	0000	227	920.625	074848860 5.90417388631736	
0.576776776245001	-55.5	920.625	2216	0000	228	920.625	074849088 6.13264019652301	
5.04986475371953	-60.5	920.625	2215	0000	229	920.625	074849091 6.13566423744064	
5.08054436947724	-61	920.625	2215	0000	230	920.625	074849093 6.13734598026086	
0.484737928971863	-55.5	920.625	2216	0000	231	920.625	074849094 6.13859199537238	
4.93328221384022	-60.5	920.625	2215	0000	232	920.625	074849095 6.13980063003055	
0.490873852123405	-56	920.625	2216	0000	233	920.625	074849096 6.14043760805877	
0.50314569842649	-56	920.625	2216	0000	234	920.625	074849097 6.14161414838832	
5.0314569842649	-60.5	920.625	2215	0000	235	920.625	074849098 6.14215597617166	
4.9885055222041	-60.5	920.625	2215	0000	236	920.625	074849339 6.38251531182661	
0.490873852123405	-56	920.625	2216	0000	237	920.625	074849342 6.38547516408698	
4.96396182959793	-60.5	920.625	2215	0000	238	920.625	074849343 6.38671853613614	
0.570640853093458	-55.5	920.625	2216	0000	239	920.625	074849344 6.38754996803782	
5.1173599083865	-61	920.625	2215	0000	240	920.625	074849345 6.38857396591129	
0.524621429456889	-56.5	920.625	2216	0000	241	920.625	074849346 6.38985660631548	
4.98236959905256	-60.5	920.625	2215	0000	242	920.625	074849347 6.39076166638285	
0.509281621578033	-56	920.625	2216	0000	243	920.625	074849349 6.39231956285259	
0.447922390062607	-56	920.625	2216	0000	244	920.625	074849354 6.39798326790495	
5.10508806208341	-59.5	920.625	2215	0000	245	920.625	074849356 6.40020985915121	
5.04986475371953	-60.5	920.625	2215	0000	246	920.625	074849357 6.40126104280893	
0.490873852123405	-56	920.625	2216	0000	247	920.625	074849358 6.40220461607065	
0.533825314184203	-55.5	920.625	2216	0000	248	920.625	074849589 6.63251993718574	
5.00077736850719	-60	920.625	2215	0000	249	920.625	074849591 6.63538426162089	
5.0314569842649	-60.5	920.625	2215	0000	250	920.625	074849592 6.63690024667323	
0.546097160487288	-56	920.625	2216	0000	251	920.625	074849594 6.63873755259222	
0.460194236365692	-56	920.625	2216	0000	252	920.625	074849596 6.64058014463592	
5.06213660002262	-60.5	920.625	2215	0000	253	920.625	074849597 6.6420194808799	
0.490873852123405	-55.5	920.625	2216	0000	254	920.625	074849601 6.64526100807154	
5.02532106111336	-60.5	920.625	2215	0000	255	920.625	074849603 6.64751705058406	
5.06213660002262	-60.5	920.625	2215	0000	256	920.625	074849604 6.64847232883623	
0.607456392002714	-55.5	920.625	2216	0000	257	920.625	074849605 6.64946536512207	
0.441786466911065	-55	920.625	2216	0000	258	920.625	074849839 6.88270504594586	
5.12349583153804	-61	920.625	2215	0000	259	920.625	074849843 6.88639438341697	
0.730174855033565	-55	920.625	2216	0000	260	920.625	074849844 6.8880055187142	
5.00691329165873	-60.5	920.625	2215	0000	261	920.625	074849845 6.88907369348708	
0.515417544729575	-55.5	920.625	2216	0000	262	920.625	074849846 6.88957474259405	
5.04372883056799	-60.5	920.625	2215	0000	263	920.625	074849846 6.89009202765549	
0.47860200582032	-56	920.625	2216	0000	264	920.625	074849847 6.89105561267507	
5.01304921481027	-61	920.625	2215	0000	265	920.625	074849848 6.89165030170557	
0.515417544729575	-56	920.625	2216	0000	266	920.625	074849848 6.8921694746687	
5.01918513796182	-61	920.625	2215	0000	267	920.625	074849854 6.89741444312753	
0.50314569842649	-56	920.625	2216	0000	268	920.625	074850088 7.13243441523944	
5.19099098620501	-60.5	920.625	2215	0000	269	920.625	074850092 7.13665349792312	
0.42951462060798	-56	920.625	2216	0000	270	920.625	074850094 7.13794180203236	
5.0314569842649	-61	920.625	2215	0000	271	920.625	074850095 7.13963147403965	
5.01918513796182	-60	920.625	2215	0000	272	920.625	074850096 7.14066377868053	
0.45405831321415	-55.5	920.625	2216	0000	273	920.625	074850098 7.14227113817439	
4.91487444438559	-60.5	920.625	2215	0000	274	920.625	074850103 7.14735072644569	
0.521553467881118	-55.5	920.625	2216	0000	275	920.625	074850104 7.1482572968344	
5.02532106111336	-60.5	920.625	2215	0000	276	920.625	074850104 7.14879232817168	
0.484737928971863	-56	920.625	2216	0000	277	920.625	074850105 7.14973703417442	
0.466330159517235	-56	920.625	2216	0000	278	920.625	074850338 7.38234238003234	
5.04986475371953	-60	920.625	2215	0000	279	920.625	074850341 7.38597810109562	
5.16644729359884	-60.5	920.625	2215	0000	280	920.625	074850343 7.38784448070055	
0.50314569842649	-56	920.625	2216	0000	281	920.625	074850344 7.38876615430274	
0.374291312244096	-56	920.625	2216	0000	282	920.625	074850345 7.38976485429364	
4.97009775274948	-61	920.625	2215	0000	283	920.625	074850346 7.39081981375472	
5.00691329165873	-60	920.625	2215	0000	284	920.625	074850347 7.39180756391586	
0.509281621578033	-56	920.625	2216	0000	285	920.625	074850352 7.39681390160181	
5.08054436947724	-60.5	920.625	2215	0000	286	920.625	074850353 7.39767063138606	
0.466330159517235	-55.5	920.625	2216	0000	287	920.625	074850354 7.39866668831461	
0.460194236365692	-55.5	920.625	2216	0000	288	920.625	074850589 7.63290582428997	
5.01918513796182	-60.5	920.625	2215	0000	289	920.625	074850592 7.63595591825084	
0.515417544729575	-55.5	920.625	2216	0000	290	920.625	074850593 7.63716530806968	
5.00077736850719	-61	920.625	2215	0000	291	920.625	074850595 7.63913438952622	
0.411106851153352	-56	920.625	2216	0000	292	920.625	074850597 7.64046007408881	
5.03759290741645	-60.5	920.625	2215	0000	293	920.625	074850597 7.6409161911357	
0.484737928971863	-55.5	920.625	2216	0000	294	920.625	074850598 7.64190318613616	
4.9885055222041	-61	920.625	2215	0000	295	920.625	074850602 7.64550228190677	
4.95168998329485	-60.5	920.625	2215	0000	296	920.625	074850604 7.64816384570104	
0.47860200582032	-56	920.625	2216	0000	297	920.625	074850605 7.6490719264111	
4.93941813699176	-60.5	920.625	2215	0000	298	920.625	074850607 7.65121960336696	
0.497009775274948	-55.5	920.625	2216	0000	299	920.625	074850609 7.65299649643206	
5.01304921481027	-60.5	920.625	2215	0000	300	920.625	074850838 7.88231425029725	
0.435650543759522	-56	920.625	2216	0000	301	920.625	074850842 7.88588351722125	
5.01918513796182	-60.5	920.625	2215	0000	302	920.625	074850844 7.88846239092176	
0.490873852123405	-56	920.625	2216	0000	303	920.625	074850846 7.89007239347798	
0.484737928971863	-56	920.625	2216	0000	304	920.625	074850847 7.8914558478321	
5.04986475371953	-60.5	920.625	2215	0000	305	920.625	074850848 7.89201315640926	
5.03759290741645	-61	920.625	2215	0000	306	920.625	074850852 7.89602268200599	
0.533825314184203	-56	920.625	2216	0000	307	920.625	074850853 7.89742388263595	
0.362019465941011	-55.5	920.625	2216	0000	308	920.625	074850854 7.89797477234738	
5.00691329165873	-60.5	920.625	2215	0000	309	920.625	074850855 7.89886208613891	
4.9885055222041	-60.5	920.625	2215	0000	310	920.625	074851089 8.13233322370918	
0.509281621578033	-56	920.625	2216	0000	311	920.625	074851092 8.13585680341242	
5.0314569842649	-60.5	920.625	2215	0000	312	920.625	074851094 8.13776471685439	
0.662679700366597	-56	920.625	2216	0000	313	920.625	074851095 8.1387502015335	
5.08054436947724	-61	920.625	2215	0000	314	920.625	074851096 8.14017292424266	
0.45405831321415	-56	920.625	2216	0000	315	920.625	074851098 8.14157223697093	
0.515417544729575	-56	920.625	2216	0000	316	920.625	074851102 8.14600049916121	
4.85351521287017	-60.5	920.625	2215	0000	317	920.625	074851103 8.14697390126954	
5.0314569842649	-60.5	920.625	2215	0000	318	920.625	074851104 8.14788877842566	
0.539961237335746	-56	920.625	2216	0000	319	920.625	074851106 8.14953842691725	
5.06827252317416	-60.5	920.625	2215	0000	320	920.625	074851338 8.38224609704645	
0.47860200582032	-56	920.625	2216	0000	321	920.625	074851341 8.38481855188124	
4.9885055222041	-60.5	920.625	2215	0000	322	920.625	074851342 8.38609099761634	
0.546097160487288	-55.5	920.625	2216	0000	323	920.625	074851343 8.38700814025448	
0.466330159517235	-56	920.625	2216	0000	324	920.625	074851344 8.3878758198685	
5.13576767784113	-61	920.625	2215	0000	325	920.625	074851345 8.3887801247752	
0.466330159517235	-56	920.625	2216	0000	326	920.625	074851345 8.38934725044111	
5.08054436947724	-60.5	920.625	2215	0000	327	920.625	074851346 8.3899049365986	
0.533825314184203	-55.5	920.625	2216	0000	328	920.625	074851588 8.63268682769461	
4.97009775274948	-60.5	920.625	2215	0000	329	920.625	074851591 8.63556625534323	
4.96396182959793	-60.5	920.625	2215	0000	330	920.625	074851592 8.63676960387669	
0.546097160487288	-56	920.625	2216	0000	331	920.625	074851594 8.63788799683437	
0.50314569842649	-56	920.625	2216	0000	332	920.625	074851595 8.63950592857766	
5.0314569842649	-60.5	920.625	2215	0000	333	920.625	074851597 8.64087918826269	
4.93941813699176	-60.5	920.625	2215	0000	334	920.625	074851597 8.64180690315027	
0.484737928971863	-56	920.625	2216	0000	335	920.625	074851603 8.64693368896367	
0.490873852123405	-55.5	920.625	2216	0000	336	920.625	074851603 8.64747589432735	
4.84737928971863	-60.5	920.625	2215	0000	337	920.625	074851605 8.64941476935694	
0.42951462060798	-55.5	920.625	2216	0000	338	920.625	074851607 8.65127095429277	
5.04372883056799	-60.5	920.625	2215	0000	339	920.625	074851608 8.65225039768649	
0.42951462060798	-55.5	920.625	2216	0000	340	920.625	074851838 8.88218360750071	
5.24007837141735	-60	920.625	2215	0000	341	920.625	074851840 8.88473567299731	
5.01918513796182	-60.5	920.625	2215	0000	342	920.625	074851843 8.88662848322581	
0.45405831321415	-56	920.625	2216	0000	343	920.625	074851846 8.88950828845476	
5.0744084463257	-60.5	920.625	2215	0000	344	920.625	074851848 8.89182134559815	
0.42951462060798	-56	920.625	2216	0000	345	920.625	074851854 8.89732759965006	
0.435650543759522	-56	920.625	2216	0000	346	920.625	074851856 8.90015378847119	
4.7001171340816	-59.5	920.625	2215	0000	347	920.625	074851859 8.9028629273879	
5.01304921481027	-61	920.625	2215	0000	348	920.625	074851863 8.9071171250429	
0.447922390062607	-56	920.625	2216	0000	349	920.625	074851866 8.90940375156271	
4.95782590644639	-61	920.625	2215	0000	350	920.625	074852088 9.1321920086632	
0.521553467881118	-55.5	920.625	2216	0000	351	920.625	074852092 9.13574352931137	
5.06213660002262	-61	920.625	2215	0000	352	920.625	074852093 9.13711339077337	
0.472466082668777	-56	920.625	2216	0000	353	920.625	074852095 9.13865542886896	
0.435650543759522	-56	920.625	2216	0000	354	920.625	074852096 9.14005549675791	
4.98236959905256	-61	920.625	2215	0000	355	920.625	074852097 9.141147459092	
5.0744084463257	-61	920.625	2215	0000	356	920.625	074852102 9.14606468781847	
0.441786466911065	-55.5	920.625	2216	0000	357	920.625	074852104 9.14828750326135	
0.460194236365692	-56	920.625	2216	0000	358	920.625	074852105 9.14913139531415	
5.04372883056799	-60.5	920.625	2215	0000	359	920.625	074852108 9.15213995543797	
0.460194236365692	-56	920.625	2216	0000	360	920.625	074852339 9.38303939333412	
5.04986475371953	-60	920.625	2215	0000	361	920.625	074852342 9.38616009481797	
5.08054436947724	-60	920.625	2215	0000	362	920.625	074852344 9.38848901033551	
0.509281621578033	-56	920.625	2216	0000	363	920.625	074852346 9.39010543175745	
5.06827252317416	-61	920.625	2215	0000	364	920.625	074852348 9.39204543952805	
0.472466082668777	-55.5	920.625	2216	0000	365	920.625	074852349 9.39301091244931	
0.466330159517235	-55.5	920.625	2216	0000	366	920.625	074852353 9.39759171709567	
5.06213660002262	-60.5	920.625	2215	0000	367	920.625	074852354 9.39894949598689	
5.06827252317416	-60.5	920.625	2215	0000	368	920.625	074852358 9.40217176658135	
0.466330159517235	-56	920.625	2216	0000	369	920.625	074852359 9.40397622301103	
5.01304921481027	-60.5	920.625	2215	0000	370	920.625	074852588 9.63210044543152	
0.441786466911065	-55.5	920.625	2216	0000	371	920.625	074852590 9.63476465228816	
0.50314569842649	-55.5	920.625	2216	0000	372	920.625	074852592 9.63657439484255	
5.08668029262879	-61	920.625	2215	0000	373	920.625	074852594 9.63803789622809	
0.447922390062607	-56	920.625	2216	0000	374	920.625	074852594 9.63856084499459	
5.04372883056799	-60.5	920.625	2215	0000	375	920.625	074852595 9.63947081360633	
0.533825314184203	-55.5	920.625	2216	0000	376	920.625	074852596 9.64046989117757	
4.94555406014331	-60.5	920.625	2215	0000	377	920.625	074852597 9.6413488982017	
0.490873852123405	-56	920.625	2216	0000	378	920.625	074852602 9.64608413320581	
5.05600067687107	-60.5	920.625	2215	0000	379	920.625	074852602 9.64661727664141	
5.11122398523496	-61	920.625	2215	0000	380	920.625	074852838 9.88210922417436	
0.536893275759974	-56.5	920.625	2216	0000	381	920.625	074852841 9.8851528992695	
5.08054436947724	-61	920.625	2215	0000	382	920.625	074852842 9.88640873146977	
0.515417544729575	-55.5	920.625	2216	0000	383	920.625	074852844 9.88804214400688	
5.07747640790147	-61.5	920.625	2215	0000	384	920.625	074852845 9.88968952701644	
0.543029198911517	-56.5	920.625	2216	0000	385	920.625	074852847 9.89111036182391	
5.08668029262879	-61	920.625	2215	0000	386	920.625	074852848 9.89209924472605	
0.47860200582032	-55	920.625	2216	0000	387	920.625	074852853 9.89704479197778	
0.509281621578033	-56	920.625	2216	0000	388	920.625	074852855 9.8994556424284	
5.01918513796182	-60.5	920.625	2215	0000	389	920.625	074852856 9.9002995344812	
0.497009775274948	-56	920.625	2216	0000	390	920.625	074852857 9.90127369175021	
5.0744084463257	-60.5	920.625	2215	0000	391	920.625	074852858 9.90223387854675	
5.24621429456889	-60	920.625	2215	0000	392	920.625	074853088 10.1319061803482	
0.460194236365692	-55.5	920.625	2216	0000	393	920.625	074853091 10.1354490166486	
5.06827252317416	-60.5	920.625	2215	0000	394	920.625	074853093 10.1370896032122	
0.497009775274948	-56.5	920.625	2216	0000	395	920.625	074853095 10.1391757345731	
5.00691329165873	-61	920.625	2215	0000	396	920.625	074853097 10.1411572761808	
0.47860200582032	-56	920.625	2216	0000	397	920.625	074853101 10.1451543416264	
0.472466082668777	-56	920.625	2216	0000	398	920.625	074853104 10.1479540998239	
5.01918513796182	-60.5	920.625	2215	0000	399	920.625	074853106 10.1498635235873	
0.497009775274948	-56	920.625	2216	0000	400	920.625	074853338 10.3820131299786	
5.09281621578033	-60	920.625	2215	0000	401	920.625	074853341 10.3852595657146	
0.521553467881118	-56	920.625	2216	0000	402	920.625	074853342 10.3869484825613	
4.8719229823248	-60.5	920.625	2215	0000	403	920.625	074853343 10.3879422740078	
5.03759290741645	-60.5	920.625	2215	0000	404	920.625	074853344 10.3884961843619	
0.539961237335746	-56	920.625	2216	0000	405	920.625	074853345 10.389047829234	
5.12349583153804	-60.5	920.625	2215	0000	406	920.625	074853345 10.3900004644238	
0.521553467881118	-56	920.625	2216	0000	407	920.625	074853347 10.39153193027	
5.03759290741645	-60.5	920.625	2215	0000	408	920.625	074853351 10.3952699756045	
0.417242774304894	-55.5	920.625	2216	0000	409	920.625	074853353 10.3974656052632	
0.404970928001809	-56	920.625	2216	0000	410	920.625	074853354 10.3982887303974	
4.95782590644639	-61	920.625	2215	0000	411	920.625	074853354 10.3987331424539	
4.99464144535565	-60	920.625	2215	0000	412	920.625	074853588 10.6319815076254	
0.490873852123405	-56	920.625	2216	0000	413	920.625	074853591 10.6352354949682	
5.06827252317416	-60.5	920.625	2215	0000	414	920.625	074853592 10.6362104073979	
0.509281621578033	-55.5	920.625	2216	0000	415	920.625	074853593 10.6372200572185	
0.441786466911065	-55.5	920.625	2216	0000	416	920.625	074853594 10.6381949696482	
5.01304921481027	-61	920.625	2215	0000	417	920.625	074853595 10.6392623892604	
0.417242774304894	-56	920.625	2216	0000	418	920.625	074853597 10.6409841555963	
5.06213660002262	-61	920.625	2215	0000	419	920.625	074853601 10.6451458460688	
5.01304921481027	-60.5	920.625	2215	0000	420	920.625	074853602 10.6461841919951	
0.564504929941916	-56	920.625	2216	0000	421	920.625	074853604 10.6475763306969	
0.472466082668777	-56	920.625	2216	0000	422	920.625	074853678 10.7222707832489	
4.95782590644639	-60	920.625	2215	0000	423	920.625	074853683 10.7271034339799	
0.509281621578033	-56	920.625	2216	0000	424	920.625	074853686 10.7301365368256	
5.02532106111336	-61	920.625	2215	0000	425	920.625	074853689 10.7330642947573	
