6.27398142245227	-59	920.625	2215		0	920.625	155132640 0.6485923	
4.70625305723315	-50.5	920.625	2216		1	920.625	155132648 0.6513874	
3.03114603686203	-58.5	920.625	2215		2	920.625	155132649 0.6520059	
4.68170936462698	-50.5	920.625	2216		3	920.625	155132649 0.6527943	
3.03114603686203	-58.5	920.625	2215		4	920.625	155132650 0.6533189	
4.60807828680847	-50.5	920.625	2216		5	920.625	155132650 0.6539065	
3.00046642110431	-59	920.625	2215		6	920.625	155132651 0.6551022	
4.68170936462698	-50.5	920.625	2216		7	920.625	155132654 0.6574094	
3.09250526837745	-58.5	920.625	2215		8	920.625	155132662 0.6656055	
3.03728196001357	-58.5	920.625	2215		9	920.625	155132860 0.8633244	
4.68170936462698	-50.5	920.625	2216		10	920.625	155132864 0.8670376	
3.11704896098362	-59	920.625	2215		11	920.625	155132866 0.8697335	
1.54318467261295	-50.5	920.625	2216		12	920.625	155132869 0.8719295	
4.7001171340816	-50.5	920.625	2216		13	920.625	155132871 0.8742467	
2.99433049795277	-58.5	920.625	2215		14	920.625	155132873 0.8760251	
6.27704938402804	-58.5	920.625	2215		15	920.625	155132874 0.8776969	
1.52170894158256	-50.5	920.625	2216		16	920.625	155132876 0.8790021	
4.64489382571772	-50.5	920.625	2216		17	920.625	155132877 0.8803441	
3.16000042304442	-58.5	920.625	2215		18	920.625	155132878 0.8816249	
6.28011734560381	-58.5	920.625	2215		19	920.625	155132884 0.8869284	
1.52170894158256	-50.5	920.625	2216		20	920.625	155132886 0.8894881	
3.11091303783208	-58.5	920.625	2215		21	920.625	155133101 1.1040687	
4.57739867105075	-50.5	920.625	2216		22	920.625	155133110 1.1128818	
1.51557301843101	-50.5	920.625	2216		23	920.625	155133117 1.1204624	
0.021475731030399	-58.5	920.625	2215		24	920.625	155133131 1.1338023	
4.59580644050538	-50.5	920.625	2216		25	920.625	155133139 1.1432703	
3.14772857674134	-58	920.625	2215		26	920.625	155133144 1.1470009	
1.49716524897639	-50.5	920.625	2216		27	920.625	155133150 1.1545051	
6.28011734560381	-58.5	920.625	2215		28	920.625	155133154 1.1578677	
3.03114603686203	-58	920.625	2215		29	920.625	155133156 1.1603999	
4.63875790256618	-50.5	920.625	2216		30	920.625	155133159 1.1628468	
4.65716567202081	-50.5	920.625	2216		31	920.625	155133351 1.3536863	
2.99433049795277	-58.5	920.625	2215		32	920.625	155133352 1.3558776	
4.62648605626309	-50.5	920.625	2216		33	920.625	155133354 1.3576964	
3.06796157577128	-58.5	920.625	2215		34	920.625	155133356 1.3594792	
3.03114603686203	-58.5	920.625	2215		35	920.625	155133357 1.3610654	
4.63875790256618	-50.5	920.625	2216		36	920.625	155133358 1.3621615	
3.00046642110431	-58.5	920.625	2215		37	920.625	155133359 1.3627081	
4.62035013311155	-50.5	920.625	2216		38	920.625	155133360 1.3634631	
4.67557344147543	-50.5	920.625	2216		39	920.625	155133360 1.3639561	
2.98205865164969	-58.5	920.625	2215		40	920.625	155133361 1.3649643	
4.66943751832389	-50.5	920.625	2216		41	920.625	155133362 1.3661458	
2.99433049795277	-58.5	920.625	2215		42	920.625	155133364 1.3679992	
2.97592272849814	-58.5	920.625	2215		43	920.625	155133600 1.6036859	
4.66330159517235	-50.5	920.625	2216		44	920.625	155133605 1.6082551	
3.04955380631665	-58.5	920.625	2215		45	920.625	155133608 1.6114485	
4.67557344147543	-50.5	920.625	2216		46	920.625	155133610 1.6139373	
4.59580644050538	-50.5	920.625	2216		47	920.625	155133612 1.6160591	
3.08023342207437	-58.5	920.625	2215		48	920.625	155133619 1.6229123	
3.03114603686203	-58.5	920.625	2215		49	920.625	155133622 1.6253921	
4.64489382571772	-50.5	920.625	2216		50	920.625	155133624 1.6277883	
4.63875790256618	-50.5	920.625	2216		51	920.625	155133627 1.6302417	
2.9697868053466	-58.5	920.625	2215		52	920.625	155133629 1.6326204	
4.65102974886926	-50.5	920.625	2216		53	920.625	155133635 1.6383754	
2.93910718958889	-58.5	920.625	2215		54	920.625	155133637 1.6404695	
4.63875790256618	-50.5	920.625	2216		55	920.625	155133850 1.853481	
3.04955380631665	-58.5	920.625	2215		56	920.625	155133854 1.8578941	
2.98819457480123	-58.5	920.625	2215		57	920.625	155133858 1.86113	
4.60194236365692	-50.5	920.625	2216		58	920.625	155133861 1.8642383	
4.62648605626309	-50.5	920.625	2216		59	920.625	155133865 1.8681346	
3.0556897294682	-58.5	920.625	2215		60	920.625	155133868 1.8714925	
3.00660234425586	-58.5	920.625	2215		61	920.625	155133875 1.8784141	
4.68784528777852	-50.5	920.625	2216		62	920.625	155133878 1.8815211	
3.03728196001357	-58.5	920.625	2215		63	920.625	155134100 2.1036672	
4.61421420996001	-50.5	920.625	2216		64	920.625	155134109 2.112135	
3.00046642110431	-58.5	920.625	2215		65	920.625	155134115 2.1182685	
4.65102974886926	-50.5	920.625	2216		66	920.625	155134124 2.1278236	
4.65716567202081	-50.5	920.625	2216		67	920.625	155134128 2.1313549	
3.01887419055894	-58.5	920.625	2215		68	920.625	155134135 2.1382646	
3.00046642110431	-58.5	920.625	2215		69	920.625	155134137 2.1406158	
4.66943751832389	-50.5	920.625	2216		70	920.625	155134139 2.142572	
3.03728196001357	-58.5	920.625	2215		71	920.625	155134141 2.1444907	
4.63875790256618	-50.5	920.625	2216		72	920.625	155134143 2.1462927	
4.65102974886926	-50	920.625	2216		73	920.625	155134145 2.1479761	
3.00046642110431	-58.5	920.625	2215		74	920.625	155134150 2.1536115	
3.00046642110431	-58.5	920.625	2215		75	920.625	155134350 2.3535483	
4.67557344147543	-50.5	920.625	2216		76	920.625	155134359 2.3618926	
2.99433049795277	-59	920.625	2215		77	920.625	155134365 2.3685727	
4.66330159517235	-50.5	920.625	2216		78	920.625	155134372 2.3746564	
4.63875790256618	-50.5	920.625	2216		79	920.625	155134376 2.378893	
2.99433049795277	-58.5	920.625	2215		80	920.625	155134378 2.3814482	
2.92069942013426	-58.5	920.625	2215		81	920.625	155134384 2.3876197	
4.62648605626309	-50.5	920.625	2216		82	920.625	155134386 2.3902159	
3.03728196001357	-58.5	920.625	2215		83	920.625	155134389 2.3932231	
4.60807828680847	-50.5	920.625	2216		84	920.625	155134392 2.3956123	
4.66330159517235	-50.5	920.625	2216		85	920.625	155134603 2.6067625	
3.03114603686203	-58.5	920.625	2215		86	920.625	155134607 2.6103259	
4.58967051735384	-50.5	920.625	2216		87	920.625	155134610 2.6136899	
2.95137903589197	-58.5	920.625	2215		88	920.625	155134614 2.6174656	
2.99433049795277	-58.5	920.625	2215		89	920.625	155134615 2.6183609	
4.65716567202081	-50.5	920.625	2216		90	920.625	155134617 2.6198219	
4.65716567202081	-50.5	920.625	2216		91	920.625	155134619 2.6223736	
3.0127382674074	-58.5	920.625	2215		92	920.625	155134620 2.6236407	
2.98205865164969	-58.5	920.625	2215		93	920.625	155134622 2.6248442	
4.63262197941464	-50.5	920.625	2216		94	920.625	155134623 2.6259054	
3.04955380631665	-58.5	920.625	2215		95	920.625	155134850 2.853027	
4.65102974886926	-50.5	920.625	2216		96	920.625	155134852 2.8552857	
4.62035013311155	-50.5	920.625	2216		97	920.625	155134853 2.8564168	
3.04341788316511	-58.5	920.625	2215		98	920.625	155134854 2.8571961	
3.08023342207437	-58.5	920.625	2215		99	920.625	155134855 2.8582109	
4.5835345942023	-50.5	920.625	2216		100	920.625	155134856 2.8594133	
4.61421420996001	-50.5	920.625	2216		101	920.625	155134858 2.8609846	
3.00660234425586	-58.5	920.625	2215		102	920.625	155134859 2.8625281	
4.65716567202081	-50.5	920.625	2216		103	920.625	155134861 2.86385	
3.07409749892282	-58.5	920.625	2215		104	920.625	155134862 2.8654183	
4.63262197941464	-50.5	920.625	2216		105	920.625	155134863 2.8659593	
3.098641191529	-58.5	920.625	2215		106	920.625	155134865 2.8678169	
3.03114603686203	-58.5	920.625	2215		107	920.625	155135099 3.1032347	
4.63262197941464	-50.5	920.625	2216		108	920.625	155135102 3.1061169	
3.01887419055894	-58.5	920.625	2215		109	920.625	155135105 3.1083113	
4.65716567202081	-50.5	920.625	2216		110	920.625	155135105 3.109012	
4.66330159517235	-50.5	920.625	2216		111	920.625	155135106 3.1098709	
3.03114603686203	-58.5	920.625	2215		112	920.625	155135108 3.1114347	
4.60807828680847	-50.5	920.625	2216		113	920.625	155135110 3.1130514	
3.01887419055894	-58.5	920.625	2215		114	920.625	155135111 3.1149839	
3.06182565261974	-58.5	920.625	2215		115	920.625	155135116 3.119653	
4.64489382571772	-50.5	920.625	2216		116	920.625	155135118 3.1213319	
3.06182565261974	-58.5	920.625	2215		117	920.625	155135350 3.3534026	
4.66330159517235	-50.5	920.625	2216		118	920.625	155135360 3.3633633	
3.13545673043825	-58	920.625	2215		119	920.625	155135367 3.3704529	
4.62035013311155	-50.5	920.625	2216		120	920.625	155135371 3.373751	
3.11091303783208	-58.5	920.625	2215		121	920.625	155135374 3.3768381	
4.63262197941464	-50.5	920.625	2216		122	920.625	155135376 3.3794474	
3.08023342207437	-58.5	920.625	2215		123	920.625	155135382 3.3854613	
4.64489382571772	-50.5	920.625	2216		124	920.625	155135384 3.3874791	
4.63262197941464	-50.5	920.625	2216		125	920.625	155135386 3.3894341	
3.04341788316511	-58.5	920.625	2215		126	920.625	155135388 3.3911639	
3.03114603686203	-58.5	920.625	2215		127	920.625	155135390 3.3927929	
4.62035013311155	-50.5	920.625	2216		128	920.625	155135391 3.3944114	
3.04955380631665	-58.5	920.625	2215		129	920.625	155135600 3.6032273	
4.63262197941464	-50.5	920.625	2216		130	920.625	155135608 3.611366	
4.57739867105075	-50.5	920.625	2216		131	920.625	155135616 3.6191595	
3.07409749892282	-58	920.625	2215		132	920.625	155135620 3.6237567	
4.60194236365692	-50.5	920.625	2216		133	920.625	155135628 3.631179	
3.08636934522591	-58.5	920.625	2215		134	920.625	155135632 3.6354563	
3.0556897294682	-58	920.625	2215		135	920.625	155135635 3.6386359	
4.64489382571772	-50.5	920.625	2216		136	920.625	155135639 3.6428979	
4.65102974886926	-50.5	920.625	2216		137	920.625	155135644 3.6478197	
3.06182565261974	-58.5	920.625	2215		138	920.625	155135648 3.6517316	
3.08023342207437	-58.5	920.625	2215		139	920.625	155135850 3.8533254	
4.63875790256618	-50.5	920.625	2216		140	920.625	155135859 3.8626796	
3.08636934522591	-58.5	920.625	2215		141	920.625	155135868 3.8710219	
4.66330159517235	-50.5	920.625	2216		142	920.625	155135871 3.8740326	
3.08636934522591	-58.5	920.625	2215		143	920.625	155135877 3.8801551	
4.68784528777852	-50.5	920.625	2216		144	920.625	155135880 3.883727	
3.098641191529	-58.5	920.625	2215		145	920.625	155135883 3.8858689	
4.66330159517235	-50.5	920.625	2216		146	920.625	155135884 3.8877473	
3.09250526837745	-58.5	920.625	2215		147	920.625	155135886 3.8895501	
4.62035013311155	-50.5	920.625	2216		148	920.625	155135890 3.8933259	
3.098641191529	-58.5	920.625	2215		149	920.625	155135892 3.8951025	
4.68784528777852	-50.5	920.625	2216		150	920.625	155135893 3.8967169	
4.66943751832389	-50.5	920.625	2216		151	920.625	155136110 4.1132401	
3.09250526837745	-58.5	920.625	2215		152	920.625	155136115 4.1185344	
4.60194236365692	-50.5	920.625	2216		153	920.625	155136119 4.1217835	
3.04955380631665	-58.5	920.625	2215		154	920.625	155136122 4.124857	
4.61421420996001	-50.5	920.625	2216		155	920.625	155136127 4.1296828	
3.00046642110431	-58.5	920.625	2215		156	920.625	155136128 4.1315893	
3.098641191529	-58.5	920.625	2215		157	920.625	155136131 4.133831	
4.65716567202081	-50.5	920.625	2216		158	920.625	155136133 4.1358908	
3.0127382674074	-58.5	920.625	2215		159	920.625	155136135 4.1376681	
4.68170936462698	-50.5	920.625	2216		160	920.625	155136136 4.1387702	
4.67557344147543	-50.5	920.625	2216		161	920.625	155136137 4.1402813	
3.00660234425586	-58.5	920.625	2215		162	920.625	155136138 4.1415828	
3.00046642110431	-58.5	920.625	2215		163	920.625	155136350 4.3535727	
4.66330159517235	-50.5	920.625	2216		164	920.625	155136359 4.3618665	
3.06796157577128	-58.5	920.625	2215		165	920.625	155136367 4.3704822	
4.63262197941464	-50.5	920.625	2216		166	920.625	155136372 4.3748669	
4.66943751832389	-50.5	920.625	2216		167	920.625	155136378 4.3810009	
3.00046642110431	-58.5	920.625	2215		168	920.625	155136383 4.3856734	
4.62648605626309	-50.5	920.625	2216		169	920.625	155136384 4.388245	
3.01887419055894	-58.5	920.625	2215		170	920.625	155136387 4.3907697	
3.02501011371048	-59	920.625	2215		171	920.625	155136600 4.603345	
4.68170936462698	-50.5	920.625	2216		172	920.625	155136612 4.6148151	
4.61421420996001	-50.5	920.625	2216		173	920.625	155136621 4.624168	
3.0556897294682	-58.5	920.625	2215		174	920.625	155136627 4.6300567	
4.60194236365692	-50.5	920.625	2216		175	920.625	155136632 4.6349387	
3.11091303783208	-58.5	920.625	2215		176	920.625	155136634 4.6374913	
4.66943751832389	-50.5	920.625	2216		177	920.625	155136636 4.6398522	
3.09250526837745	-58.5	920.625	2215		178	920.625	155136638 4.6419203	
4.63262197941464	-50.5	920.625	2216		179	920.625	155136643 4.6466214	
3.08023342207437	-58.5	920.625	2215		180	920.625	155136646 4.650072	
3.04341788316511	-58.5	920.625	2215		181	920.625	155136647 4.6509559	
4.60194236365692	-50.5	920.625	2216		182	920.625	155136648 4.6521458	
3.04955380631665	-58.5	920.625	2215		183	920.625	155136851 4.8539457	
4.66943751832389	-50.5	920.625	2216		184	920.625	155136857 4.8605674	
2.97592272849814	-58.5	920.625	2215		185	920.625	155136862 4.8655906	
4.67557344147543	-50.5	920.625	2216		186	920.625	155136870 4.8728532	
4.63875790256618	-50.5	920.625	2216		187	920.625	155136881 4.8839917	
3.00660234425586	-58.5	920.625	2215		188	920.625	155136884 4.8872876	
3.08023342207437	-58.5	920.625	2215		189	920.625	155136886 4.8896037	
4.63262197941464	-50.5	920.625	2216		190	920.625	155136891 4.8950043	
4.62035013311155	-50.5	920.625	2216		191	920.625	155136895 4.8990793	
3.08023342207437	-58.5	920.625	2215		192	920.625	155136898 4.901579	
3.03728196001357	-58.5	920.625	2215		193	920.625	155136900 4.9039572	
4.68170936462698	-50.5	920.625	2216		194	920.625	155136902 4.905797	
4.68170936462698	-50.5	920.625	2216		195	920.625	155137100 5.1030527	
3.08023342207437	-58.5	920.625	2215		196	920.625	155137109 5.1116909	
3.12318488413517	-58	920.625	2215		197	920.625	155137115 5.1184488	
4.61421420996001	-50.5	920.625	2216		198	920.625	155137119 5.1222585	
3.09250526837745	-58.5	920.625	2215		199	920.625	155137122 5.1246509	
4.64489382571772	-50.5	920.625	2216		200	920.625	155137126 5.1290395	
3.09250526837745	-58.5	920.625	2215		201	920.625	155137128 5.1309265	
4.65102974886926	-50.5	920.625	2216		202	920.625	155137130 5.1333172	
4.64489382571772	-50.5	920.625	2216		203	920.625	155137131 5.1350466	
3.11091303783208	-58	920.625	2215		204	920.625	155137133 5.1368253	
4.66330159517235	-50.5	920.625	2216		205	920.625	155137350 5.3531923	
3.13545673043825	-58.5	920.625	2215		206	920.625	155137355 5.3580602	
4.65102974886926	-50.5	920.625	2216		207	920.625	155137359 5.3625758	
3.04341788316511	-58.5	920.625	2215		208	920.625	155137365 5.3677053	
4.65102974886926	-50.5	920.625	2216		209	920.625	155137369 5.37185	
3.11704896098362	-58	920.625	2215		210	920.625	155137377 5.3803013	
4.63875790256618	-50.5	920.625	2216		211	920.625	155137380 5.3836455	
3.01887419055894	-58.5	920.625	2215		212	920.625	155137382 5.3864656	
4.65716567202081	-50.5	920.625	2216		213	920.625	155137385 5.3890066	
3.04955380631665	-58.5	920.625	2215		214	920.625	155137391 5.393733	
4.60807828680847	-50.5	920.625	2216		215	920.625	155137600 5.6034721	
3.03728196001357	-58.5	920.625	2215		216	920.625	155137608 5.611703	
4.59580644050538	-50.5	920.625	2216		217	920.625	155137617 5.620537	
3.06182565261974	-58.5	920.625	2215		218	920.625	155137628 5.6315026	
4.60194236365692	-50.5	920.625	2216		219	920.625	155137633 5.6363951	
3.09250526837745	-58.5	920.625	2215		220	920.625	155137635 5.6389661	
3.06796157577128	-58.5	920.625	2215		221	920.625	155137639 5.6427691	
4.65716567202081	-50.5	920.625	2216		222	920.625	155137642 5.6450399	
4.64489382571772	-50.5	920.625	2216		223	920.625	155137644 5.6471026	
3.00660234425586	-58.5	920.625	2215		224	920.625	155137645 5.6484622	
3.03114603686203	-58.5	920.625	2215		225	920.625	155137647 5.6502202	
4.57739867105075	-50.5	920.625	2216		226	920.625	155137648 5.6517024	
4.63875790256618	-50.5	920.625	2216		227	920.625	155137850 5.8533453	
3.04341788316511	-58.5	920.625	2215		228	920.625	155137859 5.8617979	
4.63262197941464	-50.5	920.625	2216		229	920.625	155137868 5.8706931	
3.06796157577128	-58	920.625	2215		230	920.625	155137879 5.8817866	
3.04341788316511	-58.5	920.625	2215		231	920.625	155137883 5.8872537	
4.61421420996001	-50.5	920.625	2216		232	920.625	155137886 5.8903987	
4.65716567202081	-50.5	920.625	2216		233	920.625	155137892 5.8963297	
3.06182565261974	-58.5	920.625	2215		234	920.625	155137895 5.8987316	
3.04341788316511	-58.5	920.625	2215		235	920.625	155137897 5.9011086	
4.62648605626309	-50.5	920.625	2216		236	920.625	155137899 5.9024894	
4.65102974886926	-50	920.625	2216		237	920.625	155138100 6.1032873	
3.06182565261974	-58.5	920.625	2215		238	920.625	155138109 6.1121158	
4.60194236365692	-50.5	920.625	2216		239	920.625	155138120 6.1232517	
3.098641191529	-58.5	920.625	2215		240	920.625	155138130 6.1330541	
3.03114603686203	-58.5	920.625	2215		241	920.625	155138133 6.1365697	
4.65102974886926	-50.5	920.625	2216		242	920.625	155138137 6.1397618	
1.5493205957645	-50.5	920.625	2216		243	920.625	155138138 6.1410836	
6.25250569142187	-59	920.625	2215		244	920.625	155138140 6.143103	
4.63875790256618	-50	920.625	2216		245	920.625	155138145 6.1484776	
3.03114603686203	-58.5	920.625	2215		246	920.625	155138146 6.1501867	
3.11091303783208	-58.5	920.625	2215		247	920.625	155138350 6.3529916	
4.60807828680847	-50.5	920.625	2216		248	920.625	155138353 6.3564975	
4.68170936462698	-50.5	920.625	2216		249	920.625	155138356 6.3591094	
3.04341788316511	-58.5	920.625	2215		250	920.625	155138358 6.3616026	
3.08636934522591	-58.5	920.625	2215		251	920.625	155138363 6.3659699	
4.63875790256618	-50.5	920.625	2216		252	920.625	155138365 6.3679429	
3.08636934522591	-59	920.625	2215		253	920.625	155138367 6.3697845	
4.60807828680847	-50.5	920.625	2216		254	920.625	155138368 6.3714986	
3.04341788316511	-58.5	920.625	2215		255	920.625	155138370 6.3729401	
4.66330159517235	-50.5	920.625	2216		256	920.625	155138371 6.3738099	
3.09250526837745	-58.5	920.625	2215		257	920.625	155138600 6.603267	
4.63875790256618	-50.5	920.625	2216		258	920.625	155138608 6.6114657	
3.22135965455985	-58.5	920.625	2215		259	920.625	155138617 6.6203043	
4.67557344147543	-50.5	920.625	2216		260	920.625	155138624 6.6267092	
3.04341788316511	-59	920.625	2215		261	920.625	155138632 6.6351779	
4.66943751832389	-50.5	920.625	2216		262	920.625	155138635 6.6382454	
3.08636934522591	-59	920.625	2215		263	920.625	155138638 6.6412873	
4.64489382571772	-50.5	920.625	2216		264	920.625	155138643 6.6461276	
4.66330159517235	-50.5	920.625	2216		265	920.625	155138647 6.6496611	
3.00046642110431	-59	920.625	2215		266	920.625	155138649 6.651823	
2.99433049795277	-59	920.625	2215		267	920.625	155138650 6.6538784	
4.65716567202081	-50.5	920.625	2216		268	920.625	155138652 6.6559455	
4.61421420996001	-50.5	920.625	2216		269	920.625	155138840 6.853254	
3.04955380631665	-59	920.625	2215		270	920.625	155138858 6.8615867	
3.04341788316511	-59	920.625	2215		271	920.625	155138866 6.8691803	
4.66330159517235	-50.5	920.625	2216		272	920.625	155138873 6.8769946	
4.64489382571772	-50.5	920.625	2216		273	920.625	155138877 6.8811942	
2.94524311274043	-58.5	920.625	2215		274	920.625	155138880 6.8837438	
4.63262197941464	-50.5	920.625	2216		275	920.625	155138882 6.8862069	
2.87161203492192	-58.5	920.625	2215		276	920.625	155138887 6.890945	
2.9268353432858	-59	920.625	2215		277	920.625	155138890 6.8932019	
4.69398121093006	-50.5	920.625	2216		278	920.625	155138892 6.8953044	
6.2279619988157	-59	920.625	2215		279	920.625	155139093 7.1032036	
1.5493205957645	-50.5	920.625	2216		280	920.625	155139108 7.111639	
4.62035013311155	-50.5	920.625	2216		281	920.625	155139119 7.1220677	
3.02501011371048	-58.5	920.625	2215		282	920.625	155139125 7.1284705	
6.2064862677853	-59	920.625	2215		283	920.625	155139131 7.1347195	
1.51864098000678	-50.5	920.625	2216		284	920.625	155139139 7.1431125	
4.60807828680847	-50.5	920.625	2216		285	920.625	155139144 7.1476338	
2.98205865164969	-59	920.625	2215		286	920.625	155139148 7.1517106	
2.96365088219506	-59	920.625	2215		287	920.625	155139151 7.1545047	
4.68170936462698	-50.5	920.625	2216		288	920.625	155139154 7.1573383	
2.98819457480123	-58.5	920.625	2215		289	920.625	155139349 7.3528836	
4.68170936462698	-50.5	920.625	2216		290	920.625	155139363 7.3660045	
1.5922720578253	-50.5	920.625	2216		291	920.625	155139374 7.3768304	
6.22182607566416	-59	920.625	2215		292	920.625	155139379 7.3823577	
4.68170936462698	-50.5	920.625	2216		293	920.625	155139383 7.3857725	
2.96365088219506	-58.5	920.625	2215		294	920.625	155139385 7.3883478	
2.97592272849814	-58.5	920.625	2215		295	920.625	155139387 7.3905498	
4.63875790256618	-50.5	920.625	2216		296	920.625	155139390 7.392689	
4.7001171340816	-50.5	920.625	2216		297	920.625	155139392 7.3948379	
2.97592272849814	-59	920.625	2215		298	920.625	155139397 7.3996848	
6.24330180669456	-59	920.625	2215		299	920.625	155139599 7.6026177	
1.61067982727992	-51	920.625	2216		300	920.625	155139605 7.6077661	
4.73079674983932	-50.5	920.625	2216		301	920.625	155139608 7.6115096	
2.98205865164969	-59	920.625	2215		302	920.625	155139611 7.6146662	
2.96365088219506	-59	920.625	2215		303	920.625	155139618 7.6213527	
4.67557344147543	-51	920.625	2216		304	920.625	155139621 7.6243	
2.89001980437655	-58.5	920.625	2215		305	920.625	155139624 7.6272525	
4.76147636559703	-51	920.625	2216		306	920.625	155139626 7.6301945	
3.00046642110431	-59	920.625	2215		307	920.625	155139632 7.635097	
4.70625305723315	-51	920.625	2216		308	920.625	155139634 7.637204	
2.96365088219506	-59	920.625	2215		309	920.625	155139850 7.8531402	
4.70625305723315	-51	920.625	2216		310	920.625	155139858 7.8613561	
6.17887461360336	-59	920.625	2215		311	920.625	155139865 7.868255	
1.61988371200724	-51	920.625	2216		312	920.625	155139875 7.8784878	
4.74920451929395	-51	920.625	2216		313	920.625	155139880 7.8828086	
3.02501011371048	-58.5	920.625	2215		314	920.625	155139882 7.8859996	
1.63829148146186	-51	920.625	2216		315	920.625	155139886 7.8891084	
6.19421442148222	-59	920.625	2215		316	920.625	155139889 7.8922163	
4.69398121093006	-51	920.625	2216		317	920.625	155139896 7.8986998	
3.00660234425586	-58.5	920.625	2215		318	920.625	155139898 7.9012739	
3.02501011371048	-58.5	920.625	2215		319	920.625	155140100 8.1028938	
4.65102974886926	-51	920.625	2216		320	920.625	155140108 8.1111762	
3.03114603686203	-58	920.625	2215		321	920.625	155140115 8.1184487	
4.68784528777852	-51	920.625	2216		322	920.625	155140127 8.130867	
6.21262219093685	-59	920.625	2215		323	920.625	155140131 8.1346327	
1.5922720578253	-51	920.625	2216		324	920.625	155140136 8.1396376	
4.66943751832389	-50.5	920.625	2216		325	920.625	155140139 8.1424447	
3.03114603686203	-59	920.625	2215		326	920.625	155140141 8.1447727	
6.17273869045182	-59	920.625	2215		327	920.625	155140144 8.147269	
1.56159244206758	-51	920.625	2216		328	920.625	155140146 8.1493612	
4.7001171340816	-51	920.625	2216		329	920.625	155140349 8.3522635	
2.96365088219506	-58	920.625	2215		330	920.625	155140351 8.3545453	
6.19421442148222	-59	920.625	2215		331	920.625	155140353 8.3562724	
1.63215555831032	-51	920.625	2216		332	920.625	155140355 8.3584174	
4.7001171340816	-50.5	920.625	2216		333	920.625	155140357 8.360169	
2.88388388122501	-58.5	920.625	2215		334	920.625	155140359 8.3619095	
3.02501011371048	-58.5	920.625	2215		335	920.625	155140361 8.3637853	
4.71238898038469	-51	920.625	2216		336	920.625	155140362 8.3654563	
2.9268353432858	-58.5	920.625	2215		337	920.625	155140364 8.3669649	
4.7430685961424	-50.5	920.625	2216		338	920.625	155140365 8.3684474	
2.96365088219506	-59	920.625	2215		339	920.625	155140597 8.6032223	
4.74920451929395	-50.5	920.625	2216		340	920.625	155140611 8.6141427	
2.90229165067963	-58.5	920.625	2215		341	920.625	155140622 8.6254019	
4.73079674983932	-50.5	920.625	2216		342	920.625	155140629 8.6328468	
2.9268353432858	-59	920.625	2215		343	920.625	155140635 8.6393283	
4.71852490353623	-50.5	920.625	2216		344	920.625	155140640 8.6435751	
4.72466082668778	-50.5	920.625	2216		345	920.625	155140643 8.6464611	
2.9697868053466	-58.5	920.625	2215		346	920.625	155140645 8.6486526	
2.89001980437655	-59	920.625	2215		347	920.625	155140649 8.6525189	
4.66330159517235	-50.5	920.625	2216		348	920.625	155140650 8.6537112	
2.86547611177038	-58.5	920.625	2215		349	920.625	155140651 8.6551558	
4.63875790256618	-50.5	920.625	2216		350	920.625	155140653 8.65665	
1.50023321055216	-50.5	920.625	2216		351	920.625	155140860 8.8628461	
6.19421442148222	-59	920.625	2215		352	920.625	155140863 8.8669844	
4.62648605626309	-50.5	920.625	2216		353	920.625	155140866 8.8701683	
2.84093241916421	-59	920.625	2215		354	920.625	155140869 8.8733727	
1.49716524897639	-50.5	920.625	2216		355	920.625	155140876 8.8797616	
6.22489403723993	-59	920.625	2215		356	920.625	155140879 8.8831855	
3.04341788316511	-59	920.625	2215		357	920.625	155140882 8.8862982	
4.66943751832389	-50.5	920.625	2216		358	920.625	155140885 8.8889821	
1.48182544109753	-51	920.625	2216		359	920.625	155140891 8.8941671	
0.0122718463030851	-58.5	920.625	2215		360	920.625	155140893 8.8971984	
4.60194236365692	-50.5	920.625	2216		361	920.625	155141095 9.1029203	
3.14772857674134	-58.5	920.625	2215		362	920.625	155141110 9.1128446	
0.0153398078788564	-58.5	920.625	2215		363	920.625	155141115 9.1183818	
1.49716524897639	-51	920.625	2216		364	920.625	155141122 9.1249989	
4.60194236365692	-50.5	920.625	2216		365	920.625	155141125 9.1287343	
3.17227226934751	-58.5	920.625	2215		366	920.625	155141128 9.1320577	
1.50330117212793	-51	920.625	2216		367	920.625	155141131 9.1345904	
0.0153398078788564	-58.5	920.625	2215		368	920.625	155141133 9.1370862	
3.08023342207437	-58	920.625	2215		369	920.625	155141138 9.1427495	
4.5835345942023	-50.5	920.625	2216		370	920.625	155141142 9.1452534	
1.45421378691559	-51	920.625	2216		371	920.625	155141359 9.3622375	
0.00306796157577128	-58	920.625	2215		372	920.625	155141362 9.3652105	
4.55899090159613	-50.5	920.625	2216		373	920.625	155141364 9.3670726	
3.07409749892282	-58	920.625	2215		374	920.625	155141365 9.3689236	
4.56512682474767	-50.5	920.625	2216		375	920.625	155141367 9.3707355	
3.06796157577128	-58	920.625	2215		376	920.625	155141369 9.3721815	
4.53444720898996	-50.5	920.625	2216		377	920.625	155141373 9.3760038	
3.098641191529	-58	920.625	2215		378	920.625	155141375 9.3783303	
3.14159265358979	-58	920.625	2215		379	920.625	155141377 9.3802135	
4.56512682474767	-51	920.625	2216		380	920.625	155141379 9.381687	
3.16000042304442	-58	920.625	2215		381	920.625	155141380 9.3829875	
4.55285497844458	-51	920.625	2216		382	920.625	155141381 9.3842169	
3.09250526837745	-58	920.625	2215		383	920.625	155141599 9.6028656	
4.5405831321415	-50.5	920.625	2216		384	920.625	155141609 9.6131595	
3.17227226934751	-58	920.625	2215		385	920.625	155141616 9.6195261	
4.5835345942023	-50.5	920.625	2216		386	920.625	155141627 9.6305363	
4.59580644050538	-51	920.625	2216		387	920.625	155141633 9.6362069	
3.12318488413517	-58	920.625	2215		388	920.625	155141637 9.6402409	
4.62648605626309	-50.5	920.625	2216		389	920.625	155141640 9.6433744	
3.16000042304442	-58	920.625	2215		390	920.625	155141643 9.646788	
4.62035013311155	-50.5	920.625	2216		391	920.625	155141650 9.6533897	
3.14159265358979	-58.5	920.625	2215		392	920.625	155141652 9.6559866	
4.59580644050538	-50.5	920.625	2216		393	920.625	155141843 9.8528584	
3.17227226934751	-58.5	920.625	2215		394	920.625	155141858 9.8616098	
4.57126274789921	-50.5	920.625	2216		395	920.625	155141871 9.8748254	
3.06796157577128	-58	920.625	2215		396	920.625	155141878 9.8811629	
3.04955380631665	-58.5	920.625	2215		397	920.625	155141882 9.8852284	
4.61421420996001	-50.5	920.625	2216		398	920.625	155141886 9.8891686	
4.54671905529304	-50.5	920.625	2216		399	920.625	155141890 9.8934122	
3.0556897294682	-58.5	920.625	2215		400	920.625	155141893 9.8959314	
3.04341788316511	-58	920.625	2215		401	920.625	155141895 9.897799	
4.55899090159613	-50.5	920.625	2216		402	920.625	155141896 9.8996017	
6.2709134608765	-58.5	920.625	2215		403	920.625	155141898 9.9012555	
1.4634176716429	-51	920.625	2216		404	920.625	155141900 9.9029096	
4.62648605626309	-50.5	920.625	2216		405	920.625	155142100 10.1028927	
3.06796157577128	-58	920.625	2215		406	920.625	155142108 10.1111913	
4.60194236365692	-50.5	920.625	2216		407	920.625	155142111 10.1140179	
2.97592272849814	-58.5	920.625	2215		408	920.625	155142114 10.1173164	
3.03728196001357	-58.5	920.625	2215		409	920.625	155142117 10.1204055	
4.58967051735384	-50.5	920.625	2216		410	920.625	155142119 10.1225658	
3.03728196001357	-58.5	920.625	2215		411	920.625	155142121 10.1246685	
4.57739867105075	-50.5	920.625	2216		412	920.625	155142123 10.126572	
4.59580644050538	-50.5	920.625	2216		413	920.625	155142125 10.1283835	
3.00046642110431	-58	920.625	2215		414	920.625	155142127 10.1298678	
4.60194236365692	-50.5	920.625	2216		415	920.625	155142355 10.362517	
3.12932080728671	-58.5	920.625	2215		416	920.625	155142365 10.3677895	
4.60194236365692	-50.5	920.625	2216		417	920.625	155142369 10.372575	
3.08023342207437	-58.5	920.625	2215		418	920.625	155142374 10.3772799	
1.45728174849136	-51	920.625	2216		419	920.625	155142382 10.3859649	
6.24330180669456	-58.5	920.625	2215		420	920.625	155142387 10.390628	
3.01887419055894	-58	920.625	2215		421	920.625	155142391 10.3954073	
4.61421420996001	-50.5	920.625	2216		422	920.625	155142399 10.4027576	
6.2494377298461	-58.5	920.625	2215		423	920.625	155142402 10.4061683	
1.4848934026733	-51	920.625	2216		424	920.625	155142406 10.4094354	
3.08636934522591	-58	920.625	2215		425	920.625	155142596 10.6025999	
4.5835345942023	-50.5	920.625	2216		426	920.625	155142609 10.6122909	
6.26170957614919	-58.5	920.625	2215		427	920.625	155142615 10.6186313	
1.47875747952176	-51	920.625	2216		428	920.625	155142626 10.6288237	
4.60807828680847	-50.5	920.625	2216		429	920.625	155142631 10.6344865	
2.97592272849814	-58.5	920.625	2215		430	920.625	155142634 10.6383233	
6.25557365299764	-58.5	920.625	2215		431	920.625	155142641 10.6448222	
1.44500990218827	-51	920.625	2216		432	920.625	155142644 10.6481255	
3.06182565261974	-58	920.625	2215		433	920.625	155142646 10.6502242	
4.59580644050538	-50.5	920.625	2216		434	920.625	155142648 10.6523084	
2.98819457480123	-58	920.625	2215		435	920.625	155142849 10.8527438	
4.55899090159613	-50.5	920.625	2216		436	920.625	155142859 10.8629743	
3.08023342207437	-58	920.625	2215		437	920.625	155142866 10.8693286	
4.57126274789921	-50.5	920.625	2216		438	920.625	155142877 10.8806401	
2.98205865164969	-58	920.625	2215		439	920.625	155142881 10.884779	
4.58967051735384	-50.5	920.625	2216		440	920.625	155142884 10.8881399	
4.60807828680847	-50.5	920.625	2216		441	920.625	155142888 10.891088	
2.98819457480123	-58	920.625	2215		442	920.625	155142890 10.8931467	
4.56512682474767	-50.5	920.625	2216		443	920.625	155142892 10.896023	
2.98205865164969	-58	920.625	2215		444	920.625	155142897 10.9013221	
2.99433049795277	-58	920.625	2215		445	920.625	155142900 10.9035533	
4.59580644050538	-50.5	920.625	2216		446	920.625	155142902 10.9056174	
1.5063691337037	-50.5	920.625	2216		447	920.625	155142934 10.9410974	
6.2279619988157	-58.5	920.625	2215		448	920.625	155142940 10.9437301	
