6.2709134608765	-64	920.625	2215	0000	0	920.625	085915716 0.733009419136865	
1.25479628449045	-62	920.625	2216	0000	1	920.625	085915719 0.734704380468789	
1.2394564766116	-61	920.625	2216	0000	2	920.625	085915719 0.735023436455752	
6.06229207372405	-63	920.625	2215	0000	3	920.625	085915719 0.735305867080898	
1.23025259188428	-62	920.625	2216	0000	4	920.625	085915720 0.735583766733448	
0	-64.5	920.625	2215	0000	5	920.625	085915720 0.735812580849542	
6.16046684414874	-63	920.625	2215	0000	6	920.625	085915721 0.736551884544777	
1.21491278400543	-61.5	920.625	2216	0000	7	920.625	085915723 0.739198350121845	
1.2824079386724	-62.5	920.625	2216	0000	8	920.625	085915727 0.74264906333469	
0.0337475773334841	-64.5	920.625	2215	0000	9	920.625	085915730 0.746450549342669	
1.27627201552085	-61.5	920.625	2216	0000	10	920.625	085915922 0.937097640193956	
6.18501053675491	-63	920.625	2215	0000	11	920.625	085915926 0.941394890120139	
1.20264093770234	-62	920.625	2216	0000	12	920.625	085915927 0.942643928232415	
0.0398835004850267	-64	920.625	2215	0000	13	920.625	085915929 0.944998523658096	
6.27704938402804	-63	920.625	2215	0000	14	920.625	085915932 0.947097119132107	
1.24559239976314	-61	920.625	2216	0000	15	920.625	085915937 0.952159348264902	
0.0276116541819415	-64	920.625	2215	0000	16	920.625	085915938 0.954004209273542	
1.25172832291468	-62.5	920.625	2216	0000	17	920.625	085915943 0.958554816084047	
6.15433092099719	-63.5	920.625	2215	0000	18	920.625	085915957 0.972250435917322	
1.27627201552085	-61.5	920.625	2216	0000	19	920.625	085915987 1.00281222365787	
1.29161182339971	-62.5	920.625	2216	0000	20	920.625	085916178 1.19399170378918	
0.0552233083638831	-64.5	920.625	2215	0000	21	920.625	085916188 1.20429211482391	
6.15433092099719	-63	920.625	2215	0000	22	920.625	085916197 1.21343939333298	
1.54625263418873	-61.5	920.625	2216	0000	23	920.625	085916207 1.22324026463901	
1.29467978497548	-62.5	920.625	2216	0000	24	920.625	085916221 1.23703065731575	
0.0337475773334841	-64	920.625	2215	0000	25	920.625	085916244 1.25928830503112	
1.25786424606623	-61.5	920.625	2216	0000	26	920.625	085916304 1.31926743235069	
6.2279619988157	-64	920.625	2215	0000	27	920.625	085916316 1.33151616160167	
0.0306796157577128	-64.5	920.625	2215	0000	28	920.625	085916325 1.34077973507403	
1.260932207642	-62.5	920.625	2216	0000	29	920.625	085916330 1.3454236044038	
1.24559239976314	-62	920.625	2216	0000	30	920.625	085916421 1.43692433049216	
6.12365130523948	-63	920.625	2215	0000	31	920.625	085916527 1.54273273529529	
1.22411666873274	-62.5	920.625	2216	0000	32	920.625	085916535 1.55091642696563	
0.0184077694546277	-64	920.625	2215	0000	33	920.625	085916559 1.57512692386984	
1.30081570812702	-61	920.625	2216	0000	34	920.625	085916580 1.59618914998199	
5.99479691905709	-63	920.625	2215	0000	35	920.625	085916603 1.61948439042183	
0.0398835004850267	-64	920.625	2215	0000	36	920.625	085916607 1.6230676345831	
1.25172832291468	-62	920.625	2216	0000	37	920.625	085916609 1.62553248367528	
1.28854386182394	-61.5	920.625	2216	0000	38	920.625	085916615 1.63138838817446	
6.14819499784565	-63.5	920.625	2215	0000	39	920.625	085916620 1.63550515435891	
0.042951462060798	-64	920.625	2215	0000	40	920.625	085916672 1.68768987607035	
1.22411666873274	-62.5	920.625	2216	0000	41	920.625	085916675 1.69084985187495	
1.1965050145508	-61	920.625	2216	0000	42	920.625	085916677 1.69255463031417	
6.11137945893639	-63.5	920.625	2215	0000	43	920.625	085916679 1.69494094254802	
6.22489403723993	-64	920.625	2215	0000	44	920.625	085916681 1.69638896587347	
1.2394564766116	-62.5	920.625	2216	0000	45	920.625	085916682 1.69787550246598	
6.04388430426943	-63.5	920.625	2215	0000	46	920.625	085916687 1.70237626857793	
1.24559239976314	-61.5	920.625	2216	0000	47	920.625	085916689 1.70413655143145	
0.0460194236365692	-64	920.625	2215	0000	48	920.625	085916691 1.70667691673356	
1.27933997709662	-62.5	920.625	2216	0000	49	920.625	085916693 1.70845381315326	
6.22182607566416	-64	920.625	2215	0000	50	920.625	085916911 1.92700489873654	
1.27013609236931	-61.5	920.625	2216	0000	51	920.625	085916914 1.93003083326852	
1.260932207642	-62.5	920.625	2216	0000	52	920.625	085916916 1.93208638450287	
0.0368155389092554	-64	920.625	2215	0000	53	920.625	085916918 1.9338832927182	
1.36831086279399	-61	920.625	2216	0000	54	920.625	085916920 1.93584444869013	
6.24636976827033	-63.5	920.625	2215	0000	55	920.625	085916926 1.94251857132393	
1.23638851503583	-62.5	920.625	2216	0000	56	920.625	085916929 1.94516012834735	
0	-64.5	920.625	2215	0000	57	920.625	085916932 1.948601779615	
1.22718463030851	-62	920.625	2216	0000	58	920.625	085916937 1.9533819557037	
0.0184077694546277	-63	920.625	2215	0000	59	920.625	085916941 1.95691913497692	
6.25557365299764	-64.5	920.625	2215	0000	60	920.625	085917180 2.19639878298076	
1.16275743721732	-62	920.625	2216	0000	61	920.625	085917185 2.20095090011546	
1.18423316824771	-61	920.625	2216	0000	62	920.625	085917186 2.20214820962394	
6.11751538208794	-63.5	920.625	2215	0000	63	920.625	085917190 2.20625025014745	
0.0306796157577128	-64	920.625	2215	0000	64	920.625	085917195 2.21155073292258	
1.21184482242966	-62.5	920.625	2216	0000	65	920.625	085917197 2.21339408360702	
1.24559239976314	-61.5	920.625	2216	0000	66	920.625	085917198 2.21438183563293	
6.25864161457342	-63	920.625	2215	0000	67	920.625	085917200 2.21617572319986	
1.27320405394508	-62.5	920.625	2216	0000	68	920.625	085917201 2.21742627163634	
0.0276116541819415	-64.5	920.625	2215	0000	69	920.625	085917203 2.21970535085209	
6.13592315154256	-63.5	920.625	2215	0000	70	920.625	085917420 2.43634776422933	
1.2394564766116	-61	920.625	2216	0000	71	920.625	085917423 2.43885490239907	
1.27933997709662	-62.5	920.625	2216	0000	72	920.625	085917424 2.44050681949134	
0.0490873852123405	-64	920.625	2215	0000	73	920.625	085917426 2.44178606408759	
0	-62	920.625	2215	0000	74	920.625	085917428 2.44402889552257	
1.25172832291468	-61.5	920.625	2216	0000	75	920.625	085917429 2.44515106640216	
1.25172832291468	-61	920.625	2216	0000	76	920.625	085917430 2.44606707802863	
0	-63.5	920.625	2215	0000	77	920.625	085917435 2.45153331888457	
6.08683576633022	-63	920.625	2215	0000	78	920.625	085917438 2.45414089361352	
1.29467978497548	-61	920.625	2216	0000	79	920.625	085917439 2.4553336721494	
1.27627201552085	-62	920.625	2216	0000	80	920.625	085917671 2.68642913294553	
0.0122718463030851	-64.5	920.625	2215	0000	81	920.625	085917674 2.68964348042129	
1.27627201552085	-61	920.625	2216	0000	82	920.625	085917677 2.69233563330537	
0.098174770424681	-63.5	920.625	2215	0000	83	920.625	085917678 2.69327769802427	
1.2824079386724	-62.5	920.625	2216	0000	84	920.625	085917678 2.69365829972233	
0.0337475773334841	-64.5	920.625	2215	0000	85	920.625	085917680 2.69525886579184	
6.19114645990645	-63	920.625	2215	0000	86	920.625	085917680 2.69609709572208	
1.14741762933846	-61	920.625	2216	0000	87	920.625	085917685 2.70077305944107	
1.12287393673229	-61.5	920.625	2216	0000	88	920.625	085917686 2.70183783800112	
6.15433092099719	-63.5	920.625	2215	0000	89	920.625	085917689 2.70457227996276	
1.30695163127857	-61.5	920.625	2216	0000	90	920.625	085917921 2.93629792353078	
6.19728238305799	-64	920.625	2215	0000	91	920.625	085917924 2.93947602322577	
0.00613592315154256	-63.5	920.625	2215	0000	92	920.625	085917925 2.94025459535017	
1.2394564766116	-61.5	920.625	2216	0000	93	920.625	085917926 2.94188876613309	
1.26400016921777	-61.5	920.625	2216	0000	94	920.625	085917927 2.94294939130159	
6.17887461360336	-63.5	920.625	2215	0000	95	920.625	085917929 2.94417577455089	
0.0521553467881118	-64	920.625	2215	0000	96	920.625	085917931 2.94633176234445	
1.25172832291468	-62.5	920.625	2216	0000	97	920.625	085917935 2.95059087658461	
1.27627201552085	-61	920.625	2216	0000	98	920.625	085917936 2.95163488818692	
6.23409792196725	-63	920.625	2215	0000	99	920.625	085917938 2.95386979041986	
4.39638893808025	-62.5	920.625	2216	0000	100	920.625	085918170 3.18627507987727	
0.00613592315154256	-64	920.625	2215	0000	101	920.625	085918174 3.18960572231632	
1.29467978497548	-61	920.625	2216	0000	102	920.625	085918174 3.19021173990103	
6.21569015251262	-63	920.625	2215	0000	103	920.625	085918176 3.1919656038767	
1.23638851503583	-62.5	920.625	2216	0000	104	920.625	085918179 3.19453693082489	
0.00306796157577128	-64	920.625	2215	0000	105	920.625	085918180 3.19627833462592	
1.76714586764426	-61	920.625	2216	0000	106	920.625	085918185 3.2006881037049	
6.26477753772496	-64	920.625	2215	0000	107	920.625	085918186 3.20184841027051	
0.042951462060798	-64.5	920.625	2215	0000	108	920.625	085918188 3.2041871472921	
1.29774774655125	-62.5	920.625	2216	0000	109	920.625	085918189 3.20496760732175	
6.21569015251262	-63	920.625	2215	0000	110	920.625	085918421 3.43677707388279	
1.26400016921777	-61.5	920.625	2216	0000	111	920.625	085918426 3.44220064808011	
0.0797670009700533	-64.5	920.625	2215	0000	112	920.625	085918430 3.44596513114523	
1.20570889927811	-62.5	920.625	2216	0000	113	920.625	085918436 3.45205777896254	
1.25786424606623	-61.5	920.625	2216	0000	114	920.625	085918442 3.45834790166883	
6.26477753772496	-63.5	920.625	2215	0000	115	920.625	085918448 3.46428309818844	
1.29467978497548	-62.5	920.625	2216	0000	116	920.625	085918451 3.46717272596149	
0.0306796157577128	-64.5	920.625	2215	0000	117	920.625	085918459 3.4747692790996	
6.11137945893639	-63	920.625	2215	0000	118	920.625	085918461 3.47675195719137	
1.25786424606623	-61.5	920.625	2216	0000	119	920.625	085918463 3.47895287712984	
0.0276116541819415	-64	920.625	2215	0000	120	920.625	085918670 3.68624223032595	
1.22411666873274	-62.5	920.625	2216	0000	121	920.625	085918673 3.68903633009344	
0.0245436926061703	-64	920.625	2215	0000	122	920.625	085918674 3.68961818249096	
1.21491278400543	-61.5	920.625	2216	0000	123	920.625	085918676 3.69172735023436	
1.30695163127857	-62.5	920.625	2216	0000	124	920.625	085918677 3.6934649782249	
0.0306796157577128	-64	920.625	2215	0000	125	920.625	085918680 3.696469013056	
1.28854386182394	-62.5	920.625	2216	0000	126	920.625	085918684 3.69986384427349	
0.0184077694546277	-64	920.625	2215	0000	127	920.625	085918685 3.70121369652603	
1.31001959285434	-62.5	920.625	2216	0000	128	920.625	085918688 3.70449789649597	
3.18761207722636	-64	920.625	2215	0000	129	920.625	085918689 3.70500612058881	
1.23332055346006	-61	920.625	2216	0000	130	920.625	085918911 3.92674889878487	
0.0184077694546277	-63.5	920.625	2215	0000	131	920.625	085918914 3.92960227877715	
1.2824079386724	-62.5	920.625	2216	0000	132	920.625	085918915 3.93096798943377	
0.0398835004850267	-64.5	920.625	2215	0000	133	920.625	085918918 3.93339659074519	
1.26400016921777	-62	920.625	2216	0000	134	920.625	085918921 3.93631076128646	
6.26477753772496	-64	920.625	2215	0000	135	920.625	085918926 3.94116683116614	
0	-64	920.625	2215	0000	136	920.625	085918927 3.94273681317063	
1.26706813079354	-62	920.625	2216	0000	137	920.625	085918929 3.94418747956343	
1.25786424606623	-61.5	920.625	2216	0000	138	920.625	085918930 3.94562379787633	
6.13592315154256	-63.5	920.625	2215	0000	139	920.625	085918934 3.950053956332	
1.25172832291468	-62.5	920.625	2216	0000	140	920.625	085919171 4.18610856663437	
0.042951462060798	-64.5	920.625	2215	0000	141	920.625	085919173 4.18964952171808	
6.2279619988157	-63	920.625	2215	0000	142	920.625	085919177 4.19287406388218	
1.38058270909708	-62	920.625	2216	0000	143	920.625	085919179 4.19506101332181	
0.0951068088489097	-64.5	920.625	2215	0000	144	920.625	085919185 4.20079458156091	
1.20877686085389	-62.5	920.625	2216	0000	145	920.625	085919186 4.20228678186916	
1.32535940073319	-61.5	920.625	2216	0000	146	920.625	085919188 4.20432685228048	
6.24636976827033	-63.5	920.625	2215	0000	147	920.625	085919191 4.20641978403874	
1.27013609236931	-62.5	920.625	2216	0000	148	920.625	085919199 4.2153031333941	
0.042951462060798	-64.5	920.625	2215	0000	149	920.625	085919205 4.22107748038655	
1.31308755443011	-61.5	920.625	2216	0000	150	920.625	085919421 4.43625525687216	
6.24023384511879	-63.5	920.625	2215	0000	151	920.625	085919425 4.4403795746776	
0.0490873852123405	-64	920.625	2215	0000	152	920.625	085919426 4.44159878388696	
1.27627201552085	-62.5	920.625	2216	0000	153	920.625	085919427 4.44297431165087	
6.23409792196725	-63.5	920.625	2215	0000	154	920.625	085919430 4.44554261795066	
1.2824079386724	-61	920.625	2216	0000	155	920.625	085919435 4.45051800344203	
1.27320405394508	-62	920.625	2216	0000	156	920.625	085919438 4.4537765279006	
0.0337475773334841	-64	920.625	2215	0000	157	920.625	085919439 4.45509390818286	
1.19036909139926	-61.5	920.625	2216	0000	158	920.625	085919440 4.45602389030817	
6.26477753772496	-64	920.625	2215	0000	159	920.625	085919441 4.45687760106146	
1.29467978497548	-62.5	920.625	2216	0000	160	920.625	085919670 4.68604966399062	
0.0613592315154256	-64.5	920.625	2215	0000	161	920.625	085919674 4.68963932702974	
0.0245436926061703	-63	920.625	2215	0000	162	920.625	085919676 4.69153629422324	
1.25786424606623	-62	920.625	2216	0000	163	920.625	085919678 4.6936375327646	
1.23332055346006	-62.5	920.625	2216	0000	164	920.625	085919679 4.69470495439198	
0.0245436926061703	-64	920.625	2215	0000	165	920.625	085919687 4.70269607972699	
1.16582539879309	-61.5	920.625	2216	0000	166	920.625	085919689 4.70492456308209	
6.19114645990645	-63.5	920.625	2215	0000	167	920.625	085919690 4.70550868096591	
4.41479670753488	-62.5	920.625	2216	0000	168	920.625	085919691 4.70714398449199	
0.0245436926061703	-64	920.625	2215	0000	169	920.625	085919699 4.71453853176854	
0.0613592315154256	-64	920.625	2215	0000	170	920.625	085919920 4.93610082622285	
1.33149532388474	-61	920.625	2216	0000	171	920.625	085919924 4.9396093093363	
6.25864161457342	-64.5	920.625	2215	0000	172	920.625	085919926 4.94149155086885	
1.31308755443011	-62.5	920.625	2216	0000	173	920.625	085919927 4.9428810491316	
1.18423316824771	-61.5	920.625	2216	0000	174	920.625	085919928 4.94389976280358	
0.0613592315154256	-63.5	920.625	2215	0000	175	920.625	085919933 4.94894424562704	
1.23025259188428	-62.5	920.625	2216	0000	176	920.625	085919936 4.95197357838847	
0.0306796157577128	-64	920.625	2215	0000	177	920.625	085919938 4.9543848109716	
1.27627201552085	-61.5	920.625	2216	0000	178	920.625	085919939 4.95527779015405	
0.00613592315154256	-64	920.625	2215	0000	179	920.625	085919940 4.95624590796537	
0.0460194236365692	-64	920.625	2215	0000	180	920.625	085920170 5.18595715663346	
1.24559239976314	-62	920.625	2216	0000	181	920.625	085920174 5.18993535057268	
6.18501053675491	-63.5	920.625	2215	0000	182	920.625	085920177 5.19245268343076	
1.26400016921777	-61.5	920.625	2216	0000	183	920.625	085920179 5.19479670658705	
0.0582912699396544	-64.5	920.625	2215	0000	184	920.625	085920184 5.20006773804031	
1.23638851503583	-62.5	920.625	2216	0000	185	920.625	085920187 5.20302042184865	
0.104310693576224	-63.5	920.625	2215	0000	186	920.625	085920190 5.20537048630174	
1.22718463030851	-62	920.625	2216	0000	187	920.625	085920191 5.2064080790262	
0.0276116541819415	-64	920.625	2215	0000	188	920.625	085920420 5.43598075544906	
1.24866036133891	-62.5	920.625	2216	0000	189	920.625	085920423 5.43903916195131	
1.25172832291468	-61	920.625	2216	0000	190	920.625	085920424 5.44015793460145	
6.20955422936108	-63.5	920.625	2215	0000	191	920.625	085920426 5.44195408765469	
1.27013609236931	-62.5	920.625	2216	0000	192	920.625	085920427 5.44355616404839	
0.0306796157577128	-64.5	920.625	2215	0000	193	920.625	085920428 5.44444801048769	
1.30695163127857	-61.5	920.625	2216	0000	194	920.625	085920429 5.44503363869571	
0.257708772364788	-61	920.625	2215	0000	195	920.625	085920429 5.44556338490839	
0.0153398078788564	-64	920.625	2215	0000	196	920.625	085920433 5.44928784438224	
1.28547590024817	-62.5	920.625	2216	0000	197	920.625	085920436 5.45253088801777	
6.20341830620953	-63	920.625	2215	0000	198	920.625	085920438 5.45394757211609	
1.41739824800633	-61.5	920.625	2216	0000	199	920.625	085920440 5.45590684018278	
1.25479628449045	-62.5	920.625	2216	0000	200	920.625	085920670 5.6859065607728	
0.0398835004850267	-64.5	920.625	2215	0000	201	920.625	085920673 5.68905860737537	
1.37444678594553	-62	920.625	2216	0000	202	920.625	085920674 5.68988664261727	
0.110446616727766	-64	920.625	2215	0000	203	920.625	085920677 5.69282611108888	
6.25864161457342	-64	920.625	2215	0000	204	920.625	085920682 5.69838636962617	
1.260932207642	-62.5	920.625	2216	0000	205	920.625	085920687 5.70315408554023	
6.26477753772496	-63.5	920.625	2215	0000	206	920.625	085920689 5.70519906450519	
1.27013609236931	-61.5	920.625	2216	0000	207	920.625	085920690 5.70680076331785	
0.00306796157577128	-64	920.625	2215	0000	208	920.625	085920910 5.92636074546582	
1.25479628449045	-62.5	920.625	2216	0000	209	920.625	085920915 5.93077806616579	
0.0184077694546277	-62.5	920.625	2215	0000	210	920.625	085920917 5.93353931638196	
1.2394564766116	-61.5	920.625	2216	0000	211	920.625	085920921 5.93726264311266	
1.30388366970279	-62.5	920.625	2216	0000	212	920.625	085920926 5.94262693708518	
0.0245436926061703	-64	920.625	2215	0000	213	920.625	085920930 5.94587111346386	
1.22718463030851	-62	920.625	2216	0000	214	920.625	085920932 5.94825138440092	
6.16660276730028	-63	920.625	2215	0000	215	920.625	085920939 5.95447316493722	
1.29467978497548	-62	920.625	2216	0000	216	920.625	085920940 5.95581055701512	
0.0122718463030851	-64	920.625	2215	0000	217	920.625	085920942 5.95762294605349	
6.13592315154256	-63.5	920.625	2215	0000	218	920.625	085921180 6.19580937896224	
1.23332055346006	-62	920.625	2216	0000	219	920.625	085921183 6.19893575005343	
1.33456328546051	-62	920.625	2216	0000	220	920.625	085921184 6.2003048589395	
0.021475731030399	-64	920.625	2215	0000	221	920.625	085921187 6.20317296459271	
1.22104870715697	-62	920.625	2216	0000	222	920.625	085921189 6.20509296423024	
6.11137945893639	-63	920.625	2215	0000	223	920.625	085921193 6.20880647385365	
1.26400016921777	-62	920.625	2216	0000	224	920.625	085921194 6.21033454436162	
6.25864161457342	-64	920.625	2215	0000	225	920.625	085921196 6.21159755297273	
1.2824079386724	-62	920.625	2216	0000	226	920.625	085921198 6.21356172959307	
6.16046684414874	-63	920.625	2215	0000	227	920.625	085921199 6.21453022498544	
1.28547590024817	-62	920.625	2216	0000	228	920.625	085921200 6.21592236631554	
6.26170957614919	-64	920.625	2215	0000	229	920.625	085921206 6.22229593443381	
0.0306796157577128	-64	920.625	2215	0000	230	920.625	085921420 6.43584029529859	
1.30695163127857	-62	920.625	2216	0000	231	920.625	085921423 6.43888359855885	
0.042951462060798	-64	920.625	2215	0000	232	920.625	085921424 6.44044527378024	
1.27933997709662	-62.5	920.625	2216	0000	233	920.625	085921425 6.44175434727942	
6.24023384511879	-63.5	920.625	2215	0000	234	920.625	085921428 6.44471911368135	
1.37444678594553	-62	920.625	2216	0000	235	920.625	085921429 6.44573291879968	
1.28547590024817	-62.5	920.625	2216	0000	236	920.625	085921434 6.45070226299426	
0.0337475773334841	-64	920.625	2215	0000	237	920.625	085921437 6.45342009138972	
1.41739824800633	-61.5	920.625	2216	0000	238	920.625	085921670 6.68584577022381	
6.25864161457342	-63	920.625	2215	0000	239	920.625	085921672 6.68840274909211	
0.0368155389092554	-64	920.625	2215	0000	240	920.625	085921674 6.68979338009801	
1.32229143915742	-62.5	920.625	2216	0000	241	920.625	085921675 6.69166807000957	
1.34376717018782	-61.5	920.625	2216	0000	242	920.625	085921676 6.69261957425471	
6.11137945893639	-63.5	920.625	2215	0000	243	920.625	085921678 6.69466530838177	
0.0521553467881118	-64	920.625	2215	0000	244	920.625	085921682 6.69864803329359	
4.42706855383796	-62.5	920.625	2216	0000	245	920.625	085921685 6.701684917676	
1.2824079386724	-61.5	920.625	2216	0000	246	920.625	085921688 6.70445485225631	
0.122718463030851	-61.5	920.625	2215	0000	247	920.625	085921689 6.70532291108948	
1.31001959285434	-62.5	920.625	2216	0000	248	920.625	085921919 6.93573419502363	
0.0490873852123405	-64	920.625	2215	0000	249	920.625	085921923 6.93928194656624	
1.24559239976314	-61.5	920.625	2216	0000	250	920.625	085921925 6.9411649432609	
6.19728238305799	-63	920.625	2215	0000	251	920.625	085921927 6.94303321429461	
0.0644271930911969	-64	920.625	2215	0000	252	920.625	085921929 6.94489129063999	
1.26400016921777	-62	920.625	2216	0000	253	920.625	085921933 6.94880454063867	
6.19728238305799	-63	920.625	2215	0000	254	920.625	085921935 6.95161751945864	
1.44807786376405	-61	920.625	2216	0000	255	920.625	085921938 6.95426020922521	
1.29161182339971	-62.5	920.625	2216	0000	256	920.625	085921940 6.95563951279962	
3.12625284571094	-64	920.625	2215	0000	257	920.625	085921942 6.95769544161502	
1.33149532388474	-62	920.625	2216	0000	258	920.625	085922170 7.18586087346579	
6.17273869045182	-63.5	920.625	2215	0000	259	920.625	085922172 7.18850696146181	
1.30081570812702	-62.5	920.625	2216	0000	260	920.625	085922174 7.19083059524142	
0.0306796157577128	-64	920.625	2215	0000	261	920.625	085922177 7.19375193982264	
6.23409792196725	-63.5	920.625	2215	0000	262	920.625	085922180 7.19610087153258	
1.21491278400543	-61.5	920.625	2216	0000	263	920.625	085922183 7.19944963786202	
1.24866036133891	-62	920.625	2216	0000	264	920.625	085922185 7.20098563757203	
0.0368155389092554	-64	920.625	2215	0000	265	920.625	085922188 7.20394285235297	
1.22104870715697	-61.5	920.625	2216	0000	266	920.625	085922189 7.20512166039001	
6.20341830620953	-63	920.625	2215	0000	267	920.625	085922190 7.20678717040006	
1.35297105491514	-62	920.625	2216	0000	268	920.625	085922420 7.43569228352712	
0.00613592315154256	-64.5	920.625	2215	0000	269	920.625	085922424 7.43918226516913	
6.17273869045182	-63.5	920.625	2215	0000	270	920.625	085922425 7.44073223537799	
1.28854386182394	-61.5	920.625	2216	0000	271	920.625	085922428 7.44357504310088	
1.24866036133891	-62	920.625	2216	0000	272	920.625	085922429 7.44447481874222	
0.00920388472731385	-64	920.625	2215	0000	273	920.625	085922430 7.44530662979462	
1.33149532388474	-61.5	920.625	2216	0000	274	920.625	085922433 7.44875243445382	
6.12978722839102	-62.5	920.625	2215	0000	275	920.625	085922434 7.44925008627727	
6.2709134608765	-64	920.625	2215	0000	276	920.625	085922435 7.45061957274439	
1.30081570812702	-62.5	920.625	2216	0000	277	920.625	085922437 7.45268833931548	
0.042951462060798	-63.5	920.625	2215	0000	278	920.625	085922680 7.69565457073188	
1.49716524897639	-61.5	920.625	2216	0000	279	920.625	085922683 7.69865973830613	
1.26706813079354	-62.5	920.625	2216	0000	280	920.625	085922684 7.69983137230322	
0.0276116541819415	-64	920.625	2215	0000	281	920.625	085922686 7.70204475241633	
6.24023384511879	-63	920.625	2215	0000	282	920.625	085922687 7.70299248085098	
1.34376717018782	-61	920.625	2216	0000	283	920.625	085922688 7.70391302345005	
1.30388366970279	-62.5	920.625	2216	0000	284	920.625	085922689 7.7048524451016	
0.0153398078788564	-64	920.625	2215	0000	285	920.625	085922695 7.71106214304432	
6.01934061166326	-63	920.625	2215	0000	286	920.625	085922698 7.71416510411042	
1.27627201552085	-61.5	920.625	2216	0000	287	920.625	085922704 7.71968571663751	
1.2824079386724	-62	920.625	2216	0000	288	920.625	085922911 7.92685537664087	
6.27398142245227	-64.5	920.625	2215	0000	289	920.625	085922915 7.93076296292381	
6.21569015251262	-63.5	920.625	2215	0000	290	920.625	085922918 7.93385761720682	
1.22718463030851	-61	920.625	2216	0000	291	920.625	085922923 7.93901159853468	
4.47002001589876	-62	920.625	2216	0000	292	920.625	085922926 7.94152213493387	
6.23716588354302	-64	920.625	2215	0000	293	920.625	085922927 7.94273530284643	
1.31308755443011	-61.5	920.625	2216	0000	294	920.625	085922930 7.94564229934777	
6.10524353578485	-63	920.625	2215	0000	295	920.625	085922935 7.95111080569	
1.27320405394508	-62.5	920.625	2216	0000	296	920.625	085922939 7.95499573710995	
6.2709134608765	-64	920.625	2215	0000	297	920.625	085922940 7.95617378998489	
6.21569015251262	-63.5	920.625	2215	0000	298	920.625	085923170 8.18560109770363	
1.2824079386724	-61.5	920.625	2216	0000	299	920.625	085923174 8.19011017059867	
1.31308755443011	-62.5	920.625	2216	0000	300	920.625	085923177 8.19273360373171	
0.0122718463030851	-64	920.625	2215	0000	301	920.625	085923180 8.19614655883959	
1.38058270909708	-61	920.625	2216	0000	302	920.625	085923186 8.20221692937498	
6.20341830620953	-63.5	920.625	2215	0000	303	920.625	085923190 8.20562233286186	
0.0153398078788564	-64	920.625	2215	0000	304	920.625	085923195 8.21057732897655	
4.42400059226219	-62	920.625	2216	0000	305	920.625	085923199 8.21490063199516	
6.16046684414874	-63	920.625	2215	0000	306	920.625	085923202 8.21811762253827	
1.41739824800633	-61.5	920.625	2216	0000	307	920.625	085923209 8.22473359769041	
1.30081570812702	-62	920.625	2216	0000	308	920.625	085923420 8.43548952250345	
6.26784549930073	-64.5	920.625	2215	0000	309	920.625	085923423 8.43854679626255	
1.25786424606623	-61	920.625	2216	0000	310	920.625	085923424 8.43976222966141	
6.09297168948177	-63	920.625	2215	0000	311	920.625	085923425 8.44067975161208	
6.2709134608765	-64.5	920.625	2215	0000	312	920.625	085923427 8.44305247092815	
1.30388366970279	-62	920.625	2216	0000	313	920.625	085923429 8.44473270659913	
1.29467978497548	-61.5	920.625	2216	0000	314	920.625	085923434 8.4497209298462	
6.2279619988157	-63.5	920.625	2215	0000	315	920.625	085923435 8.45092163758412	
1.260932207642	-62	920.625	2216	0000	316	920.625	085923670 8.68562224224241	
6.26477753772496	-64	920.625	2215	0000	317	920.625	085923672 8.68855529183617	
1.23332055346006	-61.5	920.625	2216	0000	318	920.625	085923674 8.69012904965115	
0.0306796157577128	-63	920.625	2215	0000	319	920.625	085923675 8.69136071903514	
1.33149532388474	-62	920.625	2216	0000	320	920.625	085923677 8.69271170403083	
0	-64	920.625	2215	0000	321	920.625	085923678 8.69365414633078	
6.21569015251262	-63	920.625	2215	0000	322	920.625	085923679 8.69506516671336	
1.26400016921777	-61.5	920.625	2216	0000	323	920.625	085923680 8.69567420494646	
1.24252443818737	-62	920.625	2216	0000	324	920.625	085923684 8.70043701230688	
6.27704938402804	-64	920.625	2215	0000	325	920.625	085923687 8.70299021536468	
1.28854386182394	-61	920.625	2216	0000	326	920.625	085923689 8.70514393767194	
6.27704938402804	-63	920.625	2215	0000	327	920.625	085923689 8.70563932400909	
1.30081570812702	-62.5	920.625	2216	0000	328	920.625	085923920 8.93546120392473	
6.26477753772496	-64	920.625	2215	0000	329	920.625	085923923 8.93846674908002	
1.30081570812702	-61.5	920.625	2216	0000	330	920.625	085923925 8.94012244198278	
6.16660276730028	-63.5	920.625	2215	0000	331	920.625	085923926 8.94141792256417	
6.23409792196725	-64.5	920.625	2215	0000	332	920.625	085923928 8.94378271267819	
1.24252443818737	-62	920.625	2216	0000	333	920.625	085923934 8.94987649323866	
6.14205907469411	-63.5	920.625	2215	0000	334	920.625	085923937 8.95290393809483	
1.35603901649091	-61.5	920.625	2216	0000	335	920.625	085923940 8.95518263972953	
0.042951462060798	-64	920.625	2215	0000	336	920.625	085924170 9.18549877323917	
1.23332055346006	-62	920.625	2216	0000	337	920.625	085924173 9.18896572243715	
0	-63.5	920.625	2215	0000	338	920.625	085924175 9.19116097865987	
1.34990309333936	-61.5	920.625	2216	0000	339	920.625	085924178 9.19392147371394	
6.27398142245227	-64	920.625	2215	0000	340	920.625	085924182 9.19774750249015	
1.23332055346006	-62	920.625	2216	0000	341	920.625	085924185 9.20030712442579	
1.32535940073319	-61.5	920.625	2216	0000	342	920.625	085924187 9.20306422125041	
6.0254765348148	-63	920.625	2215	0000	343	920.625	085924189 9.20460022096043	
6.21875811408839	-64	920.625	2215	0000	344	920.625	085924190 9.20557891104115	
1.260932207642	-62.5	920.625	2216	0000	345	920.625	085924195 9.21089827286876	
1.26400016921777	-61.5	920.625	2216	0000	346	920.625	085924197 9.21301197158476	
6.20955422936108	-63.5	920.625	2215	0000	347	920.625	085924198 9.21413565278855	
1.24866036133891	-62.5	920.625	2216	0000	348	920.625	085924420 9.43536038978447	
6.24636976827033	-63.5	920.625	2215	0000	349	920.625	085924422 9.43836291429137	
1.28854386182394	-61	920.625	2216	0000	350	920.625	085924424 9.4403233151012	
6.13592315154256	-63.5	920.625	2215	0000	351	920.625	085924425 9.44128199338629	
1.260932207642	-62	920.625	2216	0000	352	920.625	085924427 9.44335189270053	
6.28011734560381	-64	920.625	2215	0000	353	920.625	085924433 9.44825251714407	
1.26400016921777	-61.5	920.625	2216	0000	354	920.625	085924434 9.44929048744958	
6.20955422936108	-63	920.625	2215	0000	355	920.625	085924434 9.44987271742816	
6.21569015251262	-64	920.625	2215	0000	356	920.625	085924670 9.68539154022107	
1.2824079386724	-62.5	920.625	2216	0000	357	920.625	085924673 9.68832270190958	
1.27013609236931	-61.5	920.625	2216	0000	358	920.625	085924674 9.6895811795481	
6.12978722839102	-63	920.625	2215	0000	359	920.625	085924676 9.69123989309925	
6.27704938402804	-64	920.625	2215	0000	360	920.625	085924677 9.69220876607268	
1.29161182339971	-62	920.625	2216	0000	361	920.625	085924678 9.6936382879267	
1.23332055346006	-61.5	920.625	2216	0000	362	920.625	085924679 9.69494056496697	
0.104310693576224	-63	920.625	2215	0000	363	920.625	085924684 9.69925518362144	
6.27398142245227	-64	920.625	2215	0000	364	920.625	085924686 9.70167019201507	
1.25172832291468	-62	920.625	2216	0000	365	920.625	085924688 9.7036853420771	
1.27013609236931	-61	920.625	2216	0000	366	920.625	085924690 9.70577185495753	
6.0684279968756	-63	920.625	2215	0000	367	920.625	085924694 9.7098074412163	
1.30695163127857	-62.5	920.625	2216	0000	368	920.625	085924910 9.92576039159686	
6.23716588354302	-64	920.625	2215	0000	369	920.625	085924913 9.92878255031834	
1.28854386182394	-61.5	920.625	2216	0000	370	920.625	085924915 9.93045825501673	
0.0736310778185108	-63.5	920.625	2215	0000	371	920.625	085924916 9.9314380778406	
1.36217493964245	-62	920.625	2216	0000	372	920.625	085924917 9.93244584166214	
0.00306796157577128	-64	920.625	2215	0000	373	920.625	085924919 9.93454292681196	
6.06229207372405	-63	920.625	2215	0000	374	920.625	085924924 9.93959080786486	
1.34990309333936	-61	920.625	2216	0000	375	920.625	085924925 9.94094028253635	
1.22718463030851	-62.5	920.625	2216	0000	376	920.625	085925180 10.1952939808295	
0.00306796157577128	-64.5	920.625	2215	0000	377	920.625	085925184 10.1994768236976	
1.34990309333936	-61.5	920.625	2216	0000	378	920.625	085925186 10.2019020267796	
6.26477753772496	-63.5	920.625	2215	0000	379	920.625	085925189 10.2041195602842	
1.24252443818737	-62	920.625	2216	0000	380	920.625	085925195 10.2102480783012	
6.26170957614919	-64	920.625	2215	0000	381	920.625	085925198 10.2134601602907	
0.0184077694546277	-64	920.625	2215	0000	382	920.625	085925200 10.2157917232724	
1.34376717018782	-61.5	920.625	2216	0000	383	920.625	085925202 10.217119675824	
1.26706813079354	-62.5	920.625	2216	0000	384	920.625	085925206 10.2215868372225	
0.00306796157577128	-64	920.625	2215	0000	385	920.625	085925208 10.2233169135921	
1.37444678594553	-61	920.625	2216	0000	386	920.625	085925209 10.2243647010049	
6.07456392002714	-63.5	920.625	2215	0000	387	920.625	085925212 10.2273785529433	
6.24023384511879	-64	920.625	2215	0000	388	920.625	085925420 10.4352018057436	
1.30081570812702	-62	920.625	2216	0000	389	920.625	085925422 10.4378595987522	
1.50330117212793	-61	920.625	2216	0000	390	920.625	085925424 10.4398392561955	
0.0736310778185108	-63	920.625	2215	0000	391	920.625	085925426 10.4420092144879	
1.26400016921777	-62.5	920.625	2216	0000	392	920.625	085925428 10.4435716448714	
6.28011734560381	-64	920.625	2215	0000	393	920.625	085925432 10.4477408948218	
6.26477753772496	-63	920.625	2215	0000	394	920.625	085925434 10.4495125051068	
1.33149532388474	-61.5	920.625	2216	0000	395	920.625	085925436 10.4516760445213	
6.28011734560381	-64	920.625	2215	0000	396	920.625	085925671 10.6865307022479	
1.31308755443011	-62.5	920.625	2216	0000	397	920.625	085925674 10.6896842591747	
6.24023384511879	-63	920.625	2215	0000	398	920.625	085925677 10.6932063352059	
1.26400016921777	-61.5	920.625	2216	0000	399	920.625	085925678 10.6946298157631	
6.26784549930073	-64	920.625	2215	0000	400	920.625	085925679 10.6955235501076	
1.25172832291468	-62.5	920.625	2216	0000	401	920.625	085925680 10.696697449591	
1.37444678594553	-61.5	920.625	2216	0000	402	920.625	085925684 10.7000250713817	
6.25864161457342	-63	920.625	2215	0000	403	920.625	085925685 10.7010173543802	
1.23638851503583	-62	920.625	2216	0000	404	920.625	085925686 10.7020428645111	
0.0368155389092554	-64	920.625	2215	0000	405	920.625	085925687 10.7029951239183	
6.17887461360336	-63.5	920.625	2215	0000	406	920.625	085925920 10.9351546081124	
1.24559239976314	-61.5	920.625	2216	0000	407	920.625	085925923 10.9381631739161	
0.00920388472731385	-64	920.625	2215	0000	408	920.625	085925924 10.9400537222317	
4.43934040014105	-62	920.625	2216	0000	409	920.625	085925927 10.9425623707257	
1.32535940073319	-61.5	920.625	2216	0000	410	920.625	085925928 10.943971125622	
0.0368155389092554	-63.5	920.625	2215	0000	411	920.625	085925932 10.9480701454971	
1.260932207642	-62	920.625	2216	0000	412	920.625	085925935 10.9504356907732	
6.25250569142187	-64	920.625	2215	0000	413	920.625	085925935 10.9509684576343	
1.32535940073319	-61	920.625	2216	0000	414	920.625	085925936 10.9518640798841	
6.26477753772496	-62.5	920.625	2215	0000	415	920.625	085925937 10.9526366107117	
6.22182607566416	-64	920.625	2215	0000	416	920.625	085926180 11.1951618274621	
1.26400016921777	-62	920.625	2216	0000	417	920.625	085926184 11.1997736024026	
6.12365130523948	-63.5	920.625	2215	0000	418	920.625	085926187 11.2029426401524	
1.41739824800633	-60.5	920.625	2216	0000	419	920.625	085926189 11.2041686458207	
0.0306796157577128	-64	920.625	2215	0000	420	920.625	085926195 11.2103424735637	
1.31615551600588	-62.5	920.625	2216	0000	421	920.625	085926197 11.2123814112318	
6.26477753772496	-63.5	920.625	2215	0000	422	920.625	085926199 11.2145139890003	
1.22104870715697	-61.5	920.625	2216	0000	423	920.625	085926201 11.2167764546499	
6.2279619988157	-64	920.625	2215	0000	424	920.625	085926205 11.2208920880912	
4.45161224644413	-62	920.625	2216	0000	425	920.625	085926208 11.2236216214992	
1.36831086279399	-62	920.625	2216	0000	426	920.625	085926209 11.2248457392622	
6.12978722839102	-62	920.625	2215	0000	427	920.625	085926210 11.2259343054283	
1.20570889927811	-62	920.625	2216	0000	428	920.625	085926361 11.3765789495544	
6.23102996039147	-64.5	920.625	2215	0000	429	920.625	085926363 11.3785695568482	
1.36831086279399	-61	920.625	2216	0000	430	920.625	085926365 11.3815097804819	
6.24636976827033	-64	920.625	2215	0000	431	920.625	085926371 11.3874917970517	
1.25479628449045	-62.5	920.625	2216	0000	432	920.625	085926376 11.3923021796244	
6.25557365299764	-64	920.625	2215	0000	433	920.625	085926382 11.3982747566679	
