6.12365130523948	-63	920.625	2216	0000	0	920.625	090057123 0.6736865276816	
6.0254765348148	-61.5	920.625	2216	0000	1	920.625	090057131 0.681180378774206	
6.05308818899674	-63	920.625	2216	0000	2	920.625	090057131 0.681428071942783	
5.982525072754	-62	920.625	2216	0000	3	920.625	090057132 0.681693133839644	
6.08069984317868	-63	920.625	2216	0000	4	920.625	090057132 0.68189816034961	
5.99479691905709	-62	920.625	2216	0000	5	920.625	090057132 0.682074113118752	
6.11444742051217	-63.5	920.625	2216	0000	6	920.625	090057326 0.87690820022972	
6.15433092099719	-63	920.625	2216	0000	7	920.625	090057332 0.882814323008505	
6.12365130523948	-62.5	920.625	2216	0000	8	920.625	090057336 0.886483278068054	
6.13592315154256	-62	920.625	2216	0000	9	920.625	090057341 0.891596858223602	
6.20341830620953	-62	920.625	2216	0000	10	920.625	090057346 0.896395535783734	
6.07456392002714	-62.5	920.625	2216	0000	11	920.625	090057577 1.12721989338621	
6.19114645990645	-63	920.625	2216	0000	12	920.625	090057583 1.13341864147849	
6.09910761263331	-63	920.625	2216	0000	13	920.625	090057587 1.13728016287336	
6.16660276730028	-63	920.625	2216	0000	14	920.625	090057595 1.14522106992877	
6.14205907469411	-63	920.625	2216	0000	15	920.625	090057599 1.14883149992562	
6.16046684414874	-62.5	920.625	2216	0000	16	920.625	090057604 1.1547398881907	
6.03774838111788	-62	920.625	2216	0000	17	920.625	090057827 1.37706338604113	
6.23409792196725	-62.5	920.625	2216	0000	18	920.625	090057832 1.38198364469925	
6.12365130523948	-62.5	920.625	2216	0000	19	920.625	090057835 1.3852610482103	
6.20955422936108	-63	920.625	2216	0000	20	920.625	090057844 1.39354668676405	
6.0254765348148	-61	920.625	2216	0000	21	920.625	090057863 1.41317032907699	
0.0490873852123405	-62	920.625	2216	0000	22	920.625	090058077 1.62742756296353	
6.16046684414874	-62.5	920.625	2216	0000	23	920.625	090058081 1.63113125547965	
6.10524353578485	-63	920.625	2216	0000	24	920.625	090058084 1.63397481836464	
6.11751538208794	-62.5	920.625	2216	0000	25	920.625	090058086 1.63615270585908	
6.06229207372405	-63	920.625	2216	0000	26	920.625	090058090 1.64017281129481	
6.23409792196725	-62	920.625	2216	0000	27	920.625	090058094 1.64406453917366	
6.18501053675491	-62.5	920.625	2216	0000	28	920.625	090058327 1.87685307339647	
6.0254765348148	-62.5	920.625	2216	0000	29	920.625	090058331 1.88124283067982	
6.16046684414874	-62.5	920.625	2216	0000	30	920.625	090058334 1.88410451745519	
6.03774838111788	-62.5	920.625	2216	0000	31	920.625	090058340 1.88971084088055	
6.20955422936108	-63	920.625	2216	0000	32	920.625	090058345 1.89452273377742	
6.14819499784565	-62.5	920.625	2216	0000	33	920.625	090058348 1.8975471579852	
5.98866099590554	-62	920.625	2216	0000	34	920.625	090058576 2.12666484924321	
6.05002022742097	-62.5	920.625	2216	0000	35	920.625	090058580 2.13064228802034	
6.03774838111788	-63.5	920.625	2216	0000	36	920.625	090058584 2.13444981532511	
6.17887461360336	-62.5	920.625	2216	0000	37	920.625	090058589 2.13937989109052	
6.11751538208794	-63	920.625	2216	0000	38	920.625	090058594 2.14432355977372	
6.11137945893639	-63	920.625	2216	0000	39	920.625	090058827 2.37689989344663	
6.06229207372405	-63	920.625	2216	0000	40	920.625	090058830 2.38060056531435	
6.08683576633022	-62.5	920.625	2216	0000	41	920.625	090058831 2.38141651796266	
6.21569015251262	-61.5	920.625	2216	0000	42	920.625	090058833 2.38291098375722	
0	-62.5	920.625	2216	0000	43	920.625	090058834 2.38369333169211	
6.10524353578485	-63	920.625	2216	0000	44	920.625	090059077 2.62662558081405	
6.23409792196725	-62.5	920.625	2216	0000	45	920.625	090059080 2.62992412886388	
6.14205907469411	-62.5	920.625	2216	0000	46	920.625	090059081 2.63113918468169	
6.09910761263331	-62.5	920.625	2216	0000	47	920.625	090059084 2.63394310155646	
6.11751538208794	-62.5	920.625	2216	0000	48	920.625	090059086 2.63567242276391	
6.11137945893639	-63	920.625	2216	0000	49	920.625	090059089 2.63862737205855	
6.07456392002714	-63	920.625	2216	0000	50	920.625	090059327 2.876879881651	
6.12365130523948	-63	920.625	2216	0000	51	920.625	090059330 2.88044160369244	
6.24023384511879	-62.5	920.625	2216	0000	52	920.625	090059333 2.88294760911904	
6.17273869045182	-62.5	920.625	2216	0000	53	920.625	090059334 2.88462973269527	
6.16660276730028	-60.5	920.625	2216	0000	54	920.625	090059336 2.88653198602346	
6.12365130523948	-62.5	920.625	2216	0000	55	920.625	090059339 2.8894359618764	
5.98866099590554	-62.5	920.625	2216	0000	56	920.625	090059577 3.12659461916798	
6.14205907469411	-62.5	920.625	2216	0000	57	920.625	090059581 3.13040063614855	
6.00706876536017	-63	920.625	2216	0000	58	920.625	090059584 3.13407978589644	
6.25864161457342	-62.5	920.625	2216	0000	59	920.625	090059586 3.13608587401329	
6.16660276730028	-63	920.625	2216	0000	60	920.625	090059590 3.1403544277797	
6.25250569142187	-63	920.625	2216	0000	61	920.625	090059594 3.14413325892469	
6.0684279968756	-62.5	920.625	2216	0000	62	920.625	090059826 3.37678057783494	
6.11751538208794	-62.5	920.625	2216	0000	63	920.625	090059829 3.37968379852577	
6.11137945893639	-63	920.625	2216	0000	64	920.625	090059833 3.38293326103915	
6.15433092099719	-63	920.625	2216	0000	65	920.625	090059834 3.38423780356572	
6.09910761263331	-63	920.625	2216	0000	66	920.625	090059835 3.38525840514296	
6.09910761263331	-63	920.625	2216	0000	67	920.625	090100087 3.63661524264491	
6.09910761263331	-63	920.625	2216	0000	68	920.625	090100091 3.64111298810846	
6.19728238305799	-62	920.625	2216	0000	69	920.625	090100093 3.6429046101891	
6.26477753772496	-62	920.625	2216	0000	70	920.625	090100094 3.64399959523311	
6.05615615057251	-63	920.625	2216	0000	71	920.625	090100095 3.64518822037745	
6.17887461360336	-62.5	920.625	2216	0000	72	920.625	090100097 3.64676311093558	
5.92730176439012	-62.5	920.625	2216	0000	73	920.625	090100326 3.87653590531476	
6.0254765348148	-62.5	920.625	2216	0000	74	920.625	090100330 3.88035664795627	
6.21569015251262	-63	920.625	2216	0000	75	920.625	090100331 3.88145314332448	
6.07456392002714	-63	920.625	2216	0000	76	920.625	090100333 3.88341014590487	
6.16046684414874	-62	920.625	2216	0000	77	920.625	090100335 3.88550723105468	
6.01320468851171	-62.5	920.625	2216	0000	78	920.625	090100577 4.12653684926738	
6.08683576633022	-63	920.625	2216	0000	79	920.625	090100580 4.13009441791728	
6.09910761263331	-63	920.625	2216	0000	80	920.625	090100581 4.13200875383906	
6.26477753772496	-63	920.625	2216	0000	81	920.625	090100585 4.13525368537984	
6.11751538208794	-62.5	920.625	2216	0000	82	920.625	090100586 4.13688332519017	
6.12365130523948	-62.5	920.625	2216	0000	83	920.625	090100592 4.14259310582313	
6.15433092099719	-62.5	920.625	2216	0000	84	920.625	090100836 4.38647534886601	
6.08683576633022	-63	920.625	2216	0000	85	920.625	090100841 4.39108712380656	
6.06229207372405	-62.5	920.625	2216	0000	86	920.625	090100844 4.39404018519595	
6.11137945893639	-62.5	920.625	2216	0000	87	920.625	090100846 4.39642309920036	
6.20341830620953	-62.5	920.625	2216	0000	88	920.625	090100850 4.40017738757713	
6.17887461360336	-62.5	920.625	2216	0000	89	920.625	090100851 4.40147437848271	
6.10524353578485	-62.5	920.625	2216	0000	90	920.625	090101076 4.62655459557671	
6.03161245796634	-62	920.625	2216	0000	91	920.625	090101081 4.63032172170917	
6.12365130523948	-62.5	920.625	2216	0000	92	920.625	090101082 4.63176634680517	
6.08683576633022	-63	920.625	2216	0000	93	920.625	090101085 4.63501505415645	
6.24023384511879	-62.5	920.625	2216	0000	94	920.625	090101089 4.63892981447933	
6.06229207372405	-63	920.625	2216	0000	95	920.625	090101327 4.87671903212384	
6.14205907469411	-62.5	920.625	2216	0000	96	920.625	090101331 4.88055752107469	
6.06229207372405	-62.5	920.625	2216	0000	97	920.625	090101333 4.88346225208972	
6.14819499784565	-63	920.625	2216	0000	98	920.625	090101336 4.88642022203276	
6.00706876536017	-63	920.625	2216	0000	99	920.625	090101342 4.89168030363558	
6.11751538208794	-63	920.625	2216	0000	100	920.625	090101343 4.89278737127318	
6.16046684414874	-62.5	920.625	2216	0000	101	920.625	090101576 5.12636618263293	
6.19728238305799	-63	920.625	2216	0000	102	920.625	090101579 5.12945932659175	
6.06229207372405	-62.5	920.625	2216	0000	103	920.625	090101580 5.13066645320751	
6.11751538208794	-63	920.625	2216	0000	104	920.625	090101583 5.13372712519606	
6.16660276730028	-62.5	920.625	2216	0000	105	920.625	090101584 5.13477906600041	
6.24636976827033	-63	920.625	2216	0000	106	920.625	090101826 5.37637090239605	
6.20341830620953	-63	920.625	2216	0000	107	920.625	090101829 5.37963509057037	
6.25250569142187	-62.5	920.625	2216	0000	108	920.625	090101831 5.38202215796632	
6.09910761263331	-63	920.625	2216	0000	109	920.625	090101835 5.38522555559164	
6.14205907469411	-63	920.625	2216	0000	110	920.625	090101841 5.39122871670018	
6.23409792196725	-63	920.625	2216	0000	111	920.625	090101842 5.3929867340674	
6.17887461360336	-62.5	920.625	2216	0000	112	920.625	090102077 5.62628235963991	
6.19728238305799	-63.5	920.625	2216	0000	113	920.625	090102081 5.63061661250896	
6.01934061166326	-62.5	920.625	2216	0000	114	920.625	090102084 5.63411452335301	
0.0674951546669682	-62	920.625	2216	0000	115	920.625	090102086 5.63573132540766	
6.16046684414874	-63	920.625	2216	0000	116	920.625	090102092 5.64180056319989	
6.11751538208794	-63	920.625	2216	0000	117	920.625	090102093 5.64264370168379	
6.16660276730028	-62.5	920.625	2216	0000	118	920.625	090102327 5.87638071950335	
6.08683576633022	-63	920.625	2216	0000	119	920.625	090102330 5.88013991643376	
6.17887461360336	-63	920.625	2216	0000	120	920.625	090102331 5.8811522112279	
6.0684279968756	-63	920.625	2216	0000	121	920.625	090102332 5.88258664163556	
6.01320468851171	-62.5	920.625	2216	0000	122	920.625	090102334 5.88412377408873	
6.26477753772496	-63	920.625	2216	0000	123	920.625	090102577 6.12643565754607	
6.08683576633022	-62.5	920.625	2216	0000	124	920.625	090102581 6.13054676001477	
6.24636976827033	-63	920.625	2216	0000	125	920.625	090102583 6.13279978613809	
5.93343768754166	-62	920.625	2216	0000	126	920.625	090102585 6.13510756151362	
6.04388430426943	-62.5	920.625	2216	0000	127	920.625	090102587 6.13659296536298	
6.16660276730028	-62.5	920.625	2216	0000	128	920.625	090102592 6.14220004395043	
6.12365130523948	-62	920.625	2216	0000	129	920.625	090102837 6.3864349476937	
6.11751538208794	-62.5	920.625	2216	0000	130	920.625	090102840 6.38958057541842	
6.21569015251262	-62.5	920.625	2216	0000	131	920.625	090102841 6.39085189081262	
6.15433092099719	-63	920.625	2216	0000	132	920.625	090102843 6.39239959553518	
6.05615615057251	-62.5	920.625	2216	0000	133	920.625	090102844 6.39390803182857	
6.04388430426943	-62	920.625	2216	0000	134	920.625	090102846 6.39557014360918	
6.09297168948177	-62.5	920.625	2216	0000	135	920.625	090103076 6.62609658976348	
6.19728238305799	-62.5	920.625	2216	0000	136	920.625	090103081 6.63105611685076	
6.09297168948177	-62	920.625	2216	0000	137	920.625	090103085 6.63505621049086	
5.95798138014783	-62.5	920.625	2216	0000	138	920.625	090103089 6.63853788534978	
6.21569015251262	-62	920.625	2216	0000	139	920.625	090103092 6.64161554848556	
6.15433092099719	-62.5	920.625	2216	0000	140	920.625	090103326 6.87614171069891	
6.22182607566416	-63	920.625	2216	0000	141	920.625	090103330 6.87993828815324	
6.08683576633022	-62.5	920.625	2216	0000	142	920.625	090103332 6.88228004582324	
6.25250569142187	-62.5	920.625	2216	0000	143	920.625	090103333 6.88352719603026	
6.04388430426943	-62	920.625	2216	0000	144	920.625	090103335 6.88456705424103	
6.07456392002714	-62.5	920.625	2216	0000	145	920.625	090103336 6.88621972649539	
6.14205907469411	-62.5	920.625	2216	0000	146	920.625	090103576 7.1261834334049	
6.11751538208794	-62.5	920.625	2216	0000	147	920.625	090103579 7.1297934858207	
6.09297168948177	-62.5	920.625	2216	0000	148	920.625	090103581 7.13116674809831	
6.03161245796634	-62.5	920.625	2216	0000	149	920.625	090103584 7.13430784485044	
6.14205907469411	-62	920.625	2216	0000	150	920.625	090103585 7.13517212787311	
6.15433092099719	-63	920.625	2216	0000	151	920.625	090103586 7.1360745465818	
6.08683576633022	-62.5	920.625	2216	0000	152	920.625	090103826 7.37612774020007	
6.12978722839102	-62	920.625	2216	0000	153	920.625	090103830 7.3802093913469	
6.17887461360336	-63	920.625	2216	0000	154	920.625	090103833 7.382658382035	
6.13592315154256	-62	920.625	2216	0000	155	920.625	090103834 7.38344526094249	
6.14205907469411	-62	920.625	2216	0000	156	920.625	090103835 7.38461160880489	
6.14819499784565	-62	920.625	2216	0000	157	920.625	090104076 7.62598407061068	
6.17273869045182	-62.5	920.625	2216	0000	158	920.625	090104084 7.63360176828757	
6.21569015251262	-62.5	920.625	2216	0000	159	920.625	090104087 7.63646572054924	
6.0684279968756	-63	920.625	2216	0000	160	920.625	090104093 7.64271279901587	
6.24636976827033	-62.5	920.625	2216	0000	161	920.625	090104095 7.64514366581359	
6.17273869045182	-62.5	920.625	2216	0000	162	920.625	090104099 7.64905842613646	
6.13592315154256	-63	920.625	2216	0000	163	920.625	090104326 7.87604467236915	
6.10524353578485	-62.5	920.625	2216	0000	164	920.625	090104330 7.87987900792845	
6.11137945893639	-63	920.625	2216	0000	165	920.625	090104333 7.88240011659703	
6.17887461360336	-62.5	920.625	2216	0000	166	920.625	090104335 7.88450211030049	
6.00706876536017	-63	920.625	2216	0000	167	920.625	090104336 7.88622387988694	
6.07456392002714	-62	920.625	2216	0000	168	920.625	090104576 8.12590402342815	
6.08683576633022	-63	920.625	2216	0000	169	920.625	090104580 8.12958241801394	
6.10524353578485	-62	920.625	2216	0000	170	920.625	090104581 8.13152771558179	
6.15433092099719	-62	920.625	2216	0000	171	920.625	090104585 8.13539263520611	
6.03774838111788	-62.5	920.625	2216	0000	172	920.625	090104589 8.13952450463254	
6.22182607566416	-63	920.625	2216	0000	173	920.625	090104590 8.14038841007416	
6.07456392002714	-62.5	920.625	2216	0000	174	920.625	090104836 8.38605472357669	
6.11751538208794	-62.5	920.625	2216	0000	175	920.625	090104839 8.38978522434733	
6.00093284220863	-63	920.625	2216	0000	176	920.625	090104841 8.39155872253759	
6.14205907469411	-62.5	920.625	2216	0000	177	920.625	090104843 8.39341755404506	
6.17887461360336	-62.5	920.625	2216	0000	178	920.625	090104844 8.39465526472585	
6.19728238305799	-62.5	920.625	2216	0000	179	920.625	090104845 8.39576761849815	
6.27704938402804	-61.5	920.625	2216	0000	180	920.625	090105076 8.62587155145788	
6.10524353578485	-62.5	920.625	2216	0000	181	920.625	090105079 8.62907230601585	
6.16046684414874	-62.5	920.625	2216	0000	182	920.625	090105080 8.63033342672171	
6.20955422936108	-62.5	920.625	2216	0000	183	920.625	090105083 8.63359232876133	
6.08069984317868	-63	920.625	2216	0000	184	920.625	090105088 8.63819730724299	
6.14205907469411	-62.5	920.625	2216	0000	185	920.625	090105326 8.87594801162043	
0.0306796157577128	-63	920.625	2216	0000	186	920.625	090105330 8.88012745625912	
6.16660276730028	-62.5	920.625	2216	0000	187	920.625	090105332 8.88185300165607	
6.14205907469411	-62.5	920.625	2216	0000	188	920.625	090105333 8.88284188642513	
6.03774838111788	-62.5	920.625	2216	0000	189	920.625	090105334 8.88477812204779	
6.17887461360336	-63	920.625	2216	0000	190	920.625	090105339 8.88928266397023	
6.14819499784565	-63	920.625	2216	0000	191	920.625	090105576 9.12588778744301	
6.11137945893639	-62.5	920.625	2216	0000	192	920.625	090105579 9.12922560392201	
6.14819499784565	-63	920.625	2216	0000	193	920.625	090105581 9.13145748550655	
0.0490873852123405	-62.5	920.625	2216	0000	194	920.625	090105587 9.13742402125328	
6.19728238305799	-62.5	920.625	2216	0000	195	920.625	090105590 9.13997835705423	
6.19728238305799	-62.5	920.625	2216	0000	196	920.625	090105826 9.37588910897669	
5.95184545699629	-63	920.625	2216	0000	197	920.625	090105830 9.37963811121876	
6.15433092099719	-62	920.625	2216	0000	198	920.625	090105833 9.38230572133461	
6.2279619988157	-63.5	920.625	2216	0000	199	920.625	090105834 9.38430878880306	
6.2279619988157	-63	920.625	2216	0000	200	920.625	090105838 9.38810800932474	
6.16046684414874	-63	920.625	2216	0000	201	920.625	090105840 9.39001630394973	
6.22182607566416	-62.5	920.625	2216	0000	202	920.625	090106076 9.6258466311086	
6.04388430426943	-63	920.625	2216	0000	203	920.625	090106080 9.62985163330235	
0.0122718463030851	-61	920.625	2216	0000	204	920.625	090106081 9.63126869498172	
6.06229207372405	-62	920.625	2216	0000	205	920.625	090106085 9.63530314849734	
6.24023384511879	-62.5	920.625	2216	0000	206	920.625	090106089 9.63871761392942	
6.12978722839102	-63	920.625	2216	0000	207	920.625	090106090 9.63970083498273	
6.12978722839102	-63	920.625	2216	0000	208	920.625	090106326 9.8757599762577	
6.20955422936108	-62.5	920.625	2216	0000	209	920.625	090106329 9.87968795191732	
6.11137945893639	-62.5	920.625	2216	0000	210	920.625	090106330 9.8810967068136	
6.21569015251262	-63	920.625	2216	0000	211	920.625	090106334 9.88506281815923	
6.23409792196725	-62.5	920.625	2216	0000	212	920.625	090106341 9.89127704707454	
6.14819499784565	-62.5	920.625	2216	0000	213	920.625	090106576 10.1258356812582	
6.14205907469411	-63.5	920.625	2216	0000	214	920.625	090106579 10.129020577412	
6.26477753772496	-62	920.625	2216	0000	215	920.625	090106581 10.1311761876246	
6.11137945893639	-62	920.625	2216	0000	216	920.625	090106585 10.1347692488931	
6.23409792196725	-63	920.625	2216	0000	217	920.625	090106590 10.1403076077295	
6.16046684414874	-62	920.625	2216	0000	218	920.625	090106826 10.375754312542	
6.16046684414874	-63	920.625	2216	0000	219	920.625	090106830 10.3802769783548	
6.11751538208794	-63	920.625	2216	0000	220	920.625	090106833 10.3831382875491	
0.153398078788564	-62	920.625	2216	0000	221	920.625	090106836 10.386414558317	
6.23409792196725	-62	920.625	2216	0000	222	920.625	090106841 10.3915111473253	
6.09297168948177	-62.5	920.625	2216	0000	223	920.625	090106844 10.3941519491867	
6.24636976827033	-63	920.625	2216	0000	224	920.625	090107076 10.6261048965466	
6.20955422936108	-63	920.625	2216	0000	225	920.625	090107080 10.6303470196395	
0.0184077694546277	-63	920.625	2216	0000	226	920.625	090107083 10.633293662151	
6.17273869045182	-62.5	920.625	2216	0000	227	920.625	090107086 10.63617460556	
6.2279619988157	-63	920.625	2216	0000	228	920.625	090107090 10.6403989823436	
0.0122718463030851	-62.5	920.625	2216	0000	229	920.625	090107092 10.6421524687382	
6.20955422936108	-62.5	920.625	2216	0000	230	920.625	090107335 10.8857179212804	
6.14205907469411	-63	920.625	2216	0000	231	920.625	090107340 10.8907597610365	
6.10524353578485	-62.5	920.625	2216	0000	232	920.625	090107342 10.8925132474311	
6.18501053675491	-63	920.625	2216	0000	233	920.625	090107344 10.8941742264686	
6.16046684414874	-63	920.625	2216	0000	234	920.625	090107345 10.8953722911392	
6.2279619988157	-62	920.625	2216	0000	235	920.625	090107576 11.125743173901	
6.2279619988157	-63	920.625	2216	0000	236	920.625	090107579 11.1295880817297	
6.15433092099719	-63	920.625	2216	0000	237	920.625	090107581 11.1306940166241	
6.19114645990645	-62	920.625	2216	0000	238	920.625	090107584 11.1345260866971	
6.21569015251262	-63	920.625	2216	0000	239	920.625	090107588 11.137931112603	
6.15433092099719	-63	920.625	2216	0000	240	920.625	090107590 11.1397744632874	
6.22182607566416	-63	920.625	2216	0000	241	920.625	090107825 11.3755851562317	
6.20955422936108	-63	920.625	2216	0000	242	920.625	090107829 11.3795776982508	
6.00093284220863	-63	920.625	2216	0000	243	920.625	090107831 11.3813323173886	
6.09297168948177	-62.5	920.625	2216	0000	244	920.625	090107832 11.3825254735055	
6.14819499784565	-63	920.625	2216	0000	245	920.625	090107834 11.3843118094515	
6.16660276730028	-63	920.625	2216	0000	246	920.625	090108076 11.6255438111068	
6.08069984317868	-62	920.625	2216	0000	247	920.625	090108080 11.6296639755207	
6.18501053675491	-61.5	920.625	2216	0000	248	920.625	090108083 11.6329217448171	
6.27704938402804	-62	920.625	2216	0000	249	920.625	090108085 11.6351872311151	
6.11137945893639	-61	920.625	2216	0000	250	920.625	090108088 11.638083655347	
6.20955422936108	-63	920.625	2216	0000	251	920.625	090108089 11.639482593136	
6.14819499784565	-63	920.625	2216	0000	252	920.625	090108325 11.87539749845	
6.09297168948177	-62.5	920.625	2216	0000	253	920.625	090108328 11.8789161762518	
6.26477753772496	-62.5	920.625	2216	0000	254	920.625	090108331 11.8813296743212	
6.12365130523948	-63	920.625	2216	0000	255	920.625	090108333 11.8826387478204	
6.27704938402804	-63	920.625	2216	0000	256	920.625	090108334 11.8838681517181	
6.12978722839102	-63	920.625	2216	0000	257	920.625	090108335 11.8847981338434	
6.14205907469411	-62.5	920.625	2216	0000	258	920.625	090108586 12.1355096853315	
6.14205907469411	-63	920.625	2216	0000	259	920.625	090108588 12.1390585696173	
6.19728238305799	-63	920.625	2216	0000	260	920.625	090108589 12.1400493422916	
6.11751538208794	-63	920.625	2216	0000	261	920.625	090108591 12.1419032652454	
6.19114645990645	-63	920.625	2216	0000	262	920.625	090108593 12.1431742030586	
6.27704938402804	-62	920.625	2216	0000	263	920.625	090108599 12.149792066116	
6.01320468851171	-63	920.625	2216	0000	264	920.625	090108826 12.3755228553585	
6.15433092099719	-62.5	920.625	2216	0000	265	920.625	090108829 12.3790800464274	
6.19728238305799	-62.5	920.625	2216	0000	266	920.625	090108832 12.3821426063212	
6.17273869045182	-63	920.625	2216	0000	267	920.625	090108834 12.3834075028375	
6.04388430426943	-63	920.625	2216	0000	268	920.625	090108838 12.3876511362547	
6.17887461360336	-63	920.625	2216	0000	269	920.625	090109075 12.6254471503581	
6.10524353578485	-63	920.625	2216	0000	270	920.625	090109078 12.6285954211501	
6.10524353578485	-63	920.625	2216	0000	271	920.625	090109081 12.6317561521168	
6.12365130523948	-63	920.625	2216	0000	272	920.625	090109083 12.6335968597339	
6.23409792196725	-62.5	920.625	2216	0000	273	920.625	090109084 12.6348640217366	
6.22182607566416	-62	920.625	2216	0000	274	920.625	090109326 12.8753763539112	
6.11751538208794	-62.5	920.625	2216	0000	275	920.625	090109329 12.8792639283986	
6.08683576633022	-62.5	920.625	2216	0000	276	920.625	090109332 12.8815826536245	
6.24636976827033	-63	920.625	2216	0000	277	920.625	090109333 12.8832141813401	
6.18501053675491	-62.5	920.625	2216	0000	278	920.625	090109334 12.8840920572806	
6.19728238305799	-62.5	920.625	2216	0000	279	920.625	090109335 12.8849521869117	
6.03774838111788	-62	920.625	2216	0000	280	920.625	090109575 13.1254509261686	
6.11751538208794	-62.5	920.625	2216	0000	281	920.625	090109580 13.130191078666	
6.12365130523948	-62.5	920.625	2216	0000	282	920.625	090109584 13.1341696501863	
6.19114645990645	-62.5	920.625	2216	0000	283	920.625	090109589 13.1395229943083	
0.0122718463030851	-62	920.625	2216	0000	284	920.625	090109593 13.1425451530298	
6.12978722839102	-62.5	920.625	2216	0000	285	920.625	090109596 13.1465010696871	
6.19728238305799	-62.5	920.625	2216	0000	286	920.625	090109825 13.3753786193975	
6.16660276730028	-62.5	920.625	2216	0000	287	920.625	090109831 13.3805114561866	
6.19114645990645	-62.5	920.625	2216	0000	288	920.625	090109833 13.3831552786963	
6.11751538208794	-62.5	920.625	2216	0000	289	920.625	090109834 13.3844182873075	
6.12365130523948	-62.5	920.625	2216	0000	290	920.625	090109836 13.3859297442493	
6.17887461360336	-63	920.625	2216	0000	291	920.625	090109840 13.3900593481894	
6.05002022742097	-62.5	920.625	2216	0000	292	920.625	090110075 13.6252855456688	
6.11751538208794	-62.5	920.625	2216	0000	293	920.625	090110079 13.6289446836211	
6.14819499784565	-63	920.625	2216	0000	294	920.625	090110081 13.6309383115633	
6.10524353578485	-63	920.625	2216	0000	295	920.625	090110084 13.6341707829294	
6.13592315154256	-63	920.625	2216	0000	296	920.625	090110085 13.6353522340338	
6.10524353578485	-63	920.625	2216	0000	297	920.625	090110089 13.6393107937584	
6.17273869045182	-63	920.625	2216	0000	298	920.625	090110325 13.875283468973	
6.03774838111788	-61	920.625	2216	0000	299	920.625	090110329 13.8793013089225	
6.23409792196725	-62.5	920.625	2216	0000	300	920.625	090110332 13.8818076919301	
6.14205907469411	-62.5	920.625	2216	0000	301	920.625	090110333 13.8830223701669	
6.12365130523948	-62.5	920.625	2216	0000	302	920.625	090110334 13.8838855204464	
6.07456392002714	-62.5	920.625	2216	0000	303	920.625	090110575 14.1251397993836	
6.2279619988157	-63	920.625	2216	0000	304	920.625	090110579 14.1291353620511	
6.04388430426943	-61.5	920.625	2216	0000	305	920.625	090110581 14.1309541699674	
6.19114645990645	-62.5	920.625	2216	0000	306	920.625	090110584 14.1340544879661	
6.08683576633022	-63	920.625	2216	0000	307	920.625	090110587 14.137733637714	
6.2279619988157	-62.5	920.625	2216	0000	308	920.625	090110825 14.3750886371514	
5.94570953384475	-62.5	920.625	2216	0000	309	920.625	090110829 14.3797747955587	
6.11751538208794	-62.5	920.625	2216	0000	310	920.625	090110830 14.3807765180835	
6.10524353578485	-63	920.625	2216	0000	311	920.625	090110833 14.383517756504	
6.19114645990645	-63	920.625	2216	0000	312	920.625	090110838 14.3887215785304	
6.11137945893639	-62.5	920.625	2216	0000	313	920.625	090110841 14.3912566576979	
6.07456392002714	-62.5	920.625	2216	0000	314	920.625	090111075 14.6249898997069	
6.09910761263331	-62.5	920.625	2216	0000	315	920.625	090111079 14.6293562469652	
6.09910761263331	-63.5	920.625	2216	0000	316	920.625	090111081 14.6314321875762	
6.22182607566416	-63	920.625	2216	0000	317	920.625	090111086 14.6363286586282	
6.15433092099719	-62	920.625	2216	0000	318	920.625	090111088 14.6383585343512	
6.0684279968756	-62.5	920.625	2216	0000	319	920.625	090111090 14.6403668879543	
6.09910761263331	-62.5	920.625	2216	0000	320	920.625	090111325 14.8751490501194	
6.17887461360336	-62.5	920.625	2216	0000	321	920.625	090111329 14.8790075508658	
6.17273869045182	-63	920.625	2216	0000	322	920.625	090111331 14.8809082938698	
6.23409792196725	-61	920.625	2216	0000	323	920.625	090111333 14.8825654970968	
6.12365130523948	-62.5	920.625	2216	0000	324	920.625	090111334 14.8837831959819	
0.0245436926061703	-62.5	920.625	2216	0000	325	920.625	090111338 14.8876428294716	
6.08069984317868	-62.5	920.625	2216	0000	326	920.625	090111575 15.1252341946461	
6.17887461360336	-62.5	920.625	2216	0000	327	920.625	090111579 15.1292705360669	
6.19114645990645	-63	920.625	2216	0000	328	920.625	090111581 15.131034972312	
6.07456392002714	-62.5	920.625	2216	0000	329	920.625	090111585 15.1345291073455	
0.00613592315154256	-62.5	920.625	2216	0000	330	920.625	090111588 15.1377997143977	
6.10524353578485	-62	920.625	2216	0000	331	920.625	090111825 15.3749353392452	
6.07456392002714	-62.5	920.625	2216	0000	332	920.625	090111829 15.3787628783457	
6.20341830620953	-63	920.625	2216	0000	333	920.625	090111830 15.3802097689279	
6.2279619988157	-63	920.625	2216	0000	334	920.625	090111833 15.3830280338826	
6.16660276730028	-63	920.625	2216	0000	335	920.625	090111839 15.3886313366596	
6.17273869045182	-63	920.625	2216	0000	336	920.625	090112075 15.6250276578119	
6.12978722839102	-62.5	920.625	2216	0000	337	920.625	090112078 15.6284489197029	
6.16660276730028	-62.5	920.625	2216	0000	338	920.625	090112081 15.631285686129	
6.12978722839102	-62.5	920.625	2216	0000	339	920.625	090112084 15.6346053787176	
0.0184077694546277	-63	920.625	2216	0000	340	920.625	090112088 15.6386303927069	
6.24023384511879	-62	920.625	2216	0000	341	920.625	090112090 15.6404397610969	
6.03774838111788	-62.5	920.625	2216	0000	342	920.625	090112325 15.8748813451551	
6.09910761263331	-62.5	920.625	2216	0000	343	920.625	090112329 15.8786329904646	
6.0684279968756	-62.5	920.625	2216	0000	344	920.625	090112331 15.8811869486845	
6.24023384511879	-62.5	920.625	2216	0000	345	920.625	090112333 15.8832262639337	
6.10524353578485	-63	920.625	2216	0000	346	920.625	090112335 15.8849865467872	
6.03774838111788	-62.5	920.625	2216	0000	347	920.625	090112339 15.8889677613748	
0.0859029241215959	-62	920.625	2216	0000	348	920.625	090112585 16.1349527532833	
6.11137945893639	-62	920.625	2216	0000	349	920.625	090112588 16.1381312305593	
6.14205907469411	-62.5	920.625	2216	0000	350	920.625	090112589 16.1392477377231	
6.05002022742097	-62.5	920.625	2216	0000	351	920.625	090112591 16.1406666873078	
6.12365130523948	-62.5	920.625	2216	0000	352	920.625	090112592 16.141816421604	
6.07456392002714	-63	920.625	2216	0000	353	920.625	090112593 16.1430730113373	
6.16046684414874	-62.5	920.625	2216	0000	354	920.625	090112825 16.3748734159531	
6.17887461360336	-62	920.625	2216	0000	355	920.625	090112828 16.3781893327312	
6.11137945893639	-63	920.625	2216	0000	356	920.625	090112829 16.37948028234	
6.16660276730028	-62.5	920.625	2216	0000	357	920.625	090112832 16.3818896270179	
6.01320468851171	-62.5	920.625	2216	0000	358	920.625	090112833 16.382727101786	
6.09910761263331	-62.5	920.625	2216	0000	359	920.625	090113075 16.6247180413512	
6.19114645990645	-62.5	920.625	2216	0000	360	920.625	090113080 16.6303190786418	
6.2279619988157	-63	920.625	2216	0000	361	920.625	090113085 16.6349788063757	
6.19728238305799	-62.5	920.625	2216	0000	362	920.625	090113090 16.6400134720919	
6.07456392002714	-63	920.625	2216	0000	363	920.625	090113092 16.6424507577674	
6.11751538208794	-62.5	920.625	2216	0000	364	920.625	090113325 16.8746774513883	
6.10524353578485	-62	920.625	2216	0000	365	920.625	090113329 16.8782663592653	
6.00093284220863	-62.5	920.625	2216	0000	366	920.625	090113331 16.8805718691546	
6.22182607566416	-63	920.625	2216	0000	367	920.625	090113333 16.8831888834098	
6.10524353578485	-62.5	920.625	2216	0000	368	920.625	090113338 16.8876073368529	
6.09910761263331	-62.5	920.625	2216	0000	369	920.625	090113339 16.8889870180084	
6.09910761263331	-62.5	920.625	2216	0000	370	920.625	090113574 17.1248328259903	
6.13592315154256	-63	920.625	2216	0000	371	920.625	090113578 17.1285063120224	
6.2279619988157	-62.5	920.625	2216	0000	372	920.625	090113581 17.1310481876487	
6.26477753772496	-62	920.625	2216	0000	373	920.625	090113585 17.1352729420134	
6.0684279968756	-63	920.625	2216	0000	374	920.625	090113588 17.1388471242295	
6.01934061166326	-62.5	920.625	2216	0000	375	920.625	090113589 17.1397061211174	
6.11751538208794	-63	920.625	2216	0000	376	920.625	090113835 17.3848298506516	
6.00706876536017	-62.5	920.625	2216	0000	377	920.625	090113838 17.3883998794761	
6.01934061166326	-62.5	920.625	2216	0000	378	920.625	090113840 17.3898260031007	
6.07456392002714	-61.5	920.625	2216	0000	379	920.625	090113841 17.3912536370495	
6.14205907469411	-61	920.625	2216	0000	380	920.625	090113843 17.3935651882355	
6.16660276730028	-63	920.625	2216	0000	381	920.625	090113847 17.3973425090563	
6.16046684414874	-62.5	920.625	2216	0000	382	920.625	090114074 17.6245938171858	
6.25250569142187	-62	920.625	2216	0000	383	920.625	090114079 17.6293755035987	
6.09297168948177	-62.5	920.625	2216	0000	384	920.625	090114083 17.6333046120015	
0.0552233083638831	-62.5	920.625	2216	0000	385	920.625	090114090 17.6407765633932	
6.0684279968756	-62	920.625	2216	0000	386	920.625	090114093 17.6433928224863	
6.07456392002714	-62.5	920.625	2216	0000	387	920.625	090114324 17.8745558702903	
6.12365130523948	-62.5	920.625	2216	0000	388	920.625	090114328 17.8787103945797	
6.09910761263331	-63	920.625	2216	0000	389	920.625	090114331 17.8807867127718	
6.19728238305799	-62	920.625	2216	0000	390	920.625	090114332 17.8819945945497	
6.03161245796634	-63	920.625	2216	0000	391	920.625	090114333 17.8835664644594	
6.22182607566416	-61	920.625	2216	0000	392	920.625	090114575 18.124709356987	
6.2709134608765	-62.5	920.625	2216	0000	393	920.625	090114578 18.128289958081	
0	-62.5	920.625	2216	0000	394	920.625	090114580 18.1297308073665	
6.05002022742097	-62.5	920.625	2216	0000	395	920.625	090114582 18.1321941461344	
6.13592315154256	-62	920.625	2216	0000	396	920.625	090114586 18.1369633723727	
6.16660276730028	-62.5	920.625	2216	0000	397	920.625	090114589 18.1393746049558	
6.11751538208794	-63	920.625	2216	0000	398	920.625	090114825 18.374583433707	
6.24023384511879	-61.5	920.625	2216	0000	399	920.625	090114827 18.3777962708585	
0.00613592315154256	-62.5	920.625	2216	0000	400	920.625	090114830 18.3799148781282	
6.12978722839102	-62.5	920.625	2216	0000	401	920.625	090114832 18.3821826299124	
6.14819499784565	-62.5	920.625	2216	0000	402	920.625	090114833 18.3833686119894	
6.08683576633022	-62.5	920.625	2216	0000	403	920.625	090114837 18.3872342867758	
6.14819499784565	-63	920.625	2216	0000	404	920.625	090115074 18.6244341004018	
6.05002022742097	-62.5	920.625	2216	0000	405	920.625	090115079 18.6293739932745	
6.13592315154256	-63	920.625	2216	0000	406	920.625	090115082 18.6325947596281	
6.12365130523948	-63	920.625	2216	0000	407	920.625	090115090 18.639832233188	
6.08069984317868	-62.5	920.625	2216	0000	408	920.625	090115094 18.6432255540813	
6.18501053675491	-62.5	920.625	2216	0000	409	920.625	090115325 18.8745498289935	
0.0245436926061703	-62.5	920.625	2216	0000	410	920.625	090115328 18.878225958093	
6.05615615057251	-63	920.625	2216	0000	411	920.625	090115330 18.879639999124	
6.04388430426943	-62.5	920.625	2216	0000	412	920.625	090115332 18.8813821580871	
6.14205907469411	-62	920.625	2216	0000	413	920.625	090115333 18.8828739808144	
6.21569015251262	-62	920.625	2216	0000	414	920.625	090115334 18.8836952195974	
5.95798138014783	-62.5	920.625	2216	0000	415	920.625	090115493 19.0439251362501	
6.16046684414874	-62.5	920.625	2216	0000	416	920.625	090115497 19.047566150312	
6.17887461360336	-62.5	920.625	2216	0000	417	920.625	090115503 19.0533189751846	
