1.32535940073319	-55	69.125	0	1186	234318488 0.5997871	
0.901980703276757	-57.5	0	1	1130	234318491 0.6012212	
0.911184588004071	-57	4.875	2	1130	234318491 0.6017985	
4.52217536268687	-55.5	6.875	3	1186	234318492 0.6023285	
0.926524395882927	-57	-8.9375	4	1130	234318492 0.6027396	
1.36217493964245	-55	34.9375	5	1186	234318493 0.6032945	
1.41126232485479	-55	-4.0625	6	1186	234318493 0.6038455	
1.01242732000452	-57	-82.1875	7	1130	234318494 0.6045638	
1.36831086279399	-55	13	8	1186	234318494 0.6051858	
0.840621471761331	-57	43.125	9	1130	234318495 0.605797	
4.53751517056573	-55.5	2.8125	10	1186	234318735 0.8456696	
0.905048664852528	-57	10.9375	11	1130	234318736 0.8463167	
1.38671863224862	-55	21.9375	12	1186	234318743 0.8545357	
0.95720401164064	-57	-30.0625	13	1130	234318744 0.8555702	
1.38671863224862	-55	8.9375	14	1186	234318745 0.856325	
0.93266031903447	-57	-8.9375	15	1130	234318745 0.8568131	
1.41126232485479	-55	-4.0625	16	1186	234318746 0.8578018	
0.877437010670587	-57	34.9375	17	1130	234318748 0.8583476	
0.923456434307156	-57.5	-4.0625	18	1130	234318748 0.8591232	
1.38671863224862	-55.5	10.9375	19	1186	234318749 0.8596293	
0.93266031903447	-57	-17.0625	20	1130	234318749 0.8606492	
1.33763124703628	-55	52.0625	21	1186	234318750 0.8612002	
1.42353417115788	-55.5	-26	22	1186	234318984 1.0955563	
0.93266031903447	-56.5	-13	23	1130	234318985 1.0965736	
1.41126232485479	-55	0	24	1186	234318986 1.0970927	
0.901980703276757	-57.5	4.0625	25	1130	234318987 1.0983315	
4.06811704947272	-57.5	4.0625	26	1130	234318987 1.0988518	
4.54365109371727	-55.5	4.0625	27	1186	234318988 1.0994973	
1.3989904785517	-55	8.9375	28	1186	234318988 1.1000071	
0.883572933822129	-57	4.0625	29	1130	234318989 1.1011975	
0.895844780125214	-57	43.125	30	1130	234318991 1.1019136	
1.3989904785517	-55.5	-4.0625	31	1186	234318991 1.1023478	
1.35603901649091	-55.5	34.9375	32	1186	234318992 1.1032898	
0.883572933822129	-57	0	33	1130	234318993 1.1037487	
1.24559239976314	-55.5	8.125	34	1186	234319249 1.3596334	
0.93266031903447	-57.5	0	35	1130	234319261 1.371978	
1.23332055346006	-55	4.0625	36	1186	234319915 2.026753	
0.95720401164064	-57.5	-35.75	37	1130	234319938 2.049854	
1.4419419406125	-55.5	-26	38	1186	234319941 2.0516948	
0.938796242186012	-57	-26	39	1130	234319942 2.0533003	
1.38058270909708	-55.5	17.0625	40	1186	234319944 2.0545482	
0.871301087519044	-57	30.0625	41	1130	234319944 2.055336	
4.51297147795956	-55.5	21.125	42	1186	234319945 2.0561283	
0.920388472731385	-57	8.9375	43	1130	234319946 2.0572373	
1.3989904785517	-55	-8.9375	44	1186	234319947 2.05813	
0.914252549579842	-57	0	45	1130	234319948 2.0588912	
1.38058270909708	-55.5	-4.0625	46	1186	234319949 2.0599189	
0.93266031903447	-56.5	-21.9375	47	1130	234319949 2.060563	
0.895844780125214	-56.5	4.0625	48	1130	234319950 2.0611541	
1.34990309333936	-55.5	30.0625	49	1186	234319951 2.062208	
4.51603943953533	-55.5	2.8125	50	1186	234319952 2.0634398	
0.951068088489098	-57.5	-4.875	51	1130	234319953 2.0643519	
0.877437010670587	-57	43.125	52	1130	234319953 2.0653479	
1.38058270909708	-55	13	53	1186	234319955 2.0659226	
1.41739824800633	-55.5	-26	54	1186	234319956 2.0669259	
0.877437010670587	-57	17.0625	55	1130	234319957 2.0677834	
0.98174770424681	-57	-43.125	56	1130	234319958 2.0692978	
1.3989904785517	-55	-21.9375	57	1186	234319958 2.0698529	
4.04357335686655	-57	13	58	1130	234319960 2.0703637	
1.34990309333936	-55.5	21.9375	59	1186	234319960 2.0709948	
0.975611781095268	-57	-48	60	1130	234319961 2.0715762	
1.30695163127857	-55.5	56.125	61	1186	234319961 2.0722324	
1.39285455540016	-55	-13	62	1186	234319962 2.0727285	
0.926524395882927	-57	-30.0625	63	1130	234319963 2.0733643	
0.914252549579842	-57	17.0625	64	1130	234319963 2.0737784	
1.35603901649091	-55.5	21.9375	65	1186	234319964 2.0744244	
1.3989904785517	-55	-21.9375	66	1186	234319964 2.0749506	
0.871301087519044	-57.5	0	67	1130	234319965 2.0754667	
1.33763124703628	-55	34.9375	68	1186	234319965 2.076019	
0.9081166264283	-57.5	8.9375	69	1130	234319966 2.0764527	
4.5191074011111	-55.5	10.125	70	1186	234319985 2.0953585	
4.03743743371501	-57.5	17.0625	71	1130	234319985 2.0963511	
0.98174770424681	-57	-60.1875	72	1130	234319986 2.0972687	
1.38671863224862	-55	-8.9375	73	1186	234319987 2.0979852	
0.889708856973672	-57.5	0	74	1130	234319987 2.0986699	
1.39285455540016	-55.5	4.0625	75	1186	234319988 2.0993565	
1.38058270909708	-55.5	26	76	1186	234319989 2.1002195	
0.963339934792183	-57	-30.0625	77	1130	234319990 2.1012586	
1.38671863224862	-55.5	6.0625	78	1186	234319991 2.1019461	
4.03743743371501	-57.5	14.1875	79	1130	234319991 2.1027495	
0.889708856973672	-57	17.0625	80	1130	234320234 2.3452754	
1.41126232485479	-55.5	-21.9375	81	1186	234320732 2.8436047	
0.963339934792183	-57	-43.125	82	1130	234320743 2.8539081	
1.37444678594553	-55.5	4.0625	83	1186	234320745 2.856207	
0.852893318064416	-57	43.125	84	1130	234320748 2.8595992	
1.45421378691559	-55	-30.0625	85	1186	234320750 2.8611631	
1.39285455540016	-55.5	13	86	1186	234320752 2.8626673	
4.05891316474541	-57.5	6.0625	87	1130	234320752 2.8632301	
1.34376717018782	-55.5	52.0625	88	1186	234320754 2.8650508	
0.852893318064416	-57	34.9375	89	1130	234320755 2.8658782	
0.865165164367502	-57	39	90	1130	234320756 2.8665653	
1.34990309333936	-55	17.0625	91	1186	234320757 2.8676181	
0.926524395882927	-57	-30.0625	92	1130	234320758 2.8692838	
1.42353417115788	-55.5	-26	93	1186	234320759 2.8704216	
4.52831128583841	-55.5	13	94	1186	234320760 2.8708838	
0.895844780125214	-57.5	12.1875	95	1130	234320760 2.8716077	
0.926524395882927	-57	-4.0625	96	1130	234320761 2.8724411	
1.41126232485479	-55.5	0	97	1186	234320761 2.8728418	
1.37444678594553	-55.5	-26	98	1186	234320763 2.8742613	
0.93266031903447	-57	-34.9375	99	1130	234320764 2.8747694	
1.34376717018782	-55	21.9375	100	1186	234320765 2.8751826	
0.846757394912874	-57.5	52.0625	101	1130	234320767 2.877617	
0.914252549579842	-57	12.1875	102	1130	234320767 2.8782385	
1.36831086279399	-55.5	21.9375	103	1186	234320768 2.8794686	
1.36831086279399	-55.5	26	104	1186	234320770 2.8804834	
0.895844780125214	-57	26	105	1130	234320770 2.881054	
1.38058270909708	-55	34.9375	106	1186	234320774 2.8848119	
0.951068088489098	-57	-52.0625	107	1130	234320774 2.8852273	
0.944932165337555	-57.5	-65.0625	108	1130	234320775 2.885568	
1.38671863224862	-55.5	17.0625	109	1186	234320776 2.8870837	
4.51297147795956	-55.5	15	110	1186	234320778 2.8889621	
0.9081166264283	-57.5	15	111	1130	234320779 2.8894075	
1.41126232485479	-55.5	0	112	1186	234320779 2.8899331	
0.883572933822129	-57	39	113	1130	234320779 2.8905142	
0.883572933822129	-57	-4.0625	114	1130	234320781 2.8913883	
1.33149532388474	-55.5	39	115	1186	234320781 2.8923554	
1.35603901649091	-55.5	16.25	116	1186	234320985 3.0954045	
0.944932165337555	-57	-34.9375	117	1130	234321124 3.2351637	
4.51297147795956	-55.5	17.875	118	1186	234321134 3.2456628	
0.905048664852528	-57.5	8.9375	119	1130	234321258 3.3693299	
0.883572933822129	-57	-4.0625	120	1130	234321261 3.3719936	
1.39285455540016	-55.5	-4.0625	121	1186	234321300 3.4102451	
0.877437010670587	-57	26	122	1130	234321315 3.4254931	
1.39285455540016	-55	0	123	1186	234321329 3.4403066	
1.39285455540016	-55.5	8.9375	124	1186	234321349 3.4602019	
0.852893318064416	-57	39	125	1130	234321350 3.4612296	
1.39592251697593	-55.5	8.125	126	1186	234321351 3.462115	
0.923456434307156	-57	1.1875	127	1130	234321352 3.4629903	
0.895844780125214	-56.5	-8.9375	128	1130	234321352 3.4633702	
1.41126232485479	-55	-26	129	1186	234321353 3.4640291	
1.37444678594553	-55	4.0625	130	1186	234321353 3.464654	
0.98174770424681	-57	-56.125	131	1130	234321355 3.4651614	
0.926524395882927	-57.5	13	132	1130	234321355 3.4660548	
1.46034971006713	-55	-61	133	1186	234321356 3.4669787	
4.4976316700807	-55.5	17.0625	134	1186	234321357 3.4674695	
4.05277724159386	-57.5	6.0625	135	1130	234321357 3.4679568	
0.938796242186012	-57.5	-17.0625	136	1130	234321357 3.4682557	
1.38058270909708	-55.5	8.9375	137	1186	234321358 3.46861	
1.33763124703628	-55	30.0625	138	1186	234321498 3.6086643	
0.963339934792183	-57	-56.125	139	1130	234321524 3.6350273	
1.35603901649091	-55	13	140	1186	234321525 3.636246	
0.895844780125214	-57	34.9375	141	1130	234321528 3.6390332	
1.36831086279399	-55.5	19.9375	142	1186	234321529 3.640085	
0.895844780125214	-57.5	15	143	1130	234321531 3.6428042	
1.31922347758165	-55	56.125	144	1186	234321532 3.6435388	
0.944932165337555	-57	-39	145	1130	234321534 3.6454584	
1.00015547370144	-57	-74	146	1130	234321535 3.6459603	
1.3989904785517	-55.5	-21.9375	147	1186	234321536 3.6465938	
1.39285455540016	-55.5	-30.0625	148	1186	234321537 3.6476417	
0.963339934792183	-57	-30.0625	149	1130	234321537 3.6484029	
4.50069963165647	-55.5	15	150	1186	234321735 3.845226	
4.02516558741192	-57.5	14.1875	151	1130	234321736 3.84733	
0.895844780125214	-57	26	152	1130	234321737 3.8482624	
1.41126232485479	-55.5	-65.0625	153	1186	234321738 3.8497817	
1.38671863224862	-55.5	8.125	154	1186	234321742 3.8525016	
0.865165164367502	-57	17.0625	155	1130	234321743 3.8540599	
1.33763124703628	-55.5	39	156	1186	234321744 3.8550108	
0.9081166264283	-57	-4.0625	157	1130	234321745 3.8555539	
0.901980703276757	-57	8.125	158	1130	234321745 3.8561936	
1.41126232485479	-55.5	-8.9375	159	1186	234321746 3.8567695	
1.37444678594553	-55.5	-21.9375	160	1186	234321746 3.8571723	
0.859029241215959	-57	26	161	1130	234321747 3.8576662	
1.34683513176359	-55.5	19.9375	162	1186	234321984 4.0951971	
0.886640895397901	-57.5	21.9375	163	1130	234321986 4.0972675	
0.95720401164064	-57	-26	164	1130	234321988 4.0993303	
1.3989904785517	-55.5	-26	165	1186	234321992 4.1027727	
1.31922347758165	-55.5	43.125	166	1186	234321994 4.1049034	
0.877437010670587	-57	48	167	1130	234321994 4.1059155	
1.32535940073319	-55	31.6875	168	1186	234321996 4.1066448	
0.93266031903447	-57	-13	169	1130	234321996 4.1073669	
1.37137882436976	-55.5	14.1875	170	1186	234321997 4.1085239	
4.07118501104849	-57.5	6.0625	171	1130	234321999 4.1098485	
0.877437010670587	-57.5	26	172	1130	234322000 4.1110018	
1.32535940073319	-55	43.125	173	1186	234322001 4.1123872	
1.41739824800633	-55.5	-30.0625	174	1186	234322235 4.3454032	
0.889708856973672	-57	8.125	175	1130	234322236 4.3470367	
1.43580601746096	-55	-21.9375	176	1186	234322238 4.3488356	
0.871301087519044	-57.5	30.0625	177	1130	234322242 4.3527118	
1.35910697806668	-55.5	21.9375	178	1186	234322252 4.3628589	
0.883572933822129	-57.5	10.9375	179	1130	234322256 4.3670245	
0.895844780125214	-57	4.0625	180	1130	234322257 4.3678767	
1.30081570812702	-55.5	87.0625	181	1186	234322258 4.3688642	
0.895844780125214	-57	-8.9375	182	1130	234322265 4.3766293	
1.38058270909708	-55	-17.0625	183	1186	234322278 4.3892057	
0.920388472731385	-57	0	184	1130	234322318 4.4294247	
1.45421378691559	-55.5	-39	185	1186	234322318 4.4299753	
1.36524290121822	-55.5	10.125	186	1186	234322484 4.5950937	
0.874369049094815	-57.5	19.125	187	1130	234322485 4.5966481	
0.926524395882927	-57	-26	188	1130	234322486 4.5979448	
1.39285455540016	-55.5	4.0625	189	1186	234322488 4.5993752	
1.40512640170325	-55.5	-21.9375	190	1186	234322491 4.6022141	
0.95720401164064	-57	-34.9375	191	1130	234322492 4.6030918	
0.920388472731385	-57	-4.0625	192	1130	234322493 4.6041156	
1.35603901649091	-55	13	193	1186	234322493 4.6048837	
4.52524332426264	-55.5	12.1875	194	1186	234322495 4.6055083	
4.06198112632118	-57	10.125	195	1130	234322496 4.6062341	
0.895844780125214	-57	30.0625	196	1130	234322496 4.6068958	
1.41739824800633	-55.5	0	197	1186	234322496 4.6075078	
0.93266031903447	-57	-26	198	1130	234322734 4.8451556	
1.32535940073319	-55.5	52.0625	199	1186	234322735 4.8462501	
0.951068088489098	-57.5	-56.125	200	1130	234322736 4.8473175	
1.42353417115788	-55.5	-26	201	1186	234322737 4.8484668	
4.03130151056347	-57.5	17.875	202	1130	234322739 4.8497796	
4.51603943953533	-55.5	12.1875	203	1186	234322740 4.8513588	
1.39285455540016	-55.5	-13	204	1186	234322742 4.8530135	
0.877437010670587	-57	20.3125	205	1130	234322743 4.8543703	
4.54671905529304	-56	0	206	1186	234322744 4.8558027	
4.07425297262426	-58	0.1875	207	1130	234322746 4.8576154	
0.877437010670587	-57	34.9375	208	1130	234322748 4.8593426	
1.37444678594553	-55.5	13	209	1186	234322750 4.8610808	
1.36524290121822	-55.5	14.1875	210	1186	234322994 5.1055711	
4.02516558741192	-57.5	15.8125	211	1130	234323005 5.1157623	
0.963339934792183	-57	-39	212	1130	234323023 5.1331383	
1.42967009430942	-55.5	-21.9375	213	1186	234323024 5.1348955	
0.859029241215959	-57	39	214	1130	234323029 5.1403874	
1.34990309333936	-55.5	26	215	1186	234323030 5.1411169	
0.93266031903447	-57	-30.0625	216	1130	234323035 5.1469149	
1.41126232485479	-55.5	-30.0625	217	1186	234323036 5.1475423	
0.877437010670587	-57.5	17.0625	218	1130	234323036 5.1479458	
1.38058270909708	-55.5	10.125	219	1186	234323036 5.1483575	
0.914252549579842	-57	-4.0625	220	1130	234323038 5.1487204	
1.42967009430942	-55.5	-16.25	221	1186	234323038 5.149213	
1.37444678594553	-55.5	8.9375	222	1186	234323235 5.3465865	
0.951068088489098	-57.5	-48	223	1130	234323241 5.3513939	
1.3989904785517	-55.5	-21.9375	224	1186	234323242 5.3532866	
0.859029241215959	-57	8.9375	225	1130	234323244 5.3553616	
1.38058270909708	-55.5	13	226	1186	234323245 5.3563388	
4.05891316474541	-57.5	6.875	227	1130	234323246 5.3570236	
1.36217493964245	-55.5	39	228	1186	234323247 5.3579929	
0.883572933822129	-57.5	26	229	1130	234323248 5.35884	
0.944932165337555	-57	-52.0625	230	1130	234323249 5.3596846	
1.37444678594553	-55.5	34.9375	231	1186	234323249 5.3603452	
0.93266031903447	-57	-30.0625	232	1130	234323485 5.595407	
1.38058270909708	-55.5	30.0625	233	1186	234323486 5.5973721	
4.52217536268687	-55.5	14.1875	234	1186	234323490 5.6022463	
0.898912741700986	-57.5	4.875	235	1130	234323494 5.6048681	
0.859029241215959	-57.5	21.9375	236	1130	234323494 5.6053156	
1.34990309333936	-55.5	17.0625	237	1186	234323494 5.6058164	
0.926524395882927	-57	-8.9375	238	1130	234323497 5.6079194	
1.41739824800633	-55.5	8.9375	239	1186	234323497 5.608496	
1.36217493964245	-55.5	21.9375	240	1186	234323498 5.6090894	
0.895844780125214	-57	0	241	1130	234323498 5.6097734	
0.889708856973672	-57.5	15.8125	242	1130	234323499 5.6106024	
1.40205844012748	-55.5	4.875	243	1186	234323499 5.6112522	
0.95720401164064	-57	-65.0625	244	1130	234323736 5.8472135	
1.41126232485479	-55.5	0	245	1186	234323738 5.848934	
0.905048664852528	-57.5	6.0625	246	1130	234323739 5.8496471	
1.37137882436976	-55.5	17.875	247	1186	234323741 5.8516522	
0.895844780125214	-57	-13	248	1130	234323741 5.8523581	
1.33149532388474	-55.5	69.125	249	1186	234323742 5.853187	
0.901980703276757	-57	-8.9375	250	1130	234323743 5.8543652	
1.38058270909708	-55	13	251	1186	234323744 5.8549138	
1.38671863224862	-56	-30.0625	252	1186	234323744 5.8553602	
0.901980703276757	-57	-17.0625	253	1130	234323744 5.8557454	
1.38058270909708	-56	4.0625	254	1186	234323984 6.0950289	
0.874369049094815	-57.5	19.9375	255	1130	234323986 6.0974948	
0.883572933822129	-57	-4.0625	256	1130	234323989 6.0993058	
1.34990309333936	-56	26	257	1186	234323991 6.1018708	
0.852893318064416	-57	34.9375	258	1130	234323993 6.1036648	
1.41126232485479	-55.5	-21.9375	259	1186	234323994 6.1055464	
0.920388472731385	-57	13	260	1130	234323995 6.106179	
1.35603901649091	-55	21.9375	261	1186	234323996 6.1073162	
4.04357335686655	-57.5	10.125	262	1130	234323997 6.1078006	
1.25479628449045	-55.5	0	263	1186	234323998 6.1089144	
0.871301087519044	-56.5	17.0625	264	1130	234323998 6.1095263	
1.25786424606623	-55	8.9375	265	1186	234324000 6.1110782	
1.42967009430942	-55.5	-4.0625	266	1186	234324233 6.3448435	
0.877437010670587	-57	8.9375	267	1130	234324425 6.5369364	
1.36831086279399	-55.5	26	268	1186	234324441 6.5526833	
0.926524395882927	-57.5	-21.9375	269	1130	234324455 6.5662114	
4.51603943953533	-56	21.125	270	1186	234324466 6.5773073	
0.898912741700986	-57.5	4.875	271	1130	234324467 6.5791595	
0.914252549579842	-57	-13	272	1130	234324476 6.5870071	
1.35603901649091	-55.5	13	273	1186	234324487 6.5974033	
1.41126232485479	-55.5	-26	274	1186	234324487 6.5979562	
0.883572933822129	-57	39	275	1130	234324490 6.6012593	
0.994019550549895	-57.5	-65.0625	276	1130	234324492 6.6031439	
1.38058270909708	-55.5	17.0625	277	1186	234324494 6.6048294	
1.38058270909708	-55.5	17.875	278	1186	234324495 6.6055849	
4.03743743371501	-57.5	17.0625	279	1130	234324495 6.6062567	
0.877437010670587	-57	8.9375	280	1130	234324495 6.6066616	
1.36831086279399	-55.5	17.0625	281	1186	234324496 6.6073064	
1.24559239976314	-55	-8.9375	282	1186	234324497 6.6079229	
1.03083508945915	-57	-82.1875	283	1130	234324498 6.6087896	
0.963339934792183	-57	-34.9375	284	1130	234324498 6.6092499	
1.27013609236931	-55	-17.0625	285	1186	234324499 6.6100831	
1.37137882436976	-55.5	12.1875	286	1186	234324499 6.6104042	
0.889708856973672	-57.5	6.0625	287	1130	234324499 6.6106314	
0.828349625458246	-56.5	52.0625	288	1130	234324500 6.6108906	
1.35603901649091	-55.5	56.125	289	1186	234324500 6.6110915	
1.36217493964245	-55.5	34.9375	290	1186	234324734 6.8448966	
0.98174770424681	-57	-65.0625	291	1130	234324735 6.8463386	
0.93266031903447	-57	-34.9375	292	1130	234324736 6.8474838	
1.38058270909708	-55.5	17.0625	293	1186	234324737 6.8485775	
4.5405831321415	-55.5	2.8125	294	1186	234324739 6.8496555	
4.02823354898769	-57.5	19.9375	295	1130	234324740 6.8508941	
0.883572933822129	-57.5	13	296	1130	234324741 6.8526883	
1.39285455540016	-56	-21.9375	297	1186	234324742 6.8534922	
1.3989904785517	-55.5	-4.0625	298	1186	234324743 6.8540131	
0.9081166264283	-57	-21.9375	299	1130	234324743 6.8545268	
1.36831086279399	-56	34.9375	300	1186	234324744 6.8549348	
0.9081166264283	-57.5	-4.0625	301	1130	234324744 6.8555378	
4.36570932232253	-55.5	27.25	302	1186	234325009 7.1196211	
0.892776818549443	-57.5	15.8125	303	1130	234325012 7.1232544	
0.994019550549895	-57.5	-56.125	304	1130	234325032 7.1430624	
1.31308755443011	-55.5	-48	305	1186	234325040 7.1509992	
1.23332055346006	-55	28.4375	306	1186	234325063 7.1741209	
0.895844780125214	-57	43.125	307	1130	234325067 7.1780844	
1.2394564766116	-55	-13	308	1186	234325068 7.179323	
0.920388472731385	-57	-4.0625	309	1130	234325070 7.180299	
4.3902530149287	-55.5	13	310	1186	234325070 7.1812251	
0.920388472731385	-57.5	14.1875	311	1130	234325071 7.1820837	
0.809941856003619	-57	61	312	1130	234325072 7.1827826	
1.27013609236931	-55.5	-26	313	1186	234325076 7.1861719	
0.920388472731385	-57.5	-13	314	1130	234325234 7.3447204	
1.36217493964245	-55.5	13	315	1186	234325235 7.3462901	
1.43580601746096	-55.5	-48	316	1186	234325236 7.3470078	
0.938796242186012	-57	-39	317	1130	234325236 7.3477979	
0.865165164367502	-57.5	21.125	318	1130	234325237 7.3483366	
4.53444720898996	-55.5	6.0625	319	1186	234325237 7.3487299	
1.41126232485479	-55.5	-8.9375	320	1186	234325238 7.3490575	
0.951068088489098	-57	-39	321	1130	234325238 7.349386	
1.43580601746096	-55.5	-17.0625	322	1186	234325238 7.3497162	
0.914252549579842	-57.5	-13	323	1130	234325240 7.3501771	
0.877437010670587	-57.5	-4.0625	324	1130	234325484 7.5946937	
1.47262155637022	-55.5	-39	325	1186	234325499 7.6099855	
1.39592251697593	-55.5	15	326	1186	234325506 7.6179203	
4.04050539529078	-57	13	327	1130	234325508 7.6186758	
0.93266031903447	-57	-8.9375	328	1130	234325508 7.6200573	
1.41739824800633	-55.5	4.0625	329	1186	234325511 7.6220407	
0.95720401164064	-57	-30.0625	330	1130	234325511 7.6229604	
1.41126232485479	-55.5	-21.9375	331	1186	234325512 7.6238963	
0.969475857943725	-57.5	-43.125	332	1130	234325513 7.6247976	
1.37444678594553	-55.5	30.0625	333	1186	234325514 7.6256256	
1.22104870715697	-55.5	21.9375	334	1186	234325514 7.6265012	
0.9081166264283	-57	13	335	1130	234325516 7.627367	
1.00015547370144	-57	-39.875	336	1130	234325734 7.8446225	
1.27627201552085	-55	0	337	1186	234325735 7.8456712	
1.40205844012748	-55.5	15	338	1186	234325735 7.8461142	
4.02823354898769	-57.5	21.9375	339	1130	234325736 7.8468105	
0.816077779155161	-57	56.125	340	1130	234325736 7.8473918	
1.3989904785517	-55.5	0	341	1186	234325738 7.8489784	
1.46034971006713	-55.5	-34.9375	342	1186	234325739 7.8495721	
0.871301087519044	-57	0	343	1130	234325740 7.8504634	
0.895844780125214	-57	-13	344	1130	234325741 7.8520698	
1.3989904785517	-55.5	21.9375	345	1186	234325744 7.8548542	
0.905048664852528	-57.5	14.1875	346	1130	234325798 7.9086748	
4.52831128583841	-55.5	15.8125	347	1186	234325805 7.9165506	
0.852893318064416	-57	48	348	1130	234325998 8.1092425	
1.3989904785517	-55.5	-17.0625	349	1186	234326001 8.1124475	
1.3989904785517	-55.5	4.0625	350	1186	234326002 8.1134693	
0.846757394912874	-57	30.0625	351	1130	234326005 8.1159024	
0.93266031903447	-57	-26	352	1130	234326007 8.1178662	
1.41126232485479	-55.5	4.0625	353	1186	234326007 8.118611	
1.38058270909708	-56	19.9375	354	1186	234326009 8.119912	
4.03743743371501	-57.5	19.125	355	1130	234326018 8.1284034	
0.938796242186012	-57	-17.0625	356	1130	234326019 8.1294666	
1.39285455540016	-55.5	12.1875	357	1186	234326033 8.1445153	
0.951068088489098	-57	-34.9375	358	1130	234326234 8.3448357	
1.20264093770234	-55.5	13	359	1186	234326243 8.3540078	
1.34376717018782	-55.5	-87.0625	360	1186	234326262 8.3731494	
0.883572933822129	-57	28.4375	361	1130	234326263 8.3742773	
4.05584520316964	-57.5	6.875	362	1130	234326264 8.3753454	
1.38058270909708	-55.5	14.1875	363	1186	234326265 8.3767603	
1.41126232485479	-55.5	4.0625	364	1186	234326267 8.377655	
0.975611781095268	-57	-43.125	365	1130	234326268 8.3786608	
0.951068088489098	-57	-34.9375	366	1130	234326268 8.3793732	
1.41126232485479	-55.5	4.0625	367	1186	234326269 8.3799757	
0.883572933822129	-57	17.0625	368	1130	234326269 8.3805824	
1.42353417115788	-55.5	-30.0625	369	1186	234326269 8.38119	
1.37444678594553	-55.5	8.9375	370	1186	234326484 8.5945663	
4.04050539529078	-57.5	4.0625	371	1130	234326485 8.5956418	
0.951068088489098	-57	-43.125	372	1130	234326486 8.5967181	
1.37444678594553	-56	13	373	1186	234326486 8.5978284	
1.41739824800633	-55.5	-28.4375	374	1186	234326487 8.5987212	
0.920388472731385	-57	-8.9375	375	1130	234326488 8.5997417	
1.33763124703628	-56	4.0625	376	1186	234326490 8.6015947	
0.920388472731385	-57	0	377	1130	234326492 8.602725	
0.923456434307156	-57.5	8.9375	378	1130	234326492 8.6034777	
4.50990351638379	-56	17.0625	379	1186	234326493 8.6045956	
1.3989904785517	-55.5	-4.0625	380	1186	234326494 8.6053698	
0.951068088489098	-57	-13	381	1130	234326495 8.6061286	
1.38058270909708	-55.5	8.9375	382	1186	234326733 8.8444253	
0.969475857943725	-57	-56.125	383	1130	234326748 8.8590104	
0.895844780125214	-57.5	-13	384	1130	234326749 8.8604476	
1.34376717018782	-55.5	56.125	385	1186	234326755 8.8656797	
0.914252549579842	-57.5	4.875	386	1130	234326755 8.8662373	
4.35650543759522	-55.5	15	387	1186	234326756 8.8671688	
1.1965050145508	-55.5	17.0625	388	1186	234326762 8.8728826	
0.889708856973672	-57	30.0625	389	1130	234326763 8.8741142	
0.883572933822129	-57	0	390	1130	234326764 8.8745998	
1.37444678594553	-55.5	4.0625	391	1186	234326764 8.8750686	
1.32535940073319	-55.5	56.125	392	1186	234326764 8.8754907	
0.951068088489098	-57	-34.9375	393	1130	234326766 8.876343	
4.03130151056347	-57.5	17.0625	394	1130	234326984 9.0947376	
4.48842778535339	-55.5	21.9375	395	1186	234326985 9.0962768	
0.871301087519044	-57	34.9375	396	1130	234326986 9.0975353	
1.34376717018782	-55	39	397	1186	234326990 9.1012015	
1.36217493964245	-55.5	26	398	1186	234326992 9.1029809	
0.95720401164064	-57	-30.0625	399	1130	234326993 9.1042354	
0.938796242186012	-57.5	-26	400	1130	234326995 9.1055402	
1.36831086279399	-55.5	8.9375	401	1186	234326995 9.1064701	
0.941864203761784	-57.5	-6.875	402	1130	234326996 9.1076354	
1.37751474752131	-55.5	24	403	1186	234326998 9.1086329	
0.828349625458246	-57	17.0625	404	1130	234326998 9.1097791	
1.37444678594553	-55.5	21.9375	405	1186	234327000 9.1108191	
0.901980703276757	-57	-13	406	1130	234327244 9.3547294	
1.34990309333936	-55.5	30.0625	407	1186	234327245 9.3562545	
1.32535940073319	-56	39	408	1186	234327247 9.3578352	
0.883572933822129	-57	26	409	1130	234327248 9.3591349	
4.03436947213924	-57.5	15.8125	410	1130	234327250 9.3611946	
1.38058270909708	-55.5	8.9375	411	1186	234327251 9.3627348	
1.35603901649091	-55.5	48	412	1186	234327252 9.3637572	
0.859029241215959	-57	21.9375	413	1130	234327254 9.3654169	
0.901980703276757	-57	4.0625	414	1130	234327256 9.3662372	
1.35603901649091	-55.5	30.0625	415	1186	234327257 9.3688083	
0.889708856973672	-57.5	8.9375	416	1130	234327258 9.3696474	
1.38671863224862	-56	-8.9375	417	1186	234327259 9.3708952	
1.37444678594553	-55.5	10.9375	418	1186	234327484 9.5946727	
0.871301087519044	-57.5	23.1875	419	1130	234327484 9.5953821	
1.44807786376405	-55.5	-65.0625	420	1186	234327485 9.5966016	
1.03697101261069	-57	-87.0625	421	1130	234327487 9.5983451	
1.40205844012748	-55.5	2.8125	422	1186	234327489 9.6001244	
0.892776818549443	-57.5	6.875	423	1130	234327491 9.6019552	
1.33763124703628	-55.5	34.9375	424	1186	234327492 9.6031879	
0.9081166264283	-57	-13	425	1130	234327493 9.6043596	
0.877437010670587	-57	43.125	426	1130	234327494 9.6054994	
1.21491278400543	-55	8.9375	427	1186	234327495 9.6064699	
1.20877686085389	-55	13	428	1186	234327734 9.8444914	
0.926524395882927	-57	-4.0625	429	1130	234327736 9.8464894	
4.07425297262426	-57	8.9375	430	1130	234327738 9.8481617	
4.50683555480801	-55.5	12.1875	431	1186	234327739 9.849661	
1.41739824800633	-55.5	-30.0625	432	1186	234327740 9.8515575	
0.914252549579842	-57	-30.0625	433	1130	234327742 9.852665	
1.36831086279399	-55.5	-8.9375	434	1186	234327742 9.8533101	
0.895844780125214	-57	4.0625	435	1130	234327744 9.854753	
1.33763124703628	-55.5	39	436	1186	234327745 9.855627	
0.938796242186012	-57	-30.0625	437	1130	234327746 9.8565284	
1.37444678594553	-55.5	13	438	1186	234327746 9.8571112	
4.04664131844232	-57.5	10.9375	439	1130	234327747 9.8578699	
1.00015547370144	-57	-52.0625	440	1130	234327983 10.094264	
1.36831086279399	-55.5	17.0625	441	1186	234327984 10.0959444	
1.36831086279399	-55.5	20.3125	442	1186	234327987 10.0984175	
0.914252549579842	-57	-4.0625	443	1130	234327989 10.0994375	
0.895844780125214	-57.5	-8.9375	444	1130	234327991 10.1019367	
1.34990309333936	-55.5	13	445	1186	234327991 10.1024882	
0.889708856973672	-57.5	19.125	446	1130	234327992 10.1032005	
4.50990351638379	-55.5	8.9375	447	1186	234327993 10.1040647	
1.37444678594553	-55.5	13	448	1186	234327994 10.1046595	
0.889708856973672	-57	17.0625	449	1130	234327994 10.1052433	
0.95720401164064	-57	-17.0625	450	1130	234327995 10.1058288	
1.36217493964245	-55.5	30.0625	451	1186	234327995 10.1062043	
1.36217493964245	-55.5	4.0625	452	1186	234328233 10.3449258	
0.914252549579842	-57	-8.9375	453	1130	234328237 10.3483445	
4.50376759323224	-55.5	15	454	1186	234328238 10.3491792	
4.04050539529078	-57.5	8.125	455	1130	234328238 10.3497237	
1.34990309333936	-55.5	39	456	1186	234328241 10.3526301	
0.852893318064416	-57	34.9375	457	1130	234328243 10.3546122	
1.35603901649091	-55.5	8.9375	458	1186	234328244 10.3554806	
0.944932165337555	-57	-26	459	1130	234328245 10.3562278	
1.36217493964245	-55.5	34.9375	460	1186	234328246 10.3571487	
0.95720401164064	-57.5	-61	461	1130	234328246 10.3580232	
4.02823354898769	-57.5	8.125	462	1130	234328248 10.3588693	
1.35297105491514	-55.5	25.1875	463	1186	234328249 10.360135	
1.39285455540016	-55.5	-13	464	1186	234328484 10.594501	
0.895844780125214	-57	8.9375	465	1130	234328488 10.5988406	
1.42967009430942	-56	-17.0625	466	1186	234328492 10.6029749	
0.938796242186012	-57	-34.9375	467	1130	234328493 10.6041108	
1.39285455540016	-55.5	-13	468	1186	234328494 10.6052642	
1.00015547370144	-57	-69.125	469	1130	234328496 10.6064089	
1.36831086279399	-55.5	10.9375	470	1186	234328497 10.6075415	
0.889708856973672	-57.5	10.125	471	1130	234328498 10.6086194	
1.38671863224862	-55.5	-30.0625	472	1186	234328499 10.6095513	
0.877437010670587	-57.5	13	473	1130	234328500 10.6104553	
1.38671863224862	-55.5	4.0625	474	1186	234328501 10.6117568	
0.938796242186012	-57.5	-26	475	1130	234328502 10.6128656	
1.37444678594553	-55.5	21.9375	476	1186	234328733 10.8444645	
0.944932165337555	-57	-4.0625	477	1130	234328736 10.8462646	
4.04970928001809	-57.5	4.875	478	1130	234328738 10.8483536	
1.37444678594553	-55.5	13	479	1186	234328742 10.8523774	
1.47262155637022	-56	-48	480	1186	234328743 10.8530894	
0.865165164367502	-57	-8.9375	481	1130	234328744 10.8547087	
1.42967009430942	-55.5	-17.0625	482	1186	234328745 10.8554588	
0.883572933822129	-57	4.0625	483	1130	234328746 10.8565371	
1.44807786376405	-55.5	-26	484	1186	234328747 10.8572875	
0.987883627398353	-57	-52.0625	485	1130	234328748 10.8582732	
0.920388472731385	-57.5	8.9375	486	1130	234328749 10.8591153	
1.38365067067285	-55.5	6.875	487	1186	234328750 10.860759	
0.859029241215959	-57.5	17.0625	488	1130	234328984 11.0941886	
1.34376717018782	-55.5	56.125	489	1186	234328992 11.1024851	
0.920388472731385	-57	0	490	1130	234328994 11.1050337	
1.34376717018782	-55.5	61	491	1186	234328995 11.1059877	
1.3989904785517	-55.5	17.0625	492	1186	234328998 11.1088919	
0.895844780125214	-57	4.0625	493	1130	234328999 11.109808	
1.39285455540016	-55.5	10.125	494	1186	234329000 11.1105247	
4.04664131844232	-57.5	4.0625	495	1130	234329000 11.1112741	
1.36217493964245	-55.5	21.9375	496	1186	234329001 11.1119345	
0.803805932852076	-57	52.0625	497	1130	234329002 11.1125762	
1.36217493964245	-55.5	39	498	1186	234329240 11.3510159	
0.926524395882927	-57	0	499	1130	234329244 11.3548711	
0.865165164367502	-57	13	500	1130	234329245 11.3562848	
1.43580601746096	-55.5	-26	501	1186	234329247 11.3575909	
4.5620588631719	-56	0	502	1186	234329248 11.3582736	
4.05277724159386	-57	15	503	1130	234329249 11.359815	
0.834485548609789	-57	61	504	1130	234329251 11.3611825	
1.41126232485479	-55.5	-8.9375	505	1186	234329251 11.3618756	
0.951068088489098	-57	-30.0625	506	1130	234329252 11.3625267	
1.24559239976314	-55	0	507	1186	234329252 11.3631589	
1.31308755443011	-55	-65.0625	508	1186	234329253 11.364132	
0.969475857943725	-57	-48	509	1130	234329253 11.3647871	
1.01242732000452	-57	-78.0625	510	1130	234329508 11.6192021	
1.41126232485479	-55.5	-21.9375	511	1186	234329553 11.6648374	
0.889708856973672	-57.5	26	512	1130	234329556 11.6674784	
1.36831086279399	-55.5	28.4375	513	1186	234329569 11.6805925	
1.37444678594553	-55.5	17.875	514	1186	234329598 11.7094998	
4.04357335686655	-57.5	14.1875	515	1130	234329604 11.715077	
1.01242732000452	-57	-65.0625	516	1130	234329609 11.7203756	
1.42353417115788	-55.5	-48	517	1186	234329613 11.7241877	
1.43580601746096	-55.5	-21.9375	518	1186	234329614 11.7251575	
0.944932165337555	-57	-26	519	1130	234329615 11.7258414	
1.38058270909708	-56	26	520	1186	234329615 11.7262801	
0.871301087519044	-57.5	8.9375	521	1130	234329615 11.7267938	
4.04970928001809	-57.5	4.0625	522	1130	234329778 11.8890133	
1.38058270909708	-55.5	15	523	1186	234330113 12.2242431	
1.38671863224862	-55.5	0	524	1186	234330115 12.2254278	
0.920388472731385	-57	-8.9375	525	1130	234330116 12.2261934	
0.944932165337555	-57	-17.0625	526	1130	234330117 12.2272504	
1.27013609236931	-55.5	-34.9375	527	1186	234330117 12.227762	
1.30081570812702	-55	-34.9375	528	1186	234330118 12.2282751	
0.926524395882927	-57.5	-21.9375	529	1130	234330118 12.228703	
0.865165164367502	-57.5	25.1875	530	1130	234330119 12.2291743	
1.39592251697593	-56	10.125	531	1186	234330119 12.2297286	
1.36831086279399	-55.5	30.0625	532	1186	234330119 12.2302758	
0.975611781095268	-57	-43.125	533	1130	234330120 12.2315776	
1.40512640170325	-55.5	8.9375	534	1186	234330124 12.2344532	
0.871301087519044	-57	26	535	1130	234330125 12.2355589	
1.42967009430942	-56	-21.9375	536	1186	234330125 12.2361219	
0.98174770424681	-57	-34.9375	537	1130	234330126 12.236927	
1.23638851503583	-55.5	19.9375	538	1186	234330126 12.2374252	
0.914252549579842	-57.5	13	539	1130	234330126 12.2379071	
1.26400016921777	-55	8.9375	540	1186	234330128 12.2383626	
0.914252549579842	-57	4.0625	541	1130	234330128 12.238751	
0.901980703276757	-57	-4.0625	542	1130	234330128 12.2393286	
1.40512640170325	-55.5	-17.0625	543	1186	234330133 12.2439077	
0.889708856973672	-57.5	8.9375	544	1130	234330136 12.2471899	
1.4419419406125	-55.5	-21.9375	545	1186	234330141 12.2514961	
4.39638893808025	-55.5	2	546	1186	234330233 12.3440016	
4.03130151056347	-57.5	25.1875	547	1130	234330234 12.3448821	
1.27627201552085	-55.5	-21.9375	548	1186	234330234 12.3456175	
0.969475857943725	-57	-52.0625	549	1130	234330236 12.3468377	
0.914252549579842	-57	8.9375	550	1130	234330237 12.3480175	
1.34990309333936	-55.5	48	551	1186	234330238 12.348963	
0.895844780125214	-57	-13	552	1130	234330240 12.3504269	
1.33763124703628	-56	48	553	1186	234330241 12.3518168	
4.38104913020139	-55.5	23.1875	554	1186	234330241 12.3527818	
0.889708856973672	-57	14.1875	555	1130	234330242 12.353701	
0.963339934792183	-57	-34.9375	556	1130	234330243 12.3543195	
1.21491278400543	-55.5	60.1875	557	1186	234330244 12.3547984	
1.40512640170325	-55.5	-13	558	1186	234330482 12.5940036	
1.00629139685298	-57.5	-74	559	1130	234330499 12.6098646	
1.41739824800633	-55.5	-30.0625	560	1186	234330500 12.6113783	
0.895844780125214	-57.5	34.9375	561	1130	234330536 12.6472894	
4.05277724159386	-57.5	12.1875	562	1130	234330553 12.6639629	
4.40559282280756	-55.5	8.9375	563	1186	234330675 12.786856	
1.30081570812702	-55.5	-12.1875	564	1186	234330677 12.788392	
0.901980703276757	-57	8.9375	565	1130	234330678 12.7895809	
1.42353417115788	-55.5	-17.0625	566	1186	234330679 12.7904186	
0.93266031903447	-57.5	-21.9375	567	1130	234330680 12.7911095	
0.895844780125214	-57	-8.9375	568	1130	234330680 12.791674	
1.38058270909708	-56	30.0625	569	1186	234330681 12.7923848	
1.25172832291468	-55.5	13	570	1186	234330733 12.8439591	
0.905048664852528	-57.5	12.1875	571	1130	234330733 12.8446837	
0.895844780125214	-57	21.9375	572	1130	234330735 12.8457545	
1.27627201552085	-55.5	4.0625	573	1186	234330736 12.8467933	
1.42353417115788	-56	-21.9375	574	1186	234330736 12.8473262	
0.994019550549895	-57	-74	575	1130	234330737 12.848121	
1.35603901649091	-55.5	61	576	1186	234330738 12.8488655	
0.926524395882927	-57	4.0625	577	1130	234330738 12.8496076	
4.56512682474767	-56	4.0625	578	1186	234330739 12.8504687	
0.911184588004071	-57.5	19.125	579	1130	234330740 12.8512563	
0.938796242186012	-57.5	-17.0625	580	1130	234330741 12.8518775	
1.38671863224862	-55.5	17.0625	581	1186	234330741 12.8524594	
0.920388472731385	-57.5	-8.9375	582	1130	234330983 13.0944174	
1.41126232485479	-55.5	8.9375	583	1186	234330986 13.0974016	
1.42967009430942	-55.5	13	584	1186	234330990 13.1011547	
0.865165164367502	-57.5	48	585	1130	234330992 13.1037357	
1.27627201552085	-55.5	23.1875	586	1186	234330994 13.1054746	
0.954136050064869	-57.5	-2	587	1130	234330995 13.1064365	
0.926524395882927	-57	17.0625	588	1130	234330996 13.1073371	
1.27013609236931	-55.5	4.0625	589	1186	234330996 13.1081949	
1.34990309333936	-55	-30.0625	590	1186	234330998 13.1090744	
0.9081166264283	-57	26	591	1130	234330999 13.109989	
0.98174770424681	-57	8.9375	592	1130	234331234 13.3452679	
1.34990309333936	-55.5	-56.125	593	1186	234331235 13.3467414	
4.59887440208115	-55.5	0	594	1186	234331237 13.348352	
4.08652481892735	-57.5	15	595	1130	234331238 13.3496508	
0.93266031903447	-57	30.0625	596	1130	234331241 13.3524186	
1.50943709527947	-55.5	-26	597	1186	234331242 13.3534979	
4.61114624838424	-55.5	-4.0625	598	1186	234331243 13.3548869	
4.11106851153352	-57.5	15.8125	599	1130	234331245 13.356825	
1.44807786376405	-56	-4.0625	600	1186	234331247 13.3579797	
0.98174770424681	-57	-26	601	1130	234331248 13.3589237	
1.46034971006713	-55.5	0	602	1186	234331249 13.3599843	
0.98174770424681	-57	-4.0625	603	1130	234331250 13.3615001	
0.95720401164064	-57	-13	604	1130	234331483 13.5940742	
1.49102932582484	-55.5	-26	605	1186	234331485 13.5953951	
1.26706813079354	-55.5	24	606	1186	234331486 13.5967448	
0.975611781095268	-57.5	1.1875	607	1130	234331487 13.5981193	
1.30695163127857	-55.5	-21.9375	608	1186	234331489 13.5993559	
0.963339934792183	-57	0	609	1130	234331490 13.601156	
0.877437010670587	-57	52.0625	610	1130	234331492 13.6029914	
1.32535940073319	-55	-26	611	1186	234331493 13.6043754	
1.31922347758165	-55	-26	612	1186	234331494 13.6050787	
1.01242732000452	-57	-26	613	1130	234331494 13.605582	
4.57739867105075	-55.5	6.0625	614	1186	234331495 13.6061121	
0.984815665822582	-57.5	-1.1875	615	1130	234331495 13.6069211	
0.963339934792183	-56.5	0	616	1130	234331733 13.8440499	
1.36831086279399	-55.5	34.9375	617	1186	234331737 13.8473887	
1.25172832291468	-55.5	48	618	1186	234331740 13.8517373	
0.969475857943725	-57	8.125	619	1130	234331753 13.864092	
0.93266031903447	-57	30.0625	620	1130	234331762 13.8734288	
1.26400016921777	-55.5	13	621	1186	234331787 13.8982749	
4.56512682474767	-55.5	14.1875	622	1186	234331795 13.9059062	
4.08652481892735	-57	21.125	623	1130	234331796 13.9065053	
0.987883627398353	-57	-34.9375	624	1130	234331796 13.9069729	
1.3989904785517	-55.5	30.0625	625	1186	234331796 13.9079586	
0.926524395882927	-57	30.0625	626	1130	234331983 14.0944387	
1.34990309333936	-55.5	65.0625	627	1186	234331986 14.0972441	
0.969475857943725	-57	-17.0625	628	1130	234331996 14.1073351	
1.3989904785517	-55.5	21.9375	629	1186	234331997 14.1084012	
4.42093263068642	-55.5	15	630	1186	234331998 14.1090878	
4.10800054995775	-57.5	14.1875	631	1130	234331998 14.1095371	
1.22718463030851	-55	52.0625	632	1186	234331999 14.1101736	
0.840621471761331	-56.5	56.125	633	1130	234332000 14.1108388	
1.4848934026733	-55.5	-21.9375	634	1186	234332000 14.1113221	
0.987883627398353	-57	-39	635	1130	234332000 14.1119565	
1.42353417115788	-55.5	21.9375	636	1186	234332001 14.1126391	
1.00015547370144	-57	-8.9375	637	1130	234332001 14.1130894	
4.06504908789695	-57.5	21.9375	638	1130	234332233 14.344003	
4.57433070947498	-55.5	13	639	1186	234332235 14.3455347	
1.4419419406125	-55.5	0	640	1186	234332235 14.346639	
0.944932165337555	-57	-17.0625	641	1130	234332237 14.3478025	
0.987883627398353	-57	-26	642	1130	234332238 14.3497378	
1.44807786376405	-55.5	-21.9375	643	1186	234332242 14.3526125	
1.38671863224862	-55.5	43.125	644	1186	234332243 14.3536007	
0.901980703276757	-56.5	43.125	645	1130	234332243 14.3543798	
1.27320405394508	-55.5	13	646	1186	234332244 14.3551073	
0.987883627398353	-57.5	0	647	1130	234332245 14.3561104	
1.2824079386724	-55	4.0625	648	1186	234332245 14.3571006	
0.975611781095268	-57	-16.25	649	1130	234332247 14.3581012	
0.926524395882927	-57	17.0625	650	1130	234332483 14.593609	
1.23332055346006	-55	8.9375	651	1186	234332522 14.6328928	
0.9081166264283	-57	52.0625	652	1130	234332524 14.6352889	
1.24559239976314	-55	21.9375	653	1186	234332526 14.6374648	
4.4117287459591	-55.5	4.0625	654	1186	234332527 14.6383757	
4.08038889577581	-57.5	19.125	655	1130	234332529 14.6401973	
1.25172832291468	-55.5	26	656	1186	234332531 14.6421609	
0.944932165337555	-57	-13	657	1130	234332533 14.6444346	
1.42967009430942	-55.5	-4.0625	658	1186	234332534 14.6457956	
0.93266031903447	-57	39	659	1130	234332536 14.6466947	
1.39285455540016	-55.5	30.0625	660	1186	234332537 14.6474183	
1.04310693576224	-57	-69.125	661	1130	234332537 14.6482084	
4.38411709177716	-55.5	23.1875	662	1186	234332733 14.843966	
4.08959278050312	-57.5	10.9375	663	1130	234332736 14.8465779	
0.98174770424681	-56.5	-4.0625	664	1130	234332738 14.848788	
1.26400016921777	-55	13	665	1186	234332739 14.8501316	
1.2824079386724	-55.5	-17.0625	666	1186	234332740 14.8508218	
0.951068088489098	-56.5	13	667	1130	234332741 14.8518137	
1.20877686085389	-55	56.125	668	1186	234332742 14.8529438	
0.93266031903447	-57	34.9375	669	1130	234332744 14.8547302	
4.55899090159613	-55.5	10.125	670	1186	234332744 14.8554506	
4.1018646268062	-57.5	19.125	671	1130	234332746 14.8565855	
1.40512640170325	-55.5	21.9375	672	1186	234332747 14.8578879	
0.9081166264283	-57	26	673	1130	234332748 14.8588719	
1.42353417115788	-55	-4.0625	674	1186	234332982 15.0938831	
0.920388472731385	-57	48	675	1130	234332984 15.0958951	
0.975611781095268	-57	-26	676	1130	234332986 15.0972385	
1.3989904785517	-55.5	13	677	1186	234332987 15.0988887	
1.41739824800633	-55.5	8.125	678	1186	234332991 15.1011941	
0.951068088489098	-57.5	15	679	1130	234332991 15.1019505	
0.98174770424681	-57.5	8.9375	680	1130	234332992 15.1028263	
1.38671863224862	-56	26	681	1186	234332993 15.1040333	
1.41739824800633	-55.5	34.9375	682	1186	234332994 15.1050719	
1.04310693576224	-57.5	-43.125	683	1130	234332995 15.1059831	
1.06765062836841	-57	-74	684	1130	234332997 15.1083553	
1.46034971006713	-55.5	-8.9375	685	1186	234332998 15.10894	
1.2824079386724	-55.5	14.1875	686	1186	234333233 15.3438362	
0.972543819519497	-57.5	10.125	687	1130	234333234 15.3454753	
1.00629139685298	-57	-4.0625	688	1130	234333235 15.3465211	
1.27013609236931	-55.5	8.9375	689	1186	234333236 15.3476479	
0.901980703276757	-56.5	43.125	690	1130	234333237 15.3482725	
1.39285455540016	-55.5	34.9375	691	1186	234333237 15.3491435	
1.40512640170325	-55.5	13	692	1186	234333239 15.3501533	
0.975611781095268	-57	-13	693	1130	234333239 15.3507643	
1.4419419406125	-55.5	10.125	694	1186	234333242 15.3527118	
0.972543819519497	-57	10.125	695	1130	234333243 15.3538442	
1.4419419406125	-55.5	0	696	1186	234333245 15.3556144	
0.963339934792183	-57	8.9375	697	1130	234333246 15.3568776	
1.27013609236931	-55	26	698	1186	234333483 15.5939133	
0.95720401164064	-57	8.9375	699	1130	234333485 15.595595	
1.23332055346006	-55	56.125	700	1186	234333486 15.5977448	
1.04310693576224	-56.5	-34.9375	701	1130	234333491 15.6016208	
4.58967051735384	-55.5	2	702	1186	234333493 15.6036211	
0.948000126913326	-57.5	2.8125	703	1130	234333494 15.6046959	
1.38671863224862	-55.5	48	704	1186	234333495 15.6057509	
0.944932165337555	-57	0	705	1130	234333496 15.6069485	
0.938796242186012	-56.5	17.0625	706	1130	234333497 15.6080445	
1.43580601746096	-55.5	17.0625	707	1186	234333498 15.6091013	
0.969475857943725	-57	-8.9375	708	1130	234333499 15.6100698	
1.47875747952176	-55.5	-26	709	1186	234333501 15.6113638	
1.42967009430942	-55.5	6.0625	710	1186	234333733 15.8437933	
4.08345685735158	-57.5	15.8125	711	1130	234333734 15.8451092	
0.963339934792183	-57	8.9375	712	1130	234333736 15.8472566	
1.44807786376405	-55	-8.125	713	1186	234333738 15.8487405	
1.42353417115788	-56	13	714	1186	234333741 15.8515524	
0.951068088489098	-57	-13	715	1130	234333741 15.8523948	
1.46034971006713	-55.5	-21.9375	716	1186	234333743 15.8535273	
0.975611781095268	-57	-30.0625	717	1130	234333744 15.8554838	
1.3989904785517	-55.5	15.8125	718	1186	234333745 15.8562283	
0.98174770424681	-57.5	-4.0625	719	1130	234333747 15.8574196	
0.871301087519044	-57	52.0625	720	1130	234333747 15.8581665	
1.44807786376405	-56	-8.9375	721	1186	234333748 15.8589017	
1.42353417115788	-55.5	-24.375	722	1186	234333983 16.0937248	
0.994019550549895	-57	-34.9375	723	1130	234333984 16.0950593	
1.40512640170325	-55.5	8.9375	724	1186	234333986 16.0967279	
0.895844780125214	-57	30.0625	725	1130	234333987 16.0976883	
1.25172832291468	-55.5	4.0625	726	1186	234333987 16.0983611	
4.09879666523043	-57.5	23.1875	727	1130	234333989 16.0993026	
1.2394564766116	-55	21.9375	728	1186	234333990 16.1013294	
1.00015547370144	-57	-30.0625	729	1130	234333991 16.1019519	
1.03697101261069	-57	-69.125	730	1130	234333992 16.102801	
1.38671863224862	-55.5	26	731	1186	234333993 16.1035651	
0.944932165337555	-57	4.0625	732	1130	234333994 16.1050345	
1.39285455540016	-55.5	21.9375	733	1186	234333995 16.1057985	
4.51297147795956	-55.5	19.9375	734	1186	234334233 16.3435824	
4.07732093420003	-57	15	735	1130	234334235 16.3457083	
0.963339934792183	-57	-30.0625	736	1130	234334242 16.352379	
1.41126232485479	-55.5	-4.0625	737	1186	234334243 16.3537558	
1.01856324315607	-57	-69.125	738	1130	234334244 16.3548234	
1.43580601746096	-55.5	-26	739	1186	234334245 16.3557427	
0.944932165337555	-57	-13	740	1130	234334246 16.3567117	
1.38058270909708	-55.5	8.9375	741	1186	234334246 16.3575251	
4.52524332426264	-55.5	8.125	742	1186	234334247 16.3582864	
0.892776818549443	-57.5	17.875	743	1130	234334248 16.3591747	
0.901980703276757	-57	4.0625	744	1130	234334248 16.3596093	
1.41126232485479	-55.5	-4.0625	745	1186	234334250 16.3602324	
1.33763124703628	-55.5	34.9375	746	1186	234334483 16.5937689	
0.901980703276757	-57	-4.0625	747	1130	234334484 16.5957727	
1.38671863224862	-55.5	13	748	1186	234334488 16.5985507	
0.938796242186012	-57	-8.9375	749	1130	234334490 16.6017312	
4.5191074011111	-55.5	12.1875	750	1186	234334491 16.6028841	
4.03130151056347	-57.5	21.9375	751	1130	234334493 16.6040682	
0.938796242186012	-57	-21.9375	752	1130	234334494 16.6051405	
1.33763124703628	-55.5	39	753	1186	234334495 16.6062994	
0.951068088489098	-57	-39	754	1130	234334496 16.6074126	
1.20877686085389	-55	17.0625	755	1186	234334496 16.6082164	
0.944932165337555	-57	-8.9375	756	1130	234334500 16.6104126	
1.24559239976314	-55	0	757	1186	234334500 16.6114015	
1.38671863224862	-55.5	8.9375	758	1186	234334758 16.8693123	
0.911184588004071	-57.5	10.9375	759	1130	234334813 16.924126	
0.889708856973672	-57	61	760	1130	234334816 16.9267944	
1.33149532388474	-55.5	52.0625	761	1186	234334817 16.9279761	
0.914252549579842	-57	4.0625	762	1130	234334818 16.9287733	
1.38671863224862	-55.5	4.0625	763	1186	234335090 17.200794	
1.35603901649091	-55	48	764	1186	234335090 17.2014738	
0.95720401164064	-57.5	-34.9375	765	1130	234335091 17.2020329	
1.22104870715697	-55.5	15	766	1186	234335092 17.2026302	
0.892776818549443	-57	26	767	1130	234335092 17.2031964	
0.920388472731385	-57	26	768	1130	234335092 17.203582	
1.25786424606623	-55	-34.9375	769	1186	234335093 17.2041153	
1.36831086279399	-55.5	26	770	1186	234335093 17.2045769	
0.895844780125214	-57	17.0625	771	1130	234335095 17.2056829	
1.36217493964245	-55.5	26	772	1186	234335098 17.2090776	
0.994019550549895	-57	-65.0625	773	1130	234335101 17.2120228	
1.22104870715697	-55.5	6.875	774	1186	234335102 17.2132298	
0.905048664852528	-57	17.0625	775	1130	234335105 17.2158678	
1.36217493964245	-55.5	-4.0625	776	1186	234335107 17.2176658	
0.889708856973672	-57	52.0625	777	1130	234335108 17.2188026	
1.22104870715697	-55.5	0	778	1186	234335238 17.3488405	
0.917320511155613	-57.5	6.875	779	1130	234335301 17.4116235	
0.9081166264283	-57	13	780	1130	234335330 17.4412009	
1.22104870715697	-55	21.9375	781	1186	234335333 17.444018	
1.42967009430942	-55.5	-21.9375	782	1186	234335358 17.4693056	
0.944932165337555	-57	-26	783	1130	234335367 17.4780423	
1.36831086279399	-55.5	17.0625	784	1186	234335369 17.480867	
0.852893318064416	-57	48	785	1130	234335371 17.482639	
4.50990351638379	-55.5	8.125	786	1186	234335374 17.4851894	
0.892776818549443	-57	23.1875	787	1130	234335375 17.485671	
1.34990309333936	-55.5	15	788	1186	234335375 17.4863664	
0.886640895397901	-57.5	12.1875	789	1130	234335376 17.4869112	
0.951068088489098	-57.5	-52.0625	790	1130	234335538 17.6486176	
1.34376717018782	-55.5	39	791	1186	234335569 17.6802722	
1.41739824800633	-55.5	-26	792	1186	234335629 17.7405228	
0.883572933822129	-57.5	17.0625	793	1130	234335661 17.7716741	
1.36831086279399	-55.5	13	794	1186	234335839 17.9492538	
0.911184588004071	-57.5	6.0625	795	1130	234335852 17.9625724	
0.877437010670587	-57	8.9375	796	1130	234335873 17.9837801	
1.33763124703628	-56	17.0625	797	1186	234335875 17.9858209	
0.969475857943725	-57	-43.125	798	1130	234335876 17.9870536	
1.39285455540016	-55.5	17.0625	799	1186	234335892 18.0028491	
0.951068088489098	-57	-21.9375	800	1130	234335893 18.0045926	
1.35603901649091	-55.5	8.9375	801	1186	234335894 18.0050408	
4.51603943953533	-55.5	17.0625	802	1186	234335896 18.0072562	
0.898912741700986	-57.5	15.8125	803	1130	234335897 18.0081077	
0.901980703276757	-57.5	8.9375	804	1130	234335897 18.0088682	
1.33149532388474	-55.5	56.125	805	1186	234335898 18.0094624	
1.39285455540016	-55.5	-4.0625	806	1186	234335899 18.0101017	
0.95720401164064	-57	-43.125	807	1130	234335899 18.0106908	
1.34990309333936	-55.5	56.125	808	1186	234335900 18.0111804	
0.914252549579842	-57.5	-4.0625	809	1130	234335900 18.0116515	
1.36524290121822	-55.5	10.9375	810	1186	234335901 18.012195	
4.04357335686655	-57.5	10.125	811	1130	234335902 18.0126248	
1.43580601746096	-55.5	-52.0625	812	1186	234335902 18.013163	
0.963339934792183	-57	-30.0625	813	1130	234335903 18.0139123	
1.40512640170325	-55.5	-13	814	1186	234335982 18.0930917	
0.920388472731385	-57.5	17.0625	815	1130	234335983 18.0939435	
1.47262155637022	-55.5	-61	816	1186	234335984 18.0948334	
1.00015547370144	-57	-65.0625	817	1130	234335984 18.0954523	
0.914252549579842	-57	14.1875	818	1130	234335985 18.0961966	
4.52524332426264	-55.5	8.125	819	1186	234335985 18.0968242	
0.938796242186012	-57	-43.125	820	1130	234335987 18.0975278	
1.36831086279399	-55	-4.0625	821	1186	234335987 18.0981284	
1.3989904785517	-55.5	4.0625	822	1186	234335989 18.099855	
0.871301087519044	-57	48	823	1130	234335990 18.1011912	
1.42353417115788	-55.5	-34.9375	824	1186	234335991 18.1020926	
0.901980703276757	-57.5	17.0625	825	1130	234335991 18.1029482	
1.2179807455812	-55.5	15.8125	826	1186	234336247 18.3577383	
0.917320511155613	-57.5	19.9375	827	1130	234336260 18.3707727	
0.987883627398353	-56.5	-39	828	1130	234336272 18.3823192	
1.21491278400543	-55.5	4.0625	829	1186	234336276 18.3872816	
1.33149532388474	-55.5	26	830	1186	234336281 18.3918172	
0.926524395882927	-57	-8.9375	831	1130	234336289 18.3995529	
1.38671863224862	-55.5	-4.0625	832	1186	234336294 18.4050795	
0.914252549579842	-57	-21.9375	833	1130	234336296 18.4066787	
4.07118501104849	-57.5	6.875	834	1130	234336297 18.4082176	
4.33809766814059	-55.5	21.9375	835	1186	234336303 18.4135494	
1.20264093770234	-55.5	8.9375	836	1186	234336303 18.4141605	
0.914252549579842	-57.5	26	837	1130	234336304 18.4147416	
1.38671863224862	-55.5	-4.0625	838	1186	234336499 18.6097838	
0.914252549579842	-57	-4.0625	839	1130	234336501 18.6117033	
1.34990309333936	-55.5	39	840	1186	234336529 18.6400892	
0.883572933822129	-57	-8.9375	841	1130	234336532 18.6425931	
4.52217536268687	-55.5	8.125	842	1186	234336533 18.6439835	
4.04970928001809	-57.5	15.8125	843	1130	234336533 18.6449936	
1.42353417115788	-55.5	-39	844	1186	234336535 18.6456996	
0.951068088489098	-57.5	-34.9375	845	1130	234336536 18.646675	
1.34376717018782	-55.5	39	846	1186	234336536 18.6474708	
0.865165164367502	-57	26	847	1130	234336537 18.6484251	
1.35603901649091	-55.5	34.9375	848	1186	234336739 18.8498136	
0.95720401164064	-57	-21.9375	849	1130	234336739 18.8505187	
0.9081166264283	-57.5	15	850	1130	234336740 18.8510541	
1.36524290121822	-55.5	21.125	851	1186	234336774 18.8853712	
0.920388472731385	-57	-4.0625	852	1130	234336776 18.8873401	
1.3989904785517	-55.5	-8.9375	853	1186	234336777 18.8880453	
1.3989904785517	-55.5	-21.9375	854	1186	234336779 18.8906628	
0.914252549579842	-57	-4.0625	855	1130	234336781 18.8918136	
1.36831086279399	-55.5	17.0625	856	1186	234336781 18.8924313	
0.883572933822129	-57.5	26	857	1130	234336782 18.8931272	
0.920388472731385	-57.5	6.875	858	1130	234336782 18.8936648	
1.36217493964245	-55.5	13	859	1186	234336783 18.8940868	
1.37444678594553	-55.5	8.9375	860	1186	234336983 19.0940398	
0.926524395882927	-57.5	-8.9375	861	1130	234336993 19.1045569	
0.9081166264283	-57	4.0625	862	1130	234336997 19.108768	
4.38411709177716	-55.5	2	863	1186	234336998 19.1099725	
1.22104870715697	-55	13	864	1186	234337000 19.1109691	
0.914252549579842	-57.5	13	865	1130	234337001 19.1118923	
0.859029241215959	-57	21.9375	866	1130	234337002 19.1130641	
1.20264093770234	-55.5	21.9375	867	1186	234337003 19.1147012	
1.2394564766116	-55	-21.9375	868	1186	234337004 19.1158044	
0.920388472731385	-57	17.0625	869	1130	234337006 19.1174629	
4.04050539529078	-57.5	21.9375	870	1130	234337007 19.1184393	
4.50683555480801	-55.5	12.1875	871	1186	234337008 19.1193943	
1.31922347758165	-55.5	35.75	872	1186	234337232 19.3431903	
1.00629139685298	-57	-65.0625	873	1130	234337233 19.3447773	
0.846757394912874	-57	48	874	1130	234337235 19.346007	
1.33763124703628	-55.5	26	875	1186	234337236 19.34723	
0.938796242186012	-57	-26	876	1130	234337238 19.3486943	
1.40512640170325	-55.5	-13	877	1186	234337240 19.3507245	
4.03743743371501	-57.5	19.125	878	1130	234337241 19.3520577	
1.35297105491514	-56	23.1875	879	1186	234337243 19.3532794	
0.852893318064416	-57.5	34.9375	880	1130	234337243 19.3544919	
1.38671863224862	-56	-8.9375	881	1186	234337245 19.3559799	
0.920388472731385	-57	-21.9375	882	1130	234337245 19.3569924	
1.27627201552085	-55	-43.125	883	1186	234337246 19.3580211	
1.1965050145508	-55	4.0625	884	1186	234337482 19.5929517	
0.9081166264283	-57	13	885	1130	234337486 19.5968138	
0.941864203761784	-57.5	6.875	886	1130	234337487 19.5976798	
1.35297105491514	-55.5	19.9375	887	1186	234337487 19.5983715	
0.871301087519044	-57	34.9375	888	1130	234337488 19.5992406	
1.34990309333936	-55.5	48	889	1186	234337488 19.599775	
0.914252549579842	-57.5	-8.9375	890	1130	234337490 19.6002437	
1.37444678594553	-55.5	4.0625	891	1186	234337490 19.6006822	
0.871301087519044	-57	43.125	892	1130	234337490 19.601094	
1.35603901649091	-55.5	30.0625	893	1186	234337490 19.6015597	
1.37751474752131	-55.5	8.125	894	1186	234337491 19.6020671	
0.895844780125214	-57.5	26	895	1130	234337491 19.6026092	
0.969475857943725	-57.5	-30.0625	896	1130	234337732 19.8433051	
1.31922347758165	-55.5	61	897	1186	234337734 19.8451536	
1.27013609236931	-55	-17.0625	898	1186	234337736 19.8466161	
0.963339934792183	-57	-17.0625	899	1130	234337737 19.8482583	
0.938796242186012	-57.5	-13	900	1130	234337740 19.8512648	
1.27627201552085	-55.5	-4.0625	901	1186	234337743 19.853714	
4.53751517056573	-56	6.0625	902	1186	234337744 19.8548939	
0.889708856973672	-57.5	21.125	903	1130	234337745 19.855802	
0.9081166264283	-57	0	904	1130	234337746 19.8566419	
1.42967009430942	-55.5	-21.9375	905	1186	234337746 19.8576763	
0.920388472731385	-57	-4.0625	906	1130	234337982 20.093195	
1.3989904785517	-55.5	-13	907	1186	234337987 20.0976165	
1.40512640170325	-55.5	-8.9375	908	1186	234337994 20.1046199	
0.901980703276757	-57	30.0625	909	1130	234338001 20.1125021	
0.923456434307156	-57.5	15.8125	910	1130	234338003 20.1141169	
4.55285497844458	-55.5	2	911	1186	234338003 20.1148586	
0.895844780125214	-57	8.9375	912	1130	234338004 20.1160167	
1.42967009430942	-55.5	-8.9375	913	1186	234338007 20.1178859	
1.4419419406125	-55.5	-30.0625	914	1186	234338008 20.1197871	
0.994019550549895	-57.5	-34.9375	915	1130	234338011 20.1219312	
1.3989904785517	-55.5	24.375	916	1186	234338012 20.1225151	
0.926524395882927	-57	4.0625	917	1130	234338013 20.123438	
