3.23056353928716	-56.5	14.1875	0	1130	234449665 0.5298395	
0.322135965455985	-56.5	17.875	1	1186	234449668 0.5312329	
0.312932080728671	-56.5	30.0625	2	1186	234449669 0.5323384	
0.141126232485479	-56.5	-30.0625	3	1130	234449669 0.5328216	
0.312932080728671	-56.5	4.0625	4	1186	234449670 0.5334582	
0.141126232485479	-56.5	-34.9375	5	1130	234449671 0.5345278	
0.0552233083638831	-56.5	26	6	1130	234449672 0.5357229	
0.319068003880213	-56	0	7	1186	234449673 0.5366595	
0.300660234425586	-56.5	15	8	1186	234449674 0.537824	
0.0889708856973672	-56.5	2.8125	9	1130	234449674 0.5385503	
0.42951462060798	-56.5	-82.1875	10	1186	234449675 0.5394347	
0.0859029241215959	-56.5	-13	11	1130	234449676 0.5402334	
0.165669925091649	-56.5	-65.0625	12	1130	234449913 0.7759642	
0.325203927031756	-56.5	-8.9375	13	1186	234449914 0.7772089	
0.0859029241215959	-56	4.0625	14	1130	234449915 0.7780997	
0.374291312244096	-56	-30.0625	15	1186	234449915 0.7784235	
0.0674951546669682	-56.5	17.0625	16	1130	234449915 0.7787124	
0.303728196001357	-56.5	19.125	17	1186	234449916 0.7789773	
0.098174770424681	-56.5	-17.0625	18	1130	234449916 0.7792223	
0.355883542789469	-56	-26	19	1186	234449916 0.7798027	
0.411106851153352	-56	-78.0625	20	1186	234449917 0.7804271	
0.0674951546669682	-56.5	4.0625	21	1130	234449918 0.7811378	
0.331339850183298	-56	4.0625	22	1186	234449918 0.7814914	
0.0920388472731385	-56	13	23	1130	234449918 0.781835	
0.303728196001357	-56.5	8.125	24	1186	234450180 1.0427989	
0.0521553467881118	-56.5	12.1875	25	1130	234450182 1.044647	
0.300660234425586	-56.5	-4.0625	26	1186	234450182 1.0453543	
0.0368155389092554	-56	8.9375	27	1130	234450183 1.0460057	
0.325203927031756	-56.5	13	28	1186	234450183 1.0468448	
0.098174770424681	-56	-13	29	1130	234450184 1.0476677	
0.0613592315154256	-56	21.9375	30	1130	234450185 1.0488408	
0.312932080728671	-56	0	31	1186	234450186 1.0492074	
0.279184503395187	-56.5	19.125	32	1186	234450186 1.049894	
0.0552233083638831	-56.5	13	33	1130	234450187 1.0506515	
0.0859029241215959	-56	-21.9375	34	1130	234450188 1.05153	
0.282252464970958	-56	8.9375	35	1186	234450189 1.0529246	
0.312932080728671	-56	13	36	1186	234450456 1.3199213	
0.128854386182394	-56.5	-52.0625	37	1130	234450475 1.3383688	
0.331339850183298	-56	-21.9375	38	1186	234450478 1.341073	
0.110446616727766	-56.5	-26	39	1130	234450478 1.3415597	
0.294524311274043	-56.5	6.875	40	1186	234450481 1.3439244	
3.19068003880213	-56.5	17.875	41	1130	234450481 1.3443596	
0.0736310778185108	-56.5	4.0625	42	1130	234450483 1.3465677	
0.288388388122501	-56	17.0625	43	1186	234450484 1.3476363	
0.282252464970958	-56	13	44	1186	234450489 1.3525774	
0.0859029241215959	-56.5	13	45	1130	234450490 1.3531219	
0.288388388122501	-56	21.9375	46	1186	234450490 1.353753	
0.122718463030851	-56.5	-26	47	1130	234450491 1.3542911	
0.0705631162427395	-56.5	10.125	48	1130	234450689 1.5523214	
0.294524311274043	-56.5	13	49	1186	234450694 1.5586967	
0.0920388472731385	-56	0	50	1130	234450705 1.5690131	
0.294524311274043	-56	17.0625	51	1186	234450724 1.587268	
0.319068003880213	-56.5	4.0625	52	1186	234450751 1.6138673	
0.0859029241215959	-56.5	4.0625	53	1130	234450779 1.6426633	
0.331339850183298	-56	-12.1875	54	1186	234450779 1.643347	
0.0920388472731385	-56.5	0	55	1130	234450780 1.6437657	
0.312932080728671	-56.5	15.8125	56	1186	234450780 1.6440014	
6.18194257517913	-56.5	14.1875	57	1130	234450780 1.6442054	
6.23409792196725	-56.5	-8.9375	58	1130	234450780 1.6444007	
0.319068003880213	-56	-8.9375	59	1186	234450780 1.6445905	
0.0674951546669682	-56.5	12.1875	60	1130	234450939 1.8026478	
0.319068003880213	-56	-17.0625	61	1186	234450942 1.8052048	
0.288388388122501	-55.5	4.0625	62	1186	234450942 1.8056072	
0.122718463030851	-56.5	-39	63	1130	234450943 1.8064178	
0.3098641191529	-56.5	12.1875	64	1186	234450943 1.8068333	
0.107378655151995	-56.5	0	65	1130	234450944 1.8076979	
0.0797670009700533	-56.5	4.0625	66	1130	234450949 1.8120893	
0.349747619637926	-56	-17.0625	67	1186	234450958 1.821575	
0.098174770424681	-56.5	-4.0625	68	1130	234450958 1.82201	
0.380427235395639	-56	-43.125	69	1186	234450959 1.8230105	
0.104310693576224	-57	17.0625	70	1130	234450961 1.8244603	
0.386563158547182	-56	-52.0625	71	1186	234450962 1.8248537	
0.0766990393942821	-56.5	17.0625	72	1130	234451229 2.092283	
0.303728196001357	-56.5	8.9375	73	1186	234451231 2.0955406	
0.116582539879309	-56.5	0	74	1130	234451233 2.0962872	
0.312932080728671	-56	-4.0625	75	1186	234451233 2.0967188	
0.362019465941011	-56	-21.9375	76	1186	234451234 2.0970936	
6.24023384511879	-56.5	-26	77	1130	234451234 2.0974263	
0.349747619637926	-56	-4.0625	78	1186	234451234 2.0977341	
6.19114645990645	-56.5	4.0625	79	1130	234451234 2.0979954	
0.337475773334841	-56	0	80	1186	234451412 2.2757832	
0.134990309333936	-56.5	-21.9375	81	1130	234451413 2.2766405	
0.386563158547182	-56	-48	82	1186	234451414 2.2769857	
0.0859029241215959	-56.5	13	83	1130	234451414 2.277233	
0.291456349698272	-56.5	15	84	1186	234451507 2.3714501	
0.0951068088489097	-56.5	1.1875	85	1130	234451511 2.3747069	
0.0736310778185108	-56	26	86	1130	234451512 2.3751803	
0.257708772364788	-56	48	87	1186	234451513 2.3759558	
0.319068003880213	-56	-4.0625	88	1186	234451513 2.3763165	
0.0736310778185108	-56.5	13	89	1130	234451513 2.3769457	
0.0859029241215959	-56.5	-26	90	1130	234451514 2.3774634	
0.319068003880213	-56.5	-8.9375	91	1186	234451515 2.3779877	
0.300660234425586	-56.5	17.875	92	1186	234451678 2.5420384	
0.0674951546669682	-56.5	15.8125	93	1130	234451716 2.5788472	
0.0490873852123405	-56.5	17.0625	94	1130	234451723 2.5870028	
0.319068003880213	-56.5	-8.9375	95	1186	234451724 2.5886035	
0.331339850183298	-56	17.0625	96	1186	234451726 2.5896399	
0.0797670009700533	-56.5	0	97	1130	234451727 2.5906301	
0.368155389092554	-56.5	-30.0625	98	1186	234451738 2.6024043	
0.0368155389092554	-56	34.9375	99	1130	234451741 2.6051621	
0.349747619637926	-56.5	-4.0625	100	1186	234451745 2.6083041	
0.116582539879309	-56.5	-30.0625	101	1130	234451747 2.6109243	
0.337475773334841	-56.5	-4.0625	102	1186	234451749 2.613043	
0.0859029241215959	-56	-4.0625	103	1130	234451751 2.6147147	
0.0490873852123405	-56.5	12.1875	104	1130	234451912 2.7757374	
0.297592272849814	-56.5	17.875	105	1186	234451914 2.7775493	
0.128854386182394	-56.5	-39	106	1130	234451915 2.7789168	
0.300660234425586	-56	17.0625	107	1186	234451916 2.7793709	
0.042951462060798	-56.5	26	108	1130	234451916 2.7798288	
0.368155389092554	-56	-17.0625	109	1186	234451916 2.7801871	
0.362019465941011	-56.5	-30.0625	110	1186	234451916 2.7804878	
0.0859029241215959	-56.5	-13	111	1130	234451917 2.7808492	
0.300660234425586	-56.5	12.1875	112	1186	234451917 2.7811238	
0.042951462060798	-56.5	14.1875	113	1130	234451917 2.7814214	
0.0245436926061703	-56.5	39	114	1130	234451917 2.781689	
0.300660234425586	-56	8.9375	115	1186	234451919 2.7820148	
0.0613592315154256	-56	-17.0625	116	1130	234452219 3.0819291	
0.245436926061703	-56	65.0625	117	1186	234452274 3.1371598	
0.0674951546669682	-56.5	-17.0625	118	1130	234452276 3.1397636	
0.343611696486384	-56.5	4.0625	119	1186	234452277 3.1408854	
3.42691308013652	-56.5	19.9375	120	1186	234452380 3.2437898	
3.18147615407482	-56.5	12.1875	121	1130	234452381 3.2455144	
0.110446616727766	-56	-30.0625	122	1130	234452383 3.2470966	
0.325203927031756	-56.5	0	123	1186	234452384 3.2484828	
0.128854386182394	-56.5	-26	124	1130	234452387 3.2508681	
0.368155389092554	-56	-8.9375	125	1186	234452388 3.2520664	
0.104310693576224	-56	-34.9375	126	1130	234452412 3.2757201	
0.325203927031756	-56	17.0625	127	1186	234452414 3.2769367	
0.303728196001357	-56.5	23.1875	128	1186	234452414 3.2775144	
0.0736310778185108	-56.5	1.1875	129	1130	234452415 3.2780778	
0.141126232485479	-56.5	-21.9375	130	1130	234452415 3.2786707	
0.362019465941011	-56.5	-21.9375	131	1186	234452416 3.279066	
0.0552233083638831	-56.5	-4.0625	132	1130	234452416 3.2797948	
0.294524311274043	-56	21.9375	133	1186	234452417 3.2802428	
0.0184077694546277	-56.5	68.3125	134	1130	234452417 3.2808275	
0.306796157577128	-56	26	135	1186	234452419 3.2825658	
0.322135965455985	-56.5	10.9375	136	1186	234452420 3.2844609	
0.0490873852123405	-56.5	17.875	137	1130	234452422 3.285256	
0.0797670009700533	-56.5	8.9375	138	1130	234452662 3.5260065	
0.331339850183298	-56	8.9375	139	1186	234452665 3.5291401	
0.319068003880213	-56	17.0625	140	1186	234452669 3.5319432	
0.104310693576224	-56.5	-17.0625	141	1130	234452673 3.5365939	
0.0674951546669682	-56.5	-8.9375	142	1130	234452675 3.5381324	
0.386563158547182	-56.5	-56.125	143	1186	234452676 3.5391038	
0.291456349698272	-56.5	17.875	144	1186	234452677 3.5405125	
0.0889708856973672	-56.5	-2.8125	145	1130	234452678 3.5414467	
0.288388388122501	-56	43.125	146	1186	234452679 3.5431439	
0.042951462060798	-56.5	16.25	147	1130	234452681 3.5446143	
0.0613592315154256	-56.5	20.3125	148	1130	234452682 3.5453347	
0.343611696486384	-56	-26	149	1186	234452683 3.5464319	
0.0552233083638831	-56.5	13	150	1130	234452912 3.7757282	
0.355883542789469	-56.5	-26	151	1186	234452915 3.7782748	
0.316000042304442	-56.5	12.1875	152	1186	234452919 3.7824538	
0.101242732000452	-56.5	2.8125	153	1130	234452922 3.7854918	
0.128854386182394	-56.5	-34.9375	154	1130	234452923 3.7865002	
0.337475773334841	-56	-4.0625	155	1186	234452924 3.7877216	
0.116582539879309	-56.5	-34.9375	156	1130	234452924 3.7886208	
0.349747619637926	-56.5	-8.9375	157	1186	234452927 3.7899112	
0.128854386182394	-56.5	-26	158	1130	234452927 3.7907708	
0.319068003880213	-56.5	30.0625	159	1186	234452928 3.7918768	
0.276116541819415	-56	34.9375	160	1186	234452929 3.7927293	
0.0674951546669682	-56.5	-4.0625	161	1130	234452930 3.7939343	
0.0674951546669682	-56.5	0	162	1130	234453162 4.0254706	
0.269980618667873	-56	39	163	1186	234453163 4.0266402	
0.312932080728671	-56.5	0	164	1186	234453164 4.0276611	
0.0613592315154256	-56.5	10.9375	165	1130	234453167 4.0304319	
0.0920388472731385	-56.5	-13	166	1130	234453170 4.0328123	
0.337475773334841	-56	-17.0625	167	1186	234453171 4.034316	
0.104310693576224	-56.5	-21.9375	168	1130	234453172 4.0363046	
0.233165079758617	-56.5	61	169	1186	234453173 4.0370619	
0.0736310778185108	-56.5	13	170	1130	234453174 4.0382678	
0.306796157577128	-56	8.9375	171	1186	234453175 4.0387804	
0.303728196001357	-56.5	8.9375	172	1186	234453412 4.2756022	
0.0889708856973672	-56.5	8.125	173	1130	234453415 4.2788782	
0.331339850183298	-56	8.9375	174	1186	234453418 4.2817407	
0.0920388472731385	-56.5	4.0625	175	1130	234453419 4.2826531	
0.325203927031756	-56.5	0	176	1186	234453421 4.285491	
0.0797670009700533	-56	12.1875	177	1130	234453423 4.2860197	
0.368155389092554	-56	-12.1875	178	1186	234453423 4.2867288	
0.0797670009700533	-56.5	4.0625	179	1130	234453424 4.2875687	
0.0859029241215959	-56.5	14.1875	180	1130	234453425 4.2882942	
0.294524311274043	-56.5	17.0625	181	1186	234453425 4.289286	
0.0797670009700533	-56	8.9375	182	1130	234453426 4.2897916	
0.282252464970958	-56.5	21.9375	183	1186	234453487 4.3508263	
0.368155389092554	-56.5	-17.0625	184	1186	234453662 4.5254686	
0.0920388472731385	-56.5	-4.0625	185	1130	234453666 4.5306155	
0.368155389092554	-56	-34.9375	186	1186	234453668 4.5325848	
0.116582539879309	-56	-8.9375	187	1130	234453671 4.5351303	
0.331339850183298	-56.5	-1.1875	188	1186	234453672 4.5361997	
0.0797670009700533	-56.5	12.1875	189	1130	234453674 4.5375988	
0.300660234425586	-56.5	8.9375	190	1186	234453676 4.5402017	
0.0859029241215959	-57	-8.9375	191	1130	234453677 4.5410832	
0.0368155389092554	-56.5	21.9375	192	1130	234453678 4.5419402	
0.294524311274043	-56.5	34.9375	193	1186	234453680 4.542895	
0.147262155637022	-57	-48	194	1130	234453681 4.543931	
0.319068003880213	-56.5	4.0625	195	1186	234453681 4.5449977	
0.0705631162427395	-56.5	8.125	196	1130	234453912 4.7755915	
0.322135965455985	-56.5	10.125	197	1186	234453913 4.7772384	
0.337475773334841	-56	-17.0625	198	1186	234453915 4.7786552	
0.104310693576224	-56.5	-8.9375	199	1130	234453916 4.7793478	
0.276116541819415	-56	43.125	200	1186	234453917 4.7807801	
0.134990309333936	-56.5	-17.0625	201	1130	234453919 4.7833145	
0.147262155637022	-56.5	-34.9375	202	1130	234453920 4.7844466	
0.355883542789469	-56.5	-26	203	1186	234453922 4.7852931	
0.300660234425586	-56.5	17.0625	204	1186	234453923 4.7867037	
0.0766990393942821	-56.5	12.1875	205	1130	234453924 4.7874797	
0.294524311274043	-56	21.9375	206	1186	234453924 4.7882988	
0.0859029241215959	-56.5	17.0625	207	1130	234453926 4.7889988	
0.423378697456437	-56	-61	208	1186	234454173 5.0366378	
0.116582539879309	-56.5	-21.9375	209	1130	234454177 5.0410742	
0.362019465941011	-56.5	-30.0625	210	1186	234454180 5.0437921	
0.0920388472731385	-56.5	8.9375	211	1130	234454185 5.0490813	
0.3098641191529	-56.5	17.875	212	1186	234454228 5.0915794	
0.0766990393942821	-56.5	13	213	1130	234454249 5.1125468	
0.0736310778185108	-56	-4.0625	214	1130	234454250 5.1142262	
0.349747619637926	-56	-30.0625	215	1186	234454252 5.1148747	
0.484737928971863	-56.5	52.0625	216	1186	234454252 5.1155642	
0.0920388472731385	-56	0	217	1130	234454252 5.1161021	
0.0674951546669682	-56	17.0625	218	1130	234454254 5.1178971	
0.527689391032661	-56.5	13	219	1186	234454255 5.1185288	
0.322135965455985	-56.5	10.125	220	1186	234454412 5.275508	
0.0582912699396544	-56.5	17.0625	221	1130	234454424 5.2878079	
0.0674951546669682	-56.5	17.0625	222	1130	234454425 5.2891969	
0.331339850183298	-56	0	223	1186	234454427 5.2902212	
0.435650543759522	-56	-69.125	224	1186	234454427 5.2914917	
0.0797670009700533	-56.5	17.0625	225	1130	234454428 5.292527	
0.368155389092554	-56	-8.9375	226	1186	234454430 5.2935754	
0.110446616727766	-56.5	-21.9375	227	1130	234454430 5.2945941	
3.45145677274269	-56.5	10.125	228	1186	234454432 5.295539	
0.0460194236365692	-56.5	28.875	229	1130	234454432 5.2964234	
0.325203927031756	-56.5	8.9375	230	1186	234454434 5.2972621	
0.0859029241215959	-56.5	-4.0625	231	1130	234454435 5.2981703	
0.0613592315154256	-56.5	26	232	1130	234454662 5.5253159	
0.349747619637926	-56	-4.0625	233	1186	234454663 5.5264524	
0.282252464970958	-56	26	234	1186	234454664 5.5276259	
0.0613592315154256	-56.5	0	235	1130	234454664 5.5283183	
0.306796157577128	-56.5	13	236	1186	234454666 5.5293419	
0.0552233083638831	-56.5	15.8125	237	1130	234454666 5.5302466	
0.380427235395639	-56	-39	238	1186	234454668 5.5311374	
0.098174770424681	-56.5	8.9375	239	1130	234454668 5.5319603	
0.0859029241215959	-56	17.0625	240	1130	234454911 5.7753033	
0.325203927031756	-56.5	8.9375	241	1186	234454914 5.7783233	
0.0552233083638831	-56.5	34.9375	242	1130	234454934 5.798136	
0.294524311274043	-56	26	243	1186	234454970 5.8332539	
0.042951462060798	-56.5	39	244	1130	234454970 5.834011	
0.404970928001809	-56.5	-52.0625	245	1186	234454971 5.8351006	
0.319068003880213	-56	-4.0625	246	1186	234454972 5.8355269	
0.128854386182394	-56.5	-30.0625	247	1130	234454972 5.8360134	
0.322135965455985	-56.5	8.125	248	1186	234455162 6.0252415	
0.0920388472731385	-56.5	13	249	1130	234455164 6.0272579	
0.116582539879309	-56.5	-8.9375	250	1130	234455166 6.0289925	
0.294524311274043	-56.5	8.9375	251	1186	234455167 6.0303447	
0.134990309333936	-56.5	-34.9375	252	1130	234455168 6.0309409	
0.319068003880213	-56	8.9375	253	1186	234455168 6.0315007	
0.098174770424681	-56.5	-4.0625	254	1130	234455168 6.0320094	
0.294524311274043	-56	13	255	1186	234455169 6.0325433	
0.312932080728671	-56.5	17.0625	256	1186	234455170 6.0336965	
0.0828349625458246	-56.5	17.0625	257	1130	234455170 6.0343482	
0.159534001940107	-56	-56.125	258	1130	234455172 6.0349838	
0.331339850183298	-56	4.0625	259	1186	234455172 6.0355265	
0.0859029241215959	-56.5	-8.9375	260	1130	234455428 6.2911989	
0.374291312244096	-56.5	-17.0625	261	1186	234455733 6.5971901	
0.128854386182394	-57	-26	262	1130	234455735 6.5989959	
0.337475773334841	-56	4.0625	263	1186	234455738 6.6013267	
0.328271888607527	-56.5	10.125	264	1186	234455741 6.6045762	
0.0705631162427395	-56.5	8.9375	265	1130	234455742 6.6057137	
0.0306796157577128	-56.5	20.3125	266	1130	234455743 6.6077006	
0.325203927031756	-56	0	267	1186	234455746 6.6094846	
0.282252464970958	-56	39	268	1186	234455747 6.6108575	
0.0859029241215959	-56.5	-13	269	1130	234455749 6.6124029	
0.355883542789469	-56	-13	270	1186	234455750 6.6133079	
0.0859029241215959	-56	-17.0625	271	1130	234455751 6.6143941	
0.337475773334841	-56.5	6.0625	272	1186	234455751 6.6150996	
3.23363150086293	-56.5	4.0625	273	1130	234455752 6.6157396	
0.110446616727766	-56.5	-21.9375	274	1130	234455754 6.6169157	
0.312932080728671	-56.5	8.9375	275	1186	234455755 6.6183199	
0.171805848243192	-56	-65.0625	276	1130	234455758 6.6212938	
0.337475773334841	-56	0	277	1186	234456008 6.8716835	
0.128854386182394	-56.5	-8.9375	278	1130	234456009 6.8731471	
0.269980618667873	-56.5	74	279	1186	234456012 6.8752592	
0.3098641191529	-56.5	17.875	280	1186	234456013 6.8758265	
0.0613592315154256	-56.5	10.9375	281	1130	234456013 6.87629	
0.098174770424681	-56.5	13	282	1130	234456014 6.8771185	
0.300660234425586	-56.5	13	283	1186	234456014 6.8777319	
0.128854386182394	-56.5	-30.0625	284	1130	234456015 6.8784769	
0.300660234425586	-56.5	21.9375	285	1186	234456015 6.8788004	
0.312932080728671	-56	34.9375	286	1186	234456015 6.8791455	
0.147262155637022	-56.5	-56.125	287	1130	234456016 6.8796378	
0.331339850183298	-56.5	6.875	288	1186	234456016 6.8800499	
0.0889708856973672	-56.5	15.8125	289	1130	234456017 6.8807743	
0.355883542789469	-56	-26	290	1186	234456017 6.8812265	
0.0920388472731385	-56	8.125	291	1130	234456019 6.8827097	
0.134990309333936	-56	-48	292	1130	234456021 6.8837603	
0.331339850183298	-56	-4.0625	293	1186	234456021 6.8845694	
0.312932080728671	-56	13	294	1186	234456022 6.8852607	
0.122718463030851	-56.5	-21.9375	295	1130	234456022 6.8859578	
0.0644271930911969	-56.5	14.1875	296	1130	234456178 7.042095	
0.312932080728671	-56.5	17.0625	297	1186	234456340 7.2032569	
0.0736310778185108	-56.5	30.0625	298	1130	234456344 7.2076851	
0.294524311274043	-56.5	26	299	1186	234456345 7.2086399	
0.331339850183298	-56	-4.0625	300	1186	234456346 7.2098564	
0.0859029241215959	-56	13	301	1130	234456347 7.2102592	
0.098174770424681	-56.5	-13	302	1130	234456347 7.2107826	
0.380427235395639	-56	-30.0625	303	1186	234456348 7.2111868	
0.316000042304442	-56.5	10.125	304	1186	234456348 7.2116327	
3.20601984668099	-56.5	13	305	1130	234456349 7.2121826	
0.098174770424681	-56.5	4.0625	306	1130	234456349 7.2129436	
0.398835004850267	-56.5	-34.9375	307	1186	234456350 7.2132767	
0.306796157577128	-56	21.9375	308	1186	234456411 7.2750209	
0.0368155389092554	-56	30.0625	309	1130	234456611 7.4746665	
0.141126232485479	-56.5	-34.9375	310	1130	234456614 7.4769211	
0.349747619637926	-56	-21.9375	311	1186	234456614 7.4776369	
0.0736310778185108	-56.5	10.9375	312	1130	234456615 7.4783952	
0.331339850183298	-56.5	8.9375	313	1186	234456616 7.479348	
0.374291312244096	-56	-26	314	1186	234456617 7.4805021	
0.098174770424681	-56.5	-8.9375	315	1130	234456619 7.4820823	
0.343611696486384	-56	-13	316	1186	234456620 7.4837136	
0.0736310778185108	-56.5	17.0625	317	1130	234456621 7.4847642	
0.349747619637926	-56.5	-4.0625	318	1186	234456622 7.4859919	
0.098174770424681	-56.5	8.9375	319	1130	234456623 7.487366	
0.306796157577128	-56.5	17.875	320	1186	234456672 7.5361992	
0.110446616727766	-56.5	2	321	1130	234456682 7.5460976	
0.355883542789469	-56	-8.9375	322	1186	234456817 7.6803729	
0.122718463030851	-56.5	-30.0625	323	1130	234456845 7.7086327	
0.294524311274043	-56	30.0625	324	1186	234456860 7.7237718	
0.098174770424681	-56.5	17.0625	325	1130	234456868 7.7319125	
0.319068003880213	-56	4.0625	326	1186	234456868 7.7327217	
0.0797670009700533	-56	16.25	327	1130	234456877 7.7405831	
0.331339850183298	-56.5	12.1875	328	1186	234456895 7.759532	
0.0766990393942821	-56.5	4.0625	329	1130	234456898 7.7616034	
0.325203927031756	-56	8.9375	330	1186	234457148 8.0112384	
0.165669925091649	-56	-34.9375	331	1130	234457149 8.0121211	
0.346679658062155	-56.5	10.9375	332	1186	234457150 8.0129308	
0.101242732000452	-56.5	-2.8125	333	1130	234457150 8.0136109	
0.306796157577128	-56.5	26	334	1186	234457151 8.0143633	
0.098174770424681	-56.5	-4.0625	335	1130	234457151 8.0147806	
0.104310693576224	-56.5	-4.0625	336	1130	234457152 8.0156431	
0.386563158547182	-56	-21.9375	337	1186	234457154 8.0179729	
0.0245436926061703	-56	39	338	1130	234457156 8.0190154	
0.319068003880213	-56.5	8.9375	339	1186	234457156 8.0195716	
0.306796157577128	-56.5	21.125	340	1186	234457157 8.0202263	
0.0797670009700533	-56.5	6.875	341	1130	234457157 8.0209879	
0.110446616727766	-56.5	-4.0625	342	1130	234457158 8.021524	
0.343611696486384	-56	8.9375	343	1186	234457158 8.0219391	
0.110446616727766	-56.5	-30.0625	344	1130	234457162 8.0256991	
0.325203927031756	-56	-4.0625	345	1186	234457163 8.0262186	
0.362019465941011	-56.5	-8.9375	346	1186	234457163 8.026745	
0.128854386182394	-56	-26	347	1130	234457164 8.0272346	
0.3098641191529	-56.5	15	348	1186	234457164 8.0276443	
0.0859029241215959	-56.5	8.125	349	1130	234457165 8.028422	
0.362019465941011	-56.5	-17.0625	350	1186	234457165 8.0288665	
0.141126232485479	-56	-48	351	1130	234457165 8.0293238	
0.337475773334841	-56	8.9375	352	1186	234457166 8.0297486	
0.128854386182394	-56.5	-21.9375	353	1130	234457166 8.0301646	
0.122718463030851	-56	-8.9375	354	1130	234457412 8.2752729	
0.380427235395639	-56	-34.9375	355	1186	234457414 8.2775753	
0.0644271930911969	-56.5	21.9375	356	1130	234457416 8.279454	
0.319068003880213	-56.5	13	357	1186	234457417 8.2809027	
0.325203927031756	-56	8.9375	358	1186	234457419 8.2828001	
0.128854386182394	-56.5	-8.9375	359	1130	234457421 8.2841694	
0.312932080728671	-56	13	360	1186	234457422 8.2855786	
0.0490873852123405	-56.5	34.9375	361	1130	234457424 8.2874224	
0.343611696486384	-56.5	-21.9375	362	1186	234457426 8.2893788	
0.0552233083638831	-56.5	26	363	1130	234457427 8.2910902	
0.312932080728671	-56.5	21.125	364	1186	234457429 8.2925782	
0.0920388472731385	-56.5	6.0625	365	1130	234457430 8.2938038	
0.0859029241215959	-56.5	-4.0625	366	1130	234457431 8.2947976	
0.343611696486384	-56	-13	367	1186	234457432 8.2959429	
0.134990309333936	-56.5	-26	368	1130	234457662 8.5253875	
0.355883542789469	-56	-4.0625	369	1186	234457663 8.5265072	
0.0490873852123405	-56.5	26	370	1130	234457664 8.527695	
0.349747619637926	-56	-4.0625	371	1186	234457665 8.528788	
0.319068003880213	-56.5	4.875	372	1186	234457666 8.5300961	
0.0736310778185108	-56.5	4.875	373	1130	234457667 8.5313028	
0.251572849213245	-56	56.125	374	1186	234457668 8.5321521	
0.0736310778185108	-56.5	-20.3125	375	1130	234457670 8.5343052	
0.337475773334841	-56	0	376	1186	234457671 8.5353818	
0.104310693576224	-56.5	-13	377	1130	234457673 8.5365733	
0.380427235395639	-56	-26	378	1186	234457912 8.775057	
0.171805848243192	-56.5	-56.125	379	1130	234457912 8.7765164	
0.316000042304442	-56.5	8.9375	380	1186	234457915 8.7780647	
0.0674951546669682	-56.5	8.125	381	1130	234457915 8.7793197	
0.337475773334841	-56	0	382	1186	234457917 8.7806667	
0.098174770424681	-57	0	383	1130	234457918 8.7817064	
0.306796157577128	-56	-4.0625	384	1186	234457919 8.7830333	
0.122718463030851	-56.5	-26	385	1130	234457921 8.7844453	
0.0859029241215959	-56	0	386	1130	234457922 8.785678	
0.294524311274043	-56	21.9375	387	1186	234457923 8.7868386	
0.322135965455985	-56.5	2.8125	388	1186	234457924 8.7880111	
0.098174770424681	-56.5	2.8125	389	1130	234457925 8.7891478	
0.116582539879309	-56.5	-21.9375	390	1130	234458161 9.0249807	
0.312932080728671	-56	0	391	1186	234458181 9.0437791	
0.306796157577128	-56	26	392	1186	234458189 9.0519768	
0.098174770424681	-56.5	-8.9375	393	1130	234458228 9.0915786	
0.104310693576224	-56.5	-13	394	1130	234458230 9.0931477	
0.343611696486384	-56	-13	395	1186	234458230 9.0938518	
0.319068003880213	-56.5	10.9375	396	1186	234458231 9.094655	
0.0736310778185108	-56.5	6.0625	397	1130	234458232 9.0953854	
0.0859029241215959	-56.5	-8.9375	398	1130	234458232 9.0961459	
0.398835004850267	-56	-39	399	1186	234458233 9.0968241	
0.300660234425586	-56	0	400	1186	234458234 9.0972727	
0.141126232485479	-56.5	-39	401	1130	234458234 9.0980438	
0.0490873852123405	-56.5	26	402	1130	234458411 9.2750278	
0.386563158547182	-56	-34.9375	403	1186	234458413 9.2765075	
0.0828349625458246	-56.5	6.875	404	1130	234458414 9.2777967	
3.43304900328806	-56.5	17.0625	405	1186	234458415 9.27865	
0.337475773334841	-56	-17.0625	406	1186	234458415 9.2792911	
0.0797670009700533	-56.5	-8.9375	407	1130	234458417 9.2800765	
0.0797670009700533	-56	-4.0625	408	1130	234458419 9.282169	
0.319068003880213	-56	4.0625	409	1186	234458420 9.2840883	
0.331339850183298	-56	0	410	1186	234458422 9.2848525	
0.0736310778185108	-56.5	4.0625	411	1130	234458422 9.2854938	
0.303728196001357	-56.5	19.125	412	1186	234458423 9.2861113	
0.0828349625458246	-56.5	6.875	413	1130	234458423 9.2868277	
0.349747619637926	-56	-13	414	1186	234458662 9.5251168	
0.190213617697819	-56	-69.125	415	1130	234458663 9.5263076	
0.355883542789469	-56.5	8.125	416	1186	234458664 9.5273375	
0.104310693576224	-56.5	4.0625	417	1130	234458666 9.5290847	
0.380427235395639	-56	-30.0625	418	1186	234458667 9.5304745	
0.196349540849362	-56.5	-74	419	1130	234458668 9.5319118	
0.0920388472731385	-56.5	4.875	420	1130	234458669 9.5326191	
0.325203927031756	-56.5	4.0625	421	1186	234458670 9.5342405	
0.374291312244096	-56.5	4.0625	422	1186	234458672 9.5350811	
0.116582539879309	-56.5	8.9375	423	1130	234458673 9.5361533	
0.190213617697819	-56	-56.125	424	1130	234458673 9.5373228	
0.337475773334841	-56	21.9375	425	1186	234458675 9.5380237	
0.288388388122501	-56	43.125	426	1186	234458912 9.7751391	
0.141126232485479	-56.5	-8.9375	427	1130	234458916 9.7792144	
0.319068003880213	-56.5	17.0625	428	1186	234458918 9.7813177	
0.0797670009700533	-56.5	14.1875	429	1130	234458923 9.7873829	
0.110446616727766	-56.5	-21.9375	430	1130	234458927 9.7908213	
0.355883542789469	-56	-13	431	1186	234458930 9.7943406	
0.300660234425586	-56	26	432	1186	234458932 9.7957338	
0.104310693576224	-56	-13	433	1130	234458936 9.7987596	
0.337475773334841	-56	-4.0625	434	1186	234458938 9.8015518	
0.098174770424681	-56.5	-17.0625	435	1130	234458939 9.8023045	
0.0674951546669682	-56.5	21.125	436	1130	234458939 9.8028723	
0.319068003880213	-56.5	6.875	437	1186	234458940 9.8035969	
0.398835004850267	-56	-56.125	438	1186	234459161 10.0247753	
0.0859029241215959	-56.5	13	439	1130	234459163 10.0262446	
0.288388388122501	-56	30.0625	440	1186	234459164 10.0277416	
0.098174770424681	-56	-13	441	1130	234459165 10.0283579	
0.128854386182394	-56.5	-13	442	1130	234459165 10.0287238	
0.343611696486384	-56.5	-13	443	1186	234459165 10.0291181	
0.365087427516783	-56.5	-2.8125	444	1186	234459167 10.0306727	
0.0644271930911969	-56.5	17.875	445	1130	234459167 10.0311705	
0.0674951546669682	-56	13	446	1130	234459168 10.0315836	
0.349747619637926	-56	-4.0625	447	1186	234459168 10.0321043	
0.337475773334841	-56	-4.0625	448	1186	234459169 10.0324863	
0.110446616727766	-56.5	8.9375	449	1130	234459170 10.0341203	
0.374291312244096	-56.5	-26	450	1186	234459411 10.2748078	
0.0920388472731385	-56	-8.9375	451	1130	234459412 10.2763119	
0.0920388472731385	-56.5	12.1875	452	1130	234459413 10.2774193	
0.319068003880213	-56.5	8.9375	453	1186	234459416 10.2791186	
0.0859029241215959	-56	-8.9375	454	1130	234459416 10.2800095	
0.349747619637926	-56.5	-13	455	1186	234459417 10.2812718	
0.0920388472731385	-56	13	456	1130	234459420 10.2835916	
0.374291312244096	-56.5	4.0625	457	1186	234459421 10.284507	
0.134990309333936	-56.5	-21.9375	458	1130	234459422 10.2852375	
0.325203927031756	-56	26	459	1186	234459422 10.2859671	
0.0859029241215959	-56.5	10.9375	460	1130	234459669 10.5321646	
0.291456349698272	-56.5	26	461	1186	234459670 10.5336238	
0.0368155389092554	-56.5	30.0625	462	1130	234459671 10.53472	
0.343611696486384	-56.5	-8.9375	463	1186	234459672 10.5356815	
0.116582539879309	-56.5	-8.9375	464	1130	234459673 10.5362669	
0.349747619637926	-56	-4.0625	465	1186	234459674 10.537704	
0.0859029241215959	-56.5	39	466	1130	234459674 10.5379863	
0.319068003880213	-56.5	56.125	467	1186	234459674 10.5385513	
0.0797670009700533	-56.5	13	468	1130	234459676 10.5390244	
0.331339850183298	-56.5	6.875	469	1186	234459676 10.5394079	
0.306796157577128	-56	30.0625	470	1186	234459676 10.539838	
0.122718463030851	-56.5	-8.9375	471	1130	234459677 10.5401958	
0.380427235395639	-56.5	-21.9375	472	1186	234459911 10.7749166	
0.0920388472731385	-56.5	-13	473	1130	234459915 10.778754	
0.331339850183298	-56	-4.0625	474	1186	234459918 10.7812429	
0.153398078788564	-57	-39	475	1130	234459922 10.7849258	
0.33440781175907	-56.5	4.875	476	1186	234459923 10.7868504	
0.104310693576224	-56.5	8.9375	477	1130	234459924 10.7877041	
0.0674951546669682	-56	4.0625	478	1130	234459926 10.7889565	
0.380427235395639	-56	-30.0625	479	1186	234459926 10.7898116	
0.0920388472731385	-56.5	-13	480	1130	234459928 10.7916815	
0.368155389092554	-56.5	-13	481	1186	234459929 10.792307	
0.104310693576224	-56.5	-8.9375	482	1130	234459930 10.7934249	
0.337475773334841	-56.5	8.9375	483	1186	234459931 10.7943175	
3.44838881116692	-56.5	25.1875	484	1186	234500161 11.0244897	
0.0889708856973672	-56.5	1.1875	485	1130	234500161 11.0254268	
0.312932080728671	-56	4.0625	486	1186	234500162 11.0259455	
0.0920388472731385	-56.5	0	487	1130	234500163 11.0270269	
0.0736310778185108	-56.5	13	488	1130	234500164 11.0276732	
0.374291312244096	-56.5	-26	489	1186	234500164 11.028107	
0.0613592315154256	-56.5	-13	490	1130	234500166 11.0297869	
0.374291312244096	-56.5	-26	491	1186	234500167 11.0309092	
0.33440781175907	-56.5	15.8125	492	1186	234500170 11.0343788	
0.0705631162427395	-56.5	10.9375	493	1130	234500171 11.0351237	
0.098174770424681	-56.5	8.9375	494	1130	234500173 11.0360285	
0.269980618667873	-56	48	495	1186	234500173 11.0367887	
0.110446616727766	-56.5	8.9375	496	1130	234500412 11.2756279	
0.306796157577128	-56	30.0625	497	1186	234500413 11.2775274	
0.294524311274043	-56	26	498	1186	234500415 11.2781308	
0.122718463030851	-56.5	-21.9375	499	1130	234500416 11.2789377	
0.0766990393942821	-56.5	13	500	1130	234500416 11.2796845	
0.331339850183298	-56.5	4.875	501	1186	234500418 11.2809271	
0.0859029241215959	-56.5	-8.9375	502	1130	234500418 11.281804	
0.337475773334841	-56.5	13	503	1186	234500420 11.28344	
0.153398078788564	-56	-4.0625	504	1130	234500421 11.2843695	
0.300660234425586	-56	21.9375	505	1186	234500421 11.2850551	
0.141126232485479	-56.5	-17.0625	506	1130	234500423 11.2857901	
0.337475773334841	-56	-4.0625	507	1186	234500424 11.2867546	
0.319068003880213	-56.5	8.9375	508	1186	234500662 11.5258604	
0.0705631162427395	-56.5	17.875	509	1130	234500665 11.5284948	
0.098174770424681	-56.5	-4.0625	510	1130	234500667 11.531262	
0.294524311274043	-56	26	511	1186	234500669 11.532571	
0.316000042304442	-56.5	12.1875	512	1186	234500672 11.5350586	
0.0674951546669682	-56.5	13	513	1130	234500673 11.5365611	
0.349747619637926	-56.5	-39	514	1186	234500673 11.5374287	
0.110446616727766	-56	-26	515	1130	234500675 11.5387573	
0.0859029241215959	-56	4.0625	516	1130	234500675 11.5395366	
0.331339850183298	-56	26	517	1186	234500677 11.5403306	
0.374291312244096	-56.5	-17.0625	518	1186	234500678 11.5413518	
0.0552233083638831	-56	13	519	1130	234500679 11.5425045	
0.0797670009700533	-56.5	10.125	520	1130	234500911 11.774586	
0.294524311274043	-56.5	24	521	1186	234500914 11.7781437	
0.153398078788564	-56	-61	522	1130	234500916 11.7807304	
0.300660234425586	-56	26	523	1186	234500921 11.7845376	
0.362019465941011	-56	-26	524	1186	234500923 11.7869791	
0.128854386182394	-56.5	8.9375	525	1130	234500923 11.7874588	
0.300660234425586	-56	34.9375	526	1186	234500925 11.7882568	
0.0797670009700533	-56	30.0625	527	1130	234500925 11.7888328	
0.288388388122501	-56.5	23.1875	528	1186	234500926 11.7893569	
0.0736310778185108	-56.5	12.1875	529	1130	234500926 11.7898924	
0.349747619637926	-56	-13	530	1186	234500926 11.7905406	
0.153398078788564	-56	-43.125	531	1130	234500928 11.7916649	
0.343611696486384	-56	-21.9375	532	1186	234501162 12.0250402	
0.0736310778185108	-56.5	-4.0625	533	1130	234501163 12.0264807	
0.343611696486384	-56.5	13	534	1186	234501164 12.0276831	
0.098174770424681	-56	0	535	1130	234501165 12.0284468	
0.343611696486384	-56.5	4.0625	536	1186	234501166 12.0298921	
0.104310693576224	-56.5	2.8125	537	1130	234501167 12.0307871	
0.141126232485479	-56	-30.0625	538	1130	234501167 12.0314667	
0.374291312244096	-56	-8.9375	539	1186	234501170 12.0337365	
0.306796157577128	-56	30.0625	540	1186	234501171 12.0343516	
0.0613592315154256	-56.5	8.9375	541	1130	234501171 12.034769	
0.116582539879309	-56	-4.0625	542	1130	234501172 12.0354809	
0.343611696486384	-56	8.9375	543	1186	234501172 12.0360919	
0.322135965455985	-56.5	8.9375	544	1186	234501411 12.2749129	
0.0951068088489097	-56.5	-1.1875	545	1130	234501414 12.2783007	
0.098174770424681	-56.5	-17.0625	546	1130	234501420 12.2839474	
0.306796157577128	-56	26	547	1186	234501421 12.2850881	
0.343611696486384	-56	-4.0625	548	1186	234501422 12.2863829	
0.153398078788564	-56	-43.125	549	1130	234501424 12.287141	
0.325203927031756	-56	21.9375	550	1186	234501425 12.2886071	
0.171805848243192	-56.5	-43.125	551	1130	234501426 12.2896615	
0.294524311274043	-56.5	17.875	552	1186	234501426 12.2905246	
0.0766990393942821	-56.5	14.1875	553	1130	234501428 12.2917209	
0.134990309333936	-56.5	-30.0625	554	1130	234501429 12.2925279	
0.349747619637926	-56	-13	555	1186	234501481 12.344768	
0.288388388122501	-56	26	556	1186	234501661 12.5245384	
0.0736310778185108	-56.5	26	557	1130	234501662 12.5258764	
0.362019465941011	-56.5	-30.0625	558	1186	234501663 12.5269559	
0.202485464000905	-56.5	-78.0625	559	1130	234501664 12.5287209	
0.316000042304442	-57	21.125	560	1186	234501667 12.530487	
6.17273869045182	-56.5	6.875	561	1130	234501667 12.5313742	
0.325203927031756	-56.5	8.9375	562	1186	234501669 12.5323012	
6.19114645990645	-57	-26	563	1130	234501671 12.5343486	
0.343611696486384	-57	0.4375	564	1186	234501672 12.5362999	
0.116582539879309	-57	-0.4375	565	1130	234501674 12.5373298	
0.0674951546669682	-56.5	26	566	1130	234501911 12.7744771	
0.368155389092554	-56.5	-8.9375	567	1186	234501912 12.7755035	
0.0644271930911969	-56.5	15	568	1130	234501913 12.7764373	
3.46679658062155	-56.5	14.1875	569	1186	234501915 12.7779897	
0.134990309333936	-56.5	-17.0625	570	1130	234501916 12.779146	
0.312932080728671	-56	0	571	1186	234501916 12.7796616	
0.141126232485479	-56	-56.125	572	1130	234501916 12.7803954	
0.343611696486384	-56	0	573	1186	234501917 12.7818445	
0.368155389092554	-56.5	-17.0625	574	1186	234501919 12.7823472	
0.122718463030851	-56.5	-13	575	1130	234501920 12.7836245	
0.322135965455985	-56.5	8.9375	576	1186	234501920 12.7842007	
0.0736310778185108	-56.5	12.1875	577	1130	234501921 12.7851114	
0.0613592315154256	-56	13	578	1130	234502161 13.0241897	
0.331339850183298	-56	17.0625	579	1186	234502191 13.0552769	
0.276116541819415	-56	52.0625	580	1186	234502193 13.0562367	
0.104310693576224	-56	-34.9375	581	1130	234502193 13.0569977	
0.288388388122501	-56	61	582	1186	234502194 13.0576813	
0.165669925091649	-56.5	-56.125	583	1130	234502194 13.0581014	
0.331339850183298	-56.5	15.8125	584	1186	234502195 13.0594602	
0.104310693576224	-56.5	6.875	585	1130	234502196 13.0600551	
0.392699081698724	-56.5	-39	586	1186	234502198 13.0610964	
0.0552233083638831	-56.5	8.9375	587	1130	234502198 13.0615175	
0.355883542789469	-56	-8.9375	588	1186	234502199 13.0623215	
0.134990309333936	-56.5	-30.0625	589	1130	234502200 13.0631663	
0.134990309333936	-56.5	-20.3125	590	1130	234502421 13.2845604	
0.411106851153352	-56.5	-56.125	591	1186	234502423 13.2865551	
0.0644271930911969	-56.5	15.8125	592	1130	234502426 13.2900361	
0.322135965455985	-56.5	14.1875	593	1186	234502430 13.2932467	
0.184077694546277	-57	-69.125	594	1130	234502430 13.2940487	
0.282252464970958	-56	30.0625	595	1186	234502432 13.29522	
0.153398078788564	-56.5	-39	596	1130	234502432 13.2960208	
0.349747619637926	-56	-26	597	1186	234502433 13.2969921	
0.0797670009700533	-56.5	8.9375	598	1130	234502434 13.2979352	
0.349747619637926	-56.5	12.1875	599	1186	234502435 13.2990491	
0.110446616727766	-56	-13	600	1130	234502437 13.3008834	
0.288388388122501	-56	48	601	1186	234502438 13.3016418	
0.300660234425586	-56.5	30.0625	602	1186	234502661 13.5244995	
0.0920388472731385	-56	26	603	1130	234502666 13.5303067	
0.0766990393942821	-56.5	10.125	604	1130	234502673 13.5363996	
0.3098641191529	-56.5	12.1875	605	1186	234502674 13.5383894	
0.116582539879309	-56	-17.0625	606	1130	234502676 13.5397944	
0.325203927031756	-56	26	607	1186	234502678 13.5421876	
0.134990309333936	-56.5	-26	608	1130	234502680 13.5434483	
0.349747619637926	-56	-13	609	1186	234502681 13.5446115	
0.147262155637022	-56	-34.9375	610	1130	234502682 13.5459365	
0.349747619637926	-56	4.0625	611	1186	234502683 13.5469374	
6.20341830620953	-56.5	2.8125	612	1130	234502911 13.7743743	
0.349747619637926	-56.5	6.0625	613	1186	234502912 13.7754041	
6.19728238305799	-56.5	-17.0625	614	1130	234502913 13.7765717	
0.343611696486384	-56.5	17.0625	615	1186	234502914 13.7771138	
0.343611696486384	-56.5	0	616	1186	234502914 13.778023	
0.0859029241215959	-56.5	4.0625	617	1130	234502915 13.7786084	
0.104310693576224	-56	-8.9375	618	1130	234502915 13.7791724	
0.386563158547182	-56	-34.9375	619	1186	234502916 13.7801819	
0.0889708856973672	-56.5	15	620	1130	234502916 13.7804684	
0.328271888607527	-56.5	6.875	621	1186	234502917 13.7807217	
0.374291312244096	-56	-26	622	1186	234502917 13.7811064	
0.0859029241215959	-56.5	0	623	1130	234502918 13.7819309	
0.331339850183298	-56.5	6.0625	624	1186	234503161 14.0243772	
0.0674951546669682	-56.5	10.125	625	1130	234503162 14.0254841	
0.0490873852123405	-56.5	52.0625	626	1130	234503162 14.0260353	
0.362019465941011	-56	-26	627	1186	234503163 14.0265088	
0.337475773334841	-56	4.0625	628	1186	234503163 14.0269382	
0.0797670009700533	-56.5	0	629	1130	234503163 14.0273262	
0.362019465941011	-56.5	-8.9375	630	1186	234503164 14.0277399	
0.0736310778185108	-56.5	21.9375	631	1130	234503165 14.0281079	
0.3098641191529	-56.5	21.9375	632	1186	234503165 14.0284773	
0.104310693576224	-56.5	13	633	1130	234503165 14.0288424	
0.153398078788564	-56.5	-34.9375	634	1130	234503165 14.0291845	
0.288388388122501	-56.5	34.9375	635	1186	234503166 14.0295245	
0.362019465941011	-56.5	-13	636	1186	234503411 14.2743039	
0.110446616727766	-56.5	-13	637	1130	234503413 14.2772181	
0.374291312244096	-56.5	-26	638	1186	234503449 14.3126402	
0.110446616727766	-56.5	0	639	1130	234503456 14.3193952	
0.316000042304442	-56.5	21.125	640	1186	234503457 14.3207884	
0.0797670009700533	-56.5	8.125	641	1130	234503458 14.321998	
0.134990309333936	-56.5	-13	642	1130	234503460 14.3229343	
0.343611696486384	-56	34.9375	643	1186	234503460 14.3241284	
0.098174770424681	-56.5	-13	644	1130	234503461 14.3250903	
0.368155389092554	-56.5	-21.9375	645	1186	234503462 14.3263566	
0.331339850183298	-56.5	8.9375	646	1186	234503661 14.5243966	
0.153398078788564	-56.5	-26	647	1130	234503661 14.5250016	
0.33440781175907	-56.5	6.875	648	1186	234503662 14.5255498	
0.0613592315154256	-56.5	14.1875	649	1130	234503663 14.5260266	
0.42951462060798	-56	-82.1875	650	1186	234503663 14.5265018	
0.104310693576224	-56.5	-4.0625	651	1130	234503664 14.5273749	
0.380427235395639	-56	-34.9375	652	1186	234503665 14.5279294	
0.141126232485479	-56.5	-34.9375	653	1130	234503665 14.5288846	
0.343611696486384	-56.5	0	654	1186	234503666 14.5296925	
0.128854386182394	-56	-8.9375	655	1130	234503666 14.5301455	
0.328271888607527	-56.5	2	656	1186	234503667 14.530446	
0.0951068088489097	-56.5	12.1875	657	1130	234503667 14.5309648	
0.0859029241215959	-56.5	-4.0625	658	1130	234503911 14.7742635	
0.343611696486384	-56	0	659	1186	234503913 14.7773393	
0.374291312244096	-57	0	660	1186	234503917 14.7809416	
6.19728238305799	-57	0.4375	661	1130	234503920 14.784347	
6.22182607566416	-56.5	-30.0625	662	1130	234503921 14.784795	
0.306796157577128	-56.5	39	663	1186	234503921 14.7851258	
0.312932080728671	-56.5	10.9375	664	1186	234503922 14.7854006	
0.0951068088489097	-56.5	4.875	665	1130	234503922 14.7856605	
0.349747619637926	-56	8.9375	666	1186	234503923 14.7859303	
0.122718463030851	-56.5	-30.0625	667	1130	234503923 14.7861713	
0.343611696486384	-56	0	668	1186	234503923 14.7864298	
0.128854386182394	-56.5	-39	669	1130	234503923 14.7866612	
0.362019465941011	-56.5	-21.9375	670	1186	234504161 15.0242634	
0.104310693576224	-56.5	-8.9375	671	1130	234504163 15.0266614	
0.110446616727766	-56.5	-2.8125	672	1130	234504164 15.028364	
0.340543734910612	-56.5	1.1875	673	1186	234504166 15.0294463	
0.257708772364788	-56	56.125	674	1186	234504168 15.0312934	
0.177941771394734	-56	-48	675	1130	234504171 15.0341742	
0.104310693576224	-56.5	4.0625	676	1130	234504171 15.0348559	
0.331339850183298	-56.5	-4.0625	677	1186	234504173 15.0365643	
0.042951462060798	-56.5	34.9375	678	1130	234504174 15.0377286	
0.319068003880213	-56	21.9375	679	1186	234504175 15.0389719	
0.0521553467881118	-56.5	19.125	680	1130	234504177 15.0405114	
0.319068003880213	-56.5	10.125	681	1186	234504178 15.0417655	
0.110446616727766	-56	-26	682	1130	234504415 15.2789589	
0.300660234425586	-56	17.0625	683	1186	234504612 15.4752432	
0.404970928001809	-56.5	-43.125	684	1186	234504614 15.4780792	
0.0797670009700533	-56.5	28.4375	685	1130	234504616 15.478992	
0.355883542789469	-56.5	-21.9375	686	1186	234504617 15.4803914	
0.0859029241215959	-56.5	4.0625	687	1130	234504618 15.4816256	
0.325203927031756	-56	43.9375	688	1186	234504618 15.4820011	
0.0736310778185108	-56.5	-4.0625	689	1130	234504621 15.4845551	
0.0920388472731385	-56.5	-8.9375	690	1130	234504622 15.4852456	
0.404970928001809	-56	-52.0625	691	1186	234504623 15.4862344	
0.0644271930911969	-56.5	12.1875	692	1130	234504661 15.5239264	
0.325203927031756	-56.5	6.875	693	1186	234504662 15.5254608	
0.325203927031756	-56	13	694	1186	234504662 15.5261872	
0.128854386182394	-56.5	-34.9375	695	1130	234504663 15.527275	
0.441786466911065	-56	-65.0625	696	1186	234504666 15.5298602	
0.202485464000905	-56	-74	697	1130	234504668 15.5312232	
0.177941771394734	-56.5	-69.125	698	1130	234504668 15.5319406	
0.337475773334841	-56	4.0625	699	1186	234504670 15.5333237	
0.0889708856973672	-56.5	2.8125	700	1130	234504671 15.5345983	
0.33440781175907	-56.5	2.8125	701	1186	234504672 15.5356776	
0.177941771394734	-56.5	-48	702	1130	234504672 15.5365511	
0.337475773334841	-56	-4.0625	703	1186	234504673 15.5369321	
0.306796157577128	-56.5	21.9375	704	1186	234504915 15.7789005	
0.0552233083638831	-56.5	26	705	1130	234505155 16.0191474	
0.337475773334841	-56.5	0	706	1186	234505184 16.0474796	
0.147262155637022	-56.5	-17.0625	707	1130	234505192 16.0549137	
0.306796157577128	-56.5	17.875	708	1186	234505193 16.0561527	
0.0828349625458246	-56.5	10.125	709	1130	234505194 16.0568242	
0.380427235395639	-56	4.0625	710	1186	234505195 16.0579653	
0.0797670009700533	-56.5	8.9375	711	1130	234505196 16.0595985	
0.098174770424681	-56.5	-13	712	1130	234505209 16.0727105	
0.460194236365692	-56	-69.125	713	1186	234505210 16.0732934	
0.45405831321415	-56.5	-95.1875	714	1186	234505210 16.0740819	
0.128854386182394	-56.5	-21.9375	715	1130	234505212 16.0757121	
3.2366994624387	-56.5	6.0625	716	1130	234505213 16.0762149	
0.325203927031756	-56.5	4.875	717	1186	234505213 16.0766937	
0.0920388472731385	-56	-13	718	1130	234505213 16.0771486	
0.349747619637926	-56.5	0	719	1186	234505215 16.0784448	
0.368155389092554	-56	-8.9375	720	1186	234505216 16.0792845	
0.0797670009700533	-56.5	0	721	1130	234505216 16.0798212	
0.312932080728671	-56	0	722	1186	234505217 16.0803508	
0.0859029241215959	-56.5	-4.0625	723	1130	234505217 16.0810757	
0.3098641191529	-56.5	19.125	724	1186	234505218 16.0816299	
0.0736310778185108	-56.5	6.0625	725	1130	234505219 16.0820909	
3.49747619637926	-57	0.1875	726	1186	234505220 16.0836407	
0.319068003880213	-56.5	34.9375	727	1186	234505410 16.2738136	
0.098174770424681	-56	-4.0625	728	1130	234505411 16.2752124	
0.355883542789469	-56.5	-13	729	1186	234505412 16.2763632	
0.355883542789469	-56.5	4.875	730	1186	234505414 16.2771344	
3.22749557771139	-56.5	15.8125	731	1130	234505414 16.2779716	
0.374291312244096	-56	-17.0625	732	1186	234505415 16.2787433	
0.098174770424681	-56.5	4.0625	733	1130	234505418 16.2813966	
0.411106851153352	-56.5	-34.9375	734	1186	234505420 16.2836697	
0.116582539879309	-56.5	-17.0625	735	1130	234505421 16.2850247	
0.171805848243192	-56.5	-69.125	736	1130	234505424 16.2873677	
0.374291312244096	-56	-21.9375	737	1186	234505425 16.2887446	
3.21829169298408	-56.5	14.1875	738	1130	234505670 16.5335277	
0.319068003880213	-56.5	17.875	739	1186	234505685 16.5487937	
0.122718463030851	-56.5	-4.0625	740	1130	234505687 16.5507137	
0.368155389092554	-56	-30.0625	741	1186	234505690 16.5533687	
0.0859029241215959	-56.5	-4.0625	742	1130	234505693 16.55638	
0.325203927031756	-56	-8.9375	743	1186	234505695 16.5586904	
0.435650543759522	-56.5	-61	744	1186	234505696 16.5603513	
0.0859029241215959	-56.5	8.9375	745	1130	234505698 16.5616943	
0.322135965455985	-56.5	8.125	746	1186	234505699 16.5634844	
0.0797670009700533	-56.5	6.0625	747	1130	234505707 16.5702857	
0.098174770424681	-56.5	-13	748	1130	234505707 16.5706961	
0.362019465941011	-56	-13	749	1186	234505707 16.5710414	
0.0920388472731385	-56.5	4.0625	750	1130	234505928 16.7912177	
0.325203927031756	-56.5	26	751	1186	234505928 16.7918441	
0.386563158547182	-56.5	-30.0625	752	1186	234506042 16.9064373	
0.0613592315154256	-56	26	753	1130	234506052 16.9150946	
0.33440781175907	-56.5	10.125	754	1186	234506052 16.9162678	
0.0582912699396544	-56.5	14.1875	755	1130	234506055 16.9181235	
0.128854386182394	-57	-30.0625	756	1130	234506055 16.918655	
0.306796157577128	-56.5	39	757	1186	234506055 16.9190364	
0.0797670009700533	-56.5	13	758	1130	234506056 16.9197723	
0.306796157577128	-56.5	17.0625	759	1186	234506058 16.9217987	
0.098174770424681	-56.5	-13	760	1130	234506060 16.9231003	
0.343611696486384	-56.5	4.0625	761	1186	234506061 16.9240387	
0.319068003880213	-56.5	17.875	762	1186	234506161 17.0242098	
3.23363150086293	-56.5	10.9375	763	1130	234506166 17.0294222	
0.147262155637022	-56.5	-8.125	764	1130	234506168 17.0323833	
0.306796157577128	-56	30.0625	765	1186	234506175 17.0377252	
0.380427235395639	-56.5	0	766	1186	234506175 17.0385775	
6.19728238305799	-56.5	-8.9375	767	1130	234506176 17.0393331	
6.19728238305799	-56.5	-8.9375	768	1130	234506176 17.0400379	
0.343611696486384	-56	17.0625	769	1186	234506178 17.0407702	
0.0797670009700533	-56.5	8.125	770	1130	234506178 17.0414643	
3.47293250377309	-56.5	17.875	771	1186	234506179 17.0422878	
0.110446616727766	-56.5	-30.0625	772	1130	234506441 17.3048997	
0.343611696486384	-56	-4.0625	773	1186	234506442 17.3060857	
0.0705631162427395	-56.5	10.9375	774	1130	234506444 17.3072765	
0.340543734910612	-56.5	8.125	775	1186	234506445 17.3083599	
0.141126232485479	-56.5	-17.0625	776	1130	234506446 17.3094269	
0.306796157577128	-56	17.0625	777	1186	234506446 17.3100946	
0.417242774304894	-56	-56.125	778	1186	234506447 17.3106965	
0.171805848243192	-56.5	-65.0625	779	1130	234506448 17.3119957	
0.0859029241215959	-56	-8.9375	780	1130	234506450 17.3129535	
0.380427235395639	-56	-30.0625	781	1186	234506451 17.3139351	
0.328271888607527	-56.5	15.8125	782	1186	234506452 17.3147598	
0.0951068088489097	-56.5	8.9375	783	1130	234506452 17.3151607	
0.276116541819415	-56.5	48	784	1186	234506661 17.523939	
0.134990309333936	-56.5	-21.9375	785	1130	234506668 17.530974	
0.122718463030851	-56.5	-17.0625	786	1130	234506672 17.5359726	
0.343611696486384	-56	13	787	1186	234506673 17.5377147	
0.460194236365692	-56.5	-78.0625	788	1186	234506675 17.5392241	
0.110446616727766	-56.5	-4.0625	789	1130	234506677 17.5401713	
0.0736310778185108	-56.5	14.1875	790	1130	234506677 17.5410651	
0.33440781175907	-56.5	6.875	791	1186	234506678 17.5417359	
0.325203927031756	-56.5	-4.0625	792	1186	234506679 17.5421402	
0.104310693576224	-56	-17.0625	793	1130	234506679 17.5425905	
0.325203927031756	-56	13	794	1186	234506679 17.542939	
0.128854386182394	-56.5	-24.375	795	1130	234506679 17.543282	
0.0736310778185108	-56.5	4.0625	796	1130	234506920 17.7835852	
0.331339850183298	-56	8.9375	797	1186	234506921 17.7847849	
0.340543734910612	-56.5	6.875	798	1186	234506922 17.7857354	
0.0859029241215959	-56.5	2.8125	799	1130	234506922 17.7863066	
0.110446616727766	-56.5	-17.0625	800	1130	234506923 17.7869462	
0.349747619637926	-56	-17.0625	801	1186	234506924 17.7875154	
0.355883542789469	-56	0	802	1186	234506925 17.7880026	
0.0920388472731385	-56.5	-4.0625	803	1130	234506926 17.7889879	
0.171805848243192	-56.5	-48	804	1130	234506926 17.7897589	
0.355883542789469	-56	4.0625	805	1186	234506928 17.7914133	
0.0797670009700533	-56.5	15	806	1130	234506929 17.7924588	
0.316000042304442	-56.5	14.1875	807	1186	234506930 17.7938383	
0.116582539879309	-56.5	-13	808	1130	234507160 18.0234858	
0.337475773334841	-56	8.9375	809	1186	234507179 18.0431434	
0.0368155389092554	-56.5	43.125	810	1130	234507181 18.0451819	
0.343611696486384	-56	13	811	1186	234507182 18.0460718	
0.122718463030851	-56	-17.0625	812	1130	234507183 18.0474496	
0.368155389092554	-56	-30.0625	813	1186	234507184 18.0482643	
0.0674951546669682	-56.5	17.0625	814	1130	234507186 18.0501001	
0.340543734910612	-56.5	15	815	1186	234507187 18.0511525	
0.319068003880213	-56	13	816	1186	234507188 18.0516385	
0.153398078788564	-56.5	-21.9375	817	1130	234507188 18.0520408	
0.306796157577128	-56	-4.0625	818	1186	234507189 18.0525336	
0.104310693576224	-56.5	-4.0625	819	1130	234507189 18.0529216	
0.0736310778185108	-56.5	-13	820	1130	234507410 18.2737402	
0.343611696486384	-56	4.0625	821	1186	234507412 18.2760679	
0.322135965455985	-56.5	10.125	822	1186	234507414 18.2782605	
0.0828349625458246	-56.5	6.875	823	1130	234507416 18.280343	
0.0797670009700533	-56.5	17.0625	824	1130	234507417 18.2818823	
0.306796157577128	-56	30.0625	825	1186	234507420 18.2838821	
0.349747619637926	-56.5	4.0625	826	1186	234507421 18.2846486	
0.0859029241215959	-56.5	-4.0625	827	1130	234507422 18.285404	
0.325203927031756	-56	21.9375	828	1186	234507422 18.2860456	
0.116582539879309	-56.5	-13	829	1130	234507423 18.2864994	
0.340543734910612	-56.5	8.125	830	1186	234507660 18.5237932	
0.0736310778185108	-56.5	10.125	831	1130	234507662 18.5259783	
0.380427235395639	-56	-21.9375	832	1186	234507667 18.5306764	
0.134990309333936	-56.5	-30.0625	833	1130	234507669 18.5318618	
0.306796157577128	-56.5	39	834	1186	234507671 18.5351146	
0.159534001940107	-56.5	-30.0625	835	1130	234507672 18.5361164	
0.411106851153352	-56.5	-34.9375	836	1186	234507673 18.5369695	
0.098174770424681	-56.5	8.9375	837	1130	234507674 18.5376535	
0.319068003880213	-56.5	14.1875	838	1186	234507675 18.5384389	
0.0674951546669682	-56.5	10.9375	839	1130	234507676 18.5390471	
0.098174770424681	-56.5	-21.9375	840	1130	234507676 18.5395599	
0.386563158547182	-56	-48	841	1186	234507677 18.5400501	
0.355883542789469	-56.5	-13	842	1186	234507910 18.7735689	
0.0552233083638831	-56.5	17.0625	843	1130	234507910 18.7739873	
0.098174770424681	-56.5	4.0625	844	1130	234507912 18.7755275	
0.355883542789469	-56	-13	845	1186	234507913 18.7762561	
0.322135965455985	-56.5	21.125	846	1186	234507914 18.7770736	
0.0920388472731385	-56.5	15	847	1130	234507914 18.7776748	
0.104310693576224	-57	8.9375	848	1130	234507915 18.7781626	
0.411106851153352	-56	-48	849	1186	234507915 18.7785799	
0.312932080728671	-56.5	21.9375	850	1186	234507916 18.7789676	
0.0674951546669682	-56.5	34.9375	851	1130	234507916 18.7793489	
0.0674951546669682	-56	43.125	852	1130	234507916 18.7797219	
0.312932080728671	-56	4.0625	853	1186	234507917 18.7802435	
0.337475773334841	-56.5	10.125	854	1186	234508160 19.0236699	
0.0859029241215959	-56.5	17.875	855	1130	234508164 19.0269617	
0.0859029241215959	-56.5	13	856	1130	234508166 19.0297879	
0.349747619637926	-56	4.0625	857	1186	234508167 19.0309734	
0.300660234425586	-56	26	858	1186	234508171 19.0345613	
0.116582539879309	-56.5	4.0625	859	1130	234508172 19.0355966	
0.362019465941011	-56	-17.0625	860	1186	234508173 19.0366462	
0.128854386182394	-56	-39	861	1130	234508173 19.0374777	
0.386563158547182	-56	-26	862	1186	234508175 19.0387631	
0.134990309333936	-56.5	-34.9375	863	1130	234508176 19.0396141	
0.0674951546669682	-56.5	-17.0625	864	1130	234508176 19.0401004	
0.380427235395639	-56	-34.9375	865	1186	234508178 19.0408706	
0.349747619637926	-56.5	4.875	866	1186	234508410 19.2735841	
0.0951068088489097	-56.5	6.875	867	1130	234508417 19.2801247	
0.349747619637926	-56.5	-13	868	1186	234508424 19.286961	
0.128854386182394	-56.5	-26	869	1130	234508425 19.2891057	
0.337475773334841	-56	13	870	1186	234508427 19.2904614	
0.0613592315154256	-56.5	34.9375	871	1130	234508428 19.2912616	
0.325203927031756	-56	0	872	1186	234508428 19.2919822	
0.153398078788564	-56	-52.0625	873	1130	234508429 19.2926985	
0.331339850183298	-56.5	6.875	874	1186	234508429 19.293435	
0.0644271930911969	-56.5	17.0625	875	1130	234508431 19.2942142	
0.104310693576224	-56	4.0625	876	1130	234508431 19.2949644	
0.306796157577128	-56	8.9375	877	1186	234508435 19.2984111	
0.104310693576224	-56.5	4.0625	878	1130	234508660 19.5237083	
0.325203927031756	-56	13	879	1186	234508662 19.5258648	
0.337475773334841	-56	21.9375	880	1186	234508664 19.5270037	
0.0613592315154256	-56.5	26	881	1130	234508665 19.5281462	
0.325203927031756	-56.5	17.0625	882	1186	234508665 19.5289859	
0.0828349625458246	-56.5	10.9375	883	1130	234508667 19.5308945	
0.0674951546669682	-56	34.9375	884	1130	234508672 19.5347238	
0.362019465941011	-56	-30.0625	885	1186	234508672 19.5357007	
0.380427235395639	-56	-13	886	1186	234508674 19.5381785	
0.098174770424681	-56	16.25	887	1130	234508681 19.5453165	
0.362019465941011	-56.5	-17.0625	888	1186	234508682 19.5463109	
0.0613592315154256	-56.5	21.9375	889	1130	234508683 19.54688	
0.33440781175907	-56.5	13	890	1186	234508929 19.792016	
0.0766990393942821	-56.5	17.875	891	1130	234508965 19.8284187	
0.325203927031756	-56	21.9375	892	1186	234508987 19.8513891	
0.165669925091649	-56.5	-43.125	893	1130	234508989 19.8525801	
0.098174770424681	-56.5	-8.9375	894	1130	234508989 19.8533006	
0.42951462060798	-56.5	-61	895	1186	234508991 19.8550033	
0.0797670009700533	-56	-4.0625	896	1130	234508992 19.8557708	
0.337475773334841	-56	0	897	1186	234508993 19.8564055	
0.0582912699396544	-56.5	21.9375	898	1130	234508993 19.8571381	
3.46679658062155	-56.5	12.1875	899	1186	234508994 19.8576033	
0.0490873852123405	-56	30.0625	900	1130	234509159 20.0232868	
0.319068003880213	-56.5	-4.0625	901	1186	234509163 20.026081	
0.269980618667873	-56	39	902	1186	234509166 20.0293805	
0.165669925091649	-56.5	-48	903	1130	234509167 20.0303731	
0.134990309333936	-56.5	-26	904	1130	234509168 20.0314063	
0.392699081698724	-56	-43.125	905	1186	234509169 20.0321904	
0.0828349625458246	-56.5	12.1875	906	1130	234509174 20.036989	
0.340543734910612	-56.5	8.9375	907	1186	234509174 20.0376538	
0.398835004850267	-56	-30.0625	908	1186	234509175 20.0382986	
0.098174770424681	-56.5	-4.0625	909	1130	234509176 20.0389416	
0.386563158547182	-56	-21.9375	910	1186	234509176 20.0395739	
0.159534001940107	-56.5	-31.6875	911	1130	234509180 20.0438399	
0.319068003880213	-56.5	48	912	1186	234509410 20.2734302	
0.128854386182394	-56.5	-21.9375	913	1130	234509411 20.2748232	
0.0797670009700533	-56.5	12.1875	914	1130	234509412 20.2759883	
0.325203927031756	-56.5	13	915	1186	234509413 20.2769071	
0.398835004850267	-56.5	-43.125	916	1186	234509415 20.2785033	
0.0613592315154256	-56.5	30.0625	917	1130	234509416 20.2798348	
0.398835004850267	-56	0	918	1186	234509417 20.2807887	
0.110446616727766	-56	-13	919	1130	234509418 20.2817114	
0.153398078788564	-56.5	-39	920	1130	234509420 20.2836575	
0.282252464970958	-56.5	61	921	1186	234509421 20.2847034	
0.346679658062155	-56.5	8.125	922	1186	234509422 20.2855143	
0.0889708856973672	-56.5	10.9375	923	1130	234509423 20.2868378	
0.386563158547182	-56	-21.9375	924	1186	234509660 20.5235722	
0.098174770424681	-56	13	925	1130	234509717 20.5812969	
0.147262155637022	-56.5	-17.0625	926	1130	234509721 20.5841132	
0.343611696486384	-56	21.9375	927	1186	234509722 20.5848134	
0.343611696486384	-56	8.9375	928	1186	234509723 20.5865697	
0.153398078788564	-56.5	-34.9375	929	1130	234509723 20.586933	
0.346679658062155	-56.5	8.9375	930	1186	234509723 20.5873646	
0.0828349625458246	-56.5	13	931	1130	234509724 20.5877117	
0.0674951546669682	-56.5	4.0625	932	1130	234509724 20.5883304	
0.362019465941011	-56.5	13	933	1186	234509725 20.5887681	
0.355883542789469	-56	-17.0625	934	1186	234509725 20.5891899	
0.147262155637022	-56	-39	935	1130	234509725 20.5895095	
0.171805848243192	-56	-43.125	936	1130	234509910 20.7735009	
0.398835004850267	-56	-34.9375	937	1186	234509911 20.7748522	
0.113514578303537	-56.5	-2.8125	938	1130	234509913 20.7765542	
0.325203927031756	-56.5	14.1875	939	1186	234509918 20.7815273	
0.294524311274043	-56	17.0625	940	1186	234509926 20.7895007	
0.0674951546669682	-56.5	31.6875	941	1130	234509928 20.7913833	
0.282252464970958	-56	39	942	1186	234509930 20.7930275	
0.0859029241215959	-56.5	8.9375	943	1130	234509937 20.8008514	
0.319068003880213	-56	13	944	1186	234509937 20.8014885	
0.0920388472731385	-56.5	0	945	1130	234509939 20.8021581	
0.0859029241215959	-56.5	2	946	1130	234509939 20.8026938	
0.328271888607527	-56.5	10.125	947	1186	234509940 20.8033196	
0.355883542789469	-56	-4.0625	948	1186	234510160 21.0234628	
0.128854386182394	-56	-17.0625	949	1130	234510161 21.0251059	
0.319068003880213	-56.5	21.9375	950	1186	234510165 21.028747	
0.0613592315154256	-56.5	10.125	951	1130	234510167 21.0305126	
0.098174770424681	-56.5	-4.0625	952	1130	234510168 21.0321779	
0.374291312244096	-56.5	-21.9375	953	1186	234510170 21.0339075	
0.110446616727766	-56	-8.9375	954	1130	234510172 21.0360788	
0.362019465941011	-56.5	-13	955	1186	234510173 21.0371696	
0.331339850183298	-56	-13	956	1186	234510174 21.0378128	
0.116582539879309	-56.5	-13	957	1130	234510175 21.0388841	
3.45452473431846	-56.5	23.1875	958	1186	234510412 21.2759114	
0.0613592315154256	-56.5	15	959	1130	234510459 21.3224518	
0.368155389092554	-56	0	960	1186	234510460 21.3241851	
0.0613592315154256	-56.5	17.0625	961	1130	234510461 21.3248192	
0.319068003880213	-56	13	962	1186	234510461 21.3252093	
0.0920388472731385	-56.5	-13	963	1130	234510462 21.3254932	
0.269980618667873	-56.5	34.9375	964	1186	234510462 21.3263809	
0.122718463030851	-56.5	-21.9375	965	1130	234510463 21.3269692	
0.328271888607527	-56.5	15	966	1186	234510463 21.3273756	
0.0951068088489097	-56.5	8.9375	967	1130	234510463 21.3278449	
0.104310693576224	-56.5	0	968	1130	234510465 21.3283769	
0.331339850183298	-56	26	969	1186	234510465 21.3288034	
0.0613592315154256	-56.5	13	970	1130	234510660 21.5237678	
0.343611696486384	-56	-26	971	1186	234510682 21.5452131	
0.337475773334841	-56.5	4.0625	972	1186	234510686 21.5505231	
0.141126232485479	-56.5	-48	973	1130	234510690 21.5540836	
0.322135965455985	-56.5	10.125	974	1186	234510692 21.5558894	
0.0951068088489097	-56.5	4.0625	975	1130	234510693 21.557035	
0.380427235395639	-56	-43.125	976	1186	234510694 21.5580861	
0.128854386182394	-56.5	-13	977	1130	234510695 21.5591024	
0.349747619637926	-56	-4.0625	978	1186	234510696 21.560008	
0.0552233083638831	-56.5	39	979	1130	234510697 21.5608825	
0.441786466911065	-56	-65.0625	980	1186	234510698 21.5623178	
0.0736310778185108	-56.5	21.9375	981	1130	234510700 21.5634538	
0.303728196001357	-56.5	21.9375	982	1186	234510910 21.7732474	
0.0705631162427395	-56.5	10.125	983	1130	234510912 21.7750894	
0.331339850183298	-56.5	13	984	1186	234510913 21.7766267	
0.0797670009700533	-57	17.0625	985	1130	234510913 21.7772069	
0.392699081698724	-56.5	-43.125	986	1186	234510914 21.7782533	
0.104310693576224	-56.5	-8.9375	987	1130	234510916 21.7794633	
0.153398078788564	-56.5	-26	988	1130	234510916 21.7803332	
0.349747619637926	-56	8.9375	989	1186	234510917 21.7808006	
0.343611696486384	-56.5	13	990	1186	234510917 21.7813426	
0.0920388472731385	-56.5	4.875	991	1130	234510919 21.7817927	
0.331339850183298	-56	4.0625	992	1186	234510920 21.7827	
0.128854386182394	-56	-17.0625	993	1130	234510920 21.7834779	
0.122718463030851	-56.5	-17.0625	994	1130	234511170 22.0334215	
0.337475773334841	-56	0	995	1186	234511186 22.0488044	
0.104310693576224	-57	-0.1875	996	1130	234511187 22.0506897	
0.355883542789469	-57	0	997	1186	234511188 22.0514365	
0.340543734910612	-56.5	14.1875	998	1186	234511188 22.0518274	
0.0920388472731385	-56.5	8.125	999	1130	234511189 22.0524894	
0.0859029241215959	-56.5	21.9375	1000	1130	234511189 22.0527547	
0.349747619637926	-56	4.0625	1001	1186	234511189 22.0529617	
6.27704938402804	-56	56.125	1002	1130	234511190 22.0534077	
0.355883542789469	-56	-17.0625	1003	1186	234511190 22.0537746	
0.0797670009700533	-56.5	0	1004	1130	234511190 22.0542569	
0.294524311274043	-56	26	1005	1186	234511191 22.0547637	
0.331339850183298	-56.5	0	1006	1186	234511409 22.2732796	
0.0613592315154256	-56.5	14.1875	1007	1130	234511418 22.281949	
0.312932080728671	-56.5	26	1008	1186	234511420 22.2835497	
0.0736310778185108	-57	13	1009	1130	234511420 22.2839765	
0.141126232485479	-56.5	-21.9375	1010	1130	234511420 22.2843364	
0.343611696486384	-56	4.0625	1011	1186	234511421 22.2850494	
0.337475773334841	-56	4.0625	1012	1186	234511422 22.2853872	
0.116582539879309	-56.5	-30.0625	1013	1130	234511424 22.2879606	
0.337475773334841	-56.5	14.1875	1014	1186	234511425 22.288396	
0.0613592315154256	-56.5	21.9375	1015	1130	234511425 22.2887346	
0.220893233455532	-57	-69.125	1016	1130	234511659 22.5230346	
0.349747619637926	-56.5	-8.9375	1017	1186	234511772 22.6362497	
0.349747619637926	-56.5	-21.9375	1018	1186	234511774 22.6373798	
0.0736310778185108	-56	13	1019	1130	234511775 22.6381083	
0.116582539879309	-56.5	0	1020	1130	234511775 22.6387995	
0.343611696486384	-56	4.0625	1021	1186	234511775 22.6394266	
0.0644271930911969	-56.5	17.0625	1022	1130	234511776 22.6400694	
0.33440781175907	-56.5	15.8125	1023	1186	234511776 22.6406898	
0.355883542789469	-56	-4.0625	1024	1186	234511779 22.642454	
0.122718463030851	-56	-17.0625	1025	1130	234511781 22.6438534	
0.398835004850267	-56.5	-43.125	1026	1186	234511782 22.6456971	
0.116582539879309	-56.5	-4.0625	1027	1130	234511783 22.6463869	
