0.960271973216411	-49.5	920.625	2216		0	920.625	145834832 0.5392155	
0.954136050064869	-50.5	920.625	2215		1	920.625	145834835 0.5410128	
0.865165164367502	-50	920.625	2215		2	920.625	145834836 0.5418679	
4.11106851153352	-48.5	920.625	2216		3	920.625	145834836 0.5427617	
4.04970928001809	-49	920.625	2216		4	920.625	145834837 0.5436618	
0.9081166264283	-50	920.625	2215		5	920.625	145834838 0.5443257	
4.03743743371501	-49	920.625	2216		6	920.625	145834839 0.5451745	
0.883572933822129	-50.5	920.625	2215		7	920.625	145834840 0.5464984	
4.03743743371501	-49	920.625	2216		8	920.625	145834842 0.5478293	
0.852893318064416	-50.5	920.625	2215		9	920.625	145834843 0.5491216	
0.852893318064416	-50.5	920.625	2215		10	920.625	145835023 0.7282747	
4.05584520316964	-49	920.625	2216		11	920.625	145835030 0.7359136	
4.08652481892735	-49	920.625	2216		12	920.625	145835034 0.7402443	
0.840621471761331	-50	920.625	2215		13	920.625	145835038 0.7442197	
4.08038889577581	-49	920.625	2216		14	920.625	145835045 0.7506653	
0.889708856973672	-50.5	920.625	2215		15	920.625	145835048 0.7536382	
0.93266031903447	-50	920.625	2215		16	920.625	145835050 0.7560508	
4.06198112632118	-48.5	920.625	2216		17	920.625	145835053 0.7584542	
4.05584520316964	-49	920.625	2216		18	920.625	145835057 0.7623127	
0.877437010670587	-50.5	920.625	2215		19	920.625	145835059 0.7643734	
0.914252549579842	-51.5	920.625	2215		20	920.625	145835267 0.9784766	
0.98174770424681	-50	920.625	2216		21	920.625	145835281 0.9866553	
0.9081166264283	-50	920.625	2215		22	920.625	145835286 0.9922778	
4.1233403578366	-49	920.625	2216		23	920.625	145835296 1.0018001	
4.06198112632118	-49	920.625	2216		24	920.625	145835302 1.0074591	
0.901980703276757	-50.5	920.625	2215		25	920.625	145835309 1.0149032	
0.877437010670587	-50	920.625	2215		26	920.625	145835316 1.0222158	
4.09266074207889	-49	920.625	2216		27	920.625	145835320 1.0253404	
0.929592357458699	-51	920.625	2215		28	920.625	145835325 1.0305114	
0.975611781095268	-49.5	920.625	2216		29	920.625	145835327 1.0329746	
0.901980703276757	-50.5	920.625	2215		30	920.625	145835330 1.0355116	
4.09266074207889	-49	920.625	2216		31	920.625	145835332 1.0379947	
4.09266074207889	-51	920.625	2215		32	920.625	145835520 1.2285359	
0.966407896367954	-49.5	920.625	2216		33	920.625	145835529 1.2347284	
0.871301087519044	-50.5	920.625	2215		34	920.625	145835534 1.2408327	
4.09266074207889	-49	920.625	2216		35	920.625	145835545 1.2509358	
0.984815665822582	-49.5	920.625	2216		36	920.625	145835552 1.2569557	
4.09879666523043	-51	920.625	2215		37	920.625	145835557 1.2629962	
0.889708856973672	-50.5	920.625	2215		38	920.625	145835568 1.2731465	
4.11106851153352	-49	920.625	2216		39	920.625	145835570 1.2758624	
0.948000126913326	-49.5	920.625	2216		40	920.625	145835573 1.2790253	
0.938796242186012	-51	920.625	2215		41	920.625	145835576 1.2815014	
4.11106851153352	-49	920.625	2216		42	920.625	145835769 1.4781071	
0.895844780125214	-50	920.625	2215		43	920.625	145835774 1.4804601	
4.08038889577581	-51	920.625	2215		44	920.625	145835776 1.482418	
0.960271973216411	-49.5	920.625	2216		45	920.625	145835778 1.4844478	
0.822213702306704	-50.5	920.625	2215		46	920.625	145835780 1.4863946	
4.11106851153352	-49	920.625	2216		47	920.625	145835782 1.4882346	
0.984815665822582	-49.5	920.625	2216		48	920.625	145835784 1.4900822	
4.09572870365466	-51	920.625	2215		49	920.625	145835786 1.4918163	
4.10493258838198	-49	920.625	2216		50	920.625	145835791 1.4969132	
0.895844780125214	-50.5	920.625	2215		51	920.625	145835793 1.498777	
0.948000126913326	-51	920.625	2215		52	920.625	145836020 1.7280336	
0.972543819519497	-50	920.625	2216		53	920.625	145836031 1.7366591	
0.871301087519044	-50.5	920.625	2215		54	920.625	145836037 1.7431217	
4.08038889577581	-49.5	920.625	2216		55	920.625	145836045 1.7504027	
4.03130151056347	-51	920.625	2215		56	920.625	145836048 1.7537607	
0.929592357458699	-49.5	920.625	2216		57	920.625	145836051 1.7569467	
0.852893318064416	-50	920.625	2215		58	920.625	145836054 1.7601706	
4.06198112632118	-49.5	920.625	2216		59	920.625	145836056 1.7626012	
0.889708856973672	-49.5	920.625	2216		60	920.625	145836062 1.7680382	
4.06811704947272	-51	920.625	2215		61	920.625	145836064 1.7698715	
0.840621471761331	-50	920.625	2215		62	920.625	145836265 1.9781764	
4.05584520316964	-49	920.625	2216		63	920.625	145836278 1.9837122	
0.966407896367954	-49.5	920.625	2216		64	920.625	145836282 1.9885312	
4.09266074207889	-51	920.625	2215		65	920.625	145836291 1.9967174	
0.865165164367502	-50.5	920.625	2215		66	920.625	145836296 2.0014628	
4.07425297262426	-49	920.625	2216		67	920.625	145836300 2.0060728	
0.93266031903447	-51	920.625	2215		68	920.625	145836305 2.0105313	
0.93266031903447	-49.5	920.625	2216		69	920.625	145836311 2.0163546	
0.859029241215959	-50.5	920.625	2215		70	920.625	145836313 2.0188164	
4.06811704947272	-49	920.625	2216		71	920.625	145836315 2.0211248	
4.08652481892735	-51	920.625	2215		72	920.625	145836522 2.2280385	
0.938796242186012	-49.5	920.625	2216		73	920.625	145836531 2.236541	
4.01902966426038	-49	920.625	2216		74	920.625	145836538 2.2437222	
0.871301087519044	-50.5	920.625	2215		75	920.625	145836550 2.2555035	
4.07425297262426	-51	920.625	2215		76	920.625	145836554 2.2600168	
0.905048664852528	-49.5	920.625	2216		77	920.625	145836557 2.2636749	
3.98835004850267	-49	920.625	2216		78	920.625	145836561 2.2667388	
0.895844780125214	-50	920.625	2215		79	920.625	145836565 2.2716158	
0.889708856973672	-49.5	920.625	2216		80	920.625	145836568 2.2737915	
4.06504908789695	-51	920.625	2215		81	920.625	145836570 2.2762509	
4.00062189480575	-49	920.625	2216		82	920.625	145836764 2.4783621	
0.859029241215959	-50	920.625	2215		83	920.625	145836786 2.4913079	
0.868233125943273	-49.5	920.625	2216		84	920.625	145836792 2.4981331	
4.06198112632118	-51	920.625	2215		85	920.625	145836803 2.5084063	
0.871301087519044	-50.5	920.625	2215		86	920.625	145836808 2.5137611	
3.93926266329033	-49	920.625	2216		87	920.625	145836812 2.5179454	
0.880504972246358	-49.5	920.625	2216		88	920.625	145836819 2.5256383	
4.06198112632118	-51	920.625	2215		89	920.625	145836822 2.5283117	
4.0067578179573	-49	920.625	2216		90	920.625	145836824 2.5307295	
0.846757394912874	-50.5	920.625	2215		91	920.625	145836826 2.532842	
0.914252549579842	-49.5	920.625	2216		92	920.625	145837022 2.7278428	
4.08652481892735	-50.5	920.625	2215		93	920.625	145837033 2.7384723	
0.877437010670587	-50.5	920.625	2215		94	920.625	145837040 2.7488171	
4.03743743371501	-49	920.625	2216		95	920.625	145837050 2.7554217	
0.855961279640188	-49.5	920.625	2216		96	920.625	145837056 2.7618449	
0.883572933822129	-51	920.625	2215		97	920.625	145837065 2.7709973	
0.877437010670587	-50	920.625	2215		98	920.625	145837070 2.7753157	
3.98221412535112	-49.5	920.625	2216		99	920.625	145837073 2.7787307	
4.07118501104849	-51	920.625	2215		100	920.625	145837076 2.7817069	
0.871301087519044	-49.5	920.625	2216		101	920.625	145837081 2.7869522	
0.822213702306704	-50	920.625	2215		102	920.625	145837269 2.9778835	
4.05584520316964	-49	920.625	2216		103	920.625	145837281 2.9869801	
4.07732093420003	-51	920.625	2215		104	920.625	145837289 2.9952276	
0.923456434307156	-49.5	920.625	2216		105	920.625	145837300 3.0062991	
4.04970928001809	-49	920.625	2216		106	920.625	145837308 3.0134622	
0.889708856973672	-50.5	920.625	2215		107	920.625	145837319 3.0241598	
4.06811704947272	-51	920.625	2215		108	920.625	145837324 3.0289571	
0.898912741700986	-49.5	920.625	2216		109	920.625	145837327 3.0328655	
0.865165164367502	-50	920.625	2215		110	920.625	145837334 3.0396209	
4.05584520316964	-49	920.625	2216		111	920.625	145837337 3.0426375	
4.07732093420003	-51	920.625	2215		112	920.625	145837521 3.2279965	
0.883572933822129	-49.5	920.625	2216		113	920.625	145837531 3.2368275	
3.98835004850267	-49	920.625	2216		114	920.625	145837537 3.2436839	
0.828349625458246	-50.5	920.625	2215		115	920.625	145837549 3.2542006	
0.849825356488645	-49.5	920.625	2216		116	920.625	145837555 3.2612894	
4.04664131844232	-50.5	920.625	2215		117	920.625	145837566 3.2720368	
3.93926266329033	-49	920.625	2216		118	920.625	145837573 3.2787736	
0.816077779155161	-50	920.625	2215		119	920.625	145837583 3.2895918	
0.911184588004071	-50.5	920.625	2215		120	920.625	145837589 3.2951083	
0.852893318064416	-49.5	920.625	2216		121	920.625	145837594 3.29923	
0.846757394912874	-50.5	920.625	2215		122	920.625	145837772 3.4779321	
3.94539858644187	-49.5	920.625	2216		123	920.625	145837780 3.4861897	
4.02209762583615	-51	920.625	2215		124	920.625	145837788 3.4948275	
0.83755351018556	-49.5	920.625	2216		125	920.625	145837800 3.5055957	
0.809941856003619	-50.5	920.625	2215		126	920.625	145837806 3.5120466	
3.95153450959341	-49.5	920.625	2216		127	920.625	145837812 3.517832	
4.03743743371501	-51	920.625	2215		128	920.625	145837820 3.5253393	
0.840621471761331	-49.5	920.625	2216		129	920.625	145837824 3.5298266	
0.809941856003619	-50.5	920.625	2215		130	920.625	145837828 3.5340625	
3.97607820219958	-49.5	920.625	2216		131	920.625	145837832 3.537331	
0.83755351018556	-50	920.625	2216		132	920.625	145838016 3.7280557	
4.04357335686655	-51	920.625	2215		133	920.625	145838030 3.736376	
3.96994227904804	-49.5	920.625	2216		134	920.625	145838038 3.74363	
0.809941856003619	-50.5	920.625	2215		135	920.625	145838044 3.7500479	
0.843689433337103	-49.5	920.625	2216		136	920.625	145838056 3.761931	
4.03130151056347	-51	920.625	2215		137	920.625	145838064 3.7694164	
3.9638063558965	-49.5	920.625	2216		138	920.625	145838073 3.7784389	
0.828349625458246	-50.5	920.625	2215		139	920.625	145838078 3.7838786	
0.834485548609789	-49.5	920.625	2216		140	920.625	145838081 3.7874839	
0.889708856973672	-51	920.625	2215		141	920.625	145838085 3.7905123	
0.877437010670587	-50	920.625	2215		142	920.625	145838266 3.9779876	
3.99448597165421	-49.5	920.625	2216		143	920.625	145838280 3.9858946	
0.889708856973672	-49.5	920.625	2216		144	920.625	145838290 3.9960874	
4.05891316474541	-51	920.625	2215		145	920.625	145838297 4.0027385	
0.859029241215959	-50.5	920.625	2215		146	920.625	145838304 4.010035	
4.00062189480575	-49.5	920.625	2216		147	920.625	145838316 4.0213499	
0.865165164367502	-49.5	920.625	2216		148	920.625	145838323 4.0280217	
4.05277724159386	-51	920.625	2215		149	920.625	145838331 4.0366722	
0.834485548609789	-50.5	920.625	2215		150	920.625	145838334 4.0400897	
4.01289374110884	-49.5	920.625	2216		151	920.625	145838338 4.043736	
4.05584520316964	-51	920.625	2215		152	920.625	145838522 4.2277975	
0.886640895397901	-49.5	920.625	2216		153	920.625	145838532 4.2375334	
0.865165164367502	-50.5	920.625	2215		154	920.625	145838538 4.2439141	
3.98835004850267	-49.5	920.625	2216		155	920.625	145838545 4.2502892	
0.859029241215959	-50	920.625	2216		156	920.625	145838548 4.2530583	
0.892776818549443	-51	920.625	2215		157	920.625	145838550 4.255665	
3.98221412535112	-49.5	920.625	2216		158	920.625	145838552 4.2580971	
0.797670009700533	-50.5	920.625	2215		159	920.625	145838554 4.260414	
0.901980703276757	-51	920.625	2215		160	920.625	145838556 4.2625066	
0.868233125943273	-49.5	920.625	2216		161	920.625	145838558 4.2644113	
0.889708856973672	-50.5	920.625	2215		162	920.625	145838766 4.4780866	
4.06198112632118	-49.5	920.625	2216		163	920.625	145838780 4.4862669	
0.871301087519044	-50	920.625	2216		164	920.625	145838788 4.4943638	
4.06811704947272	-51	920.625	2215		165	920.625	145838800 4.5054346	
4.01289374110884	-49.5	920.625	2216		166	920.625	145838805 4.511371	
0.901980703276757	-50.5	920.625	2215		167	920.625	145838811 4.5165549	
0.9081166264283	-51	920.625	2215		168	920.625	145838814 4.5199736	
0.892776818549443	-50	920.625	2216		169	920.625	145838817 4.5230857	
3.97607820219958	-49.5	920.625	2216		170	920.625	145838820 4.526107	
0.828349625458246	-50.5	920.625	2215		171	920.625	145838823 4.5286563	
0.892776818549443	-50	920.625	2216		172	920.625	145839032 4.7376793	
4.05891316474541	-51	920.625	2215		173	920.625	145839042 4.7474024	
4.01289374110884	-49.5	920.625	2216		174	920.625	145839048 4.7537057	
0.852893318064416	-50	920.625	2215		175	920.625	145839060 4.7660909	
4.05584520316964	-51	920.625	2215		176	920.625	145839067 4.7731461	
4.03743743371501	-49.5	920.625	2216		177	920.625	145839079 4.7845758	
4.01902966426038	-49.5	920.625	2216		178	920.625	145839085 4.7912281	
0.877437010670587	-50.5	920.625	2215		179	920.625	145839090 4.7958111	
0.886640895397901	-50	920.625	2216		180	920.625	145839097 4.803808	
4.04357335686655	-51	920.625	2215		181	920.625	145839101 4.8068638	
4.04357335686655	-49.5	920.625	2216		182	920.625	145839271 4.9778867	
0.828349625458246	-50.5	920.625	2215		183	920.625	145839280 4.9851281	
0.892776818549443	-49.5	920.625	2216		184	920.625	145839286 4.9921626	
0.898912741700986	-51	920.625	2215		185	920.625	145839299 5.0050147	
0.883572933822129	-50.5	920.625	2215		186	920.625	145839308 5.0136612	
4.04357335686655	-49.5	920.625	2216		187	920.625	145839318 5.0235013	
0.849825356488645	-49.5	920.625	2216		188	920.625	145839325 5.0311374	
4.01902966426038	-51	920.625	2215		189	920.625	145839329 5.0353212	
0.816077779155161	-50.5	920.625	2215		190	920.625	145839337 5.0427862	
4.02516558741192	-49.5	920.625	2216		191	920.625	145839341 5.0471881	
0.895844780125214	-49.5	920.625	2216		192	920.625	145839519 5.2275382	
4.05584520316964	-51	920.625	2215		193	920.625	145839529 5.2346773	
3.96994227904804	-49.5	920.625	2216		194	920.625	145839535 5.241161	
0.840621471761331	-50.5	920.625	2215		195	920.625	145839545 5.2510531	
0.901980703276757	-51	920.625	2215		196	920.625	145839552 5.2584038	
0.883572933822129	-49.5	920.625	2216		197	920.625	145839561 5.2674627	
0.901980703276757	-50.5	920.625	2215		198	920.625	145839565 5.2709601	
4.03130151056347	-49.5	920.625	2216		199	920.625	145839568 5.2744799	
0.886640895397901	-50	920.625	2216		200	920.625	145839571 5.2772121	
4.06504908789695	-51	920.625	2215		201	920.625	145839574 5.2797292	
0.865165164367502	-50	920.625	2215		202	920.625	145839766 5.4779244	
4.00062189480575	-49.5	920.625	2216		203	920.625	145839781 5.4866223	
4.06198112632118	-51	920.625	2215		204	920.625	145839788 5.4980747	
0.868233125943273	-50	920.625	2216		205	920.625	145839799 5.5048601	
0.834485548609789	-50	920.625	2215		206	920.625	145839804 5.5100337	
4.0067578179573	-49.5	920.625	2216		207	920.625	145839811 5.5170784	
0.883572933822129	-50	920.625	2216		208	920.625	145839815 5.5203973	
4.04050539529078	-51	920.625	2215		209	920.625	145839818 5.5237331	
4.00062189480575	-49.5	920.625	2216		210	920.625	145839821 5.5266093	
0.889708856973672	-50.5	920.625	2215		211	920.625	145839825 5.531395	
4.07425297262426	-51	920.625	2215		212	920.625	145840023 5.7300613	
0.926524395882927	-50	920.625	2216		213	920.625	145840032 5.7372437	
4.08652481892735	-49.5	920.625	2216		214	920.625	145840039 5.7442975	
0.828349625458246	-50.5	920.625	2215		215	920.625	145840050 5.7559034	
1.04310693576224	-50	920.625	2216		216	920.625	145840057 5.7629311	
0.951068088489098	-51	920.625	2215		217	920.625	145840067 5.7727536	
4.17242774304894	-49.5	920.625	2216		218	920.625	145840077 5.783392	
0.816077779155161	-50.5	920.625	2215		219	920.625	145840085 5.7910526	
0.95720401164064	-51	920.625	2215		220	920.625	145840090 5.7957899	
1.03083508945915	-50	920.625	2216		221	920.625	145840096 5.8017995	
4.19083551250357	-49.5	920.625	2216		222	920.625	145840263 5.9778471	
0.895844780125214	-50	920.625	2215		223	920.625	145840280 5.9852984	
1.06458266679264	-50	920.625	2216		224	920.625	145840286 5.9920174	
4.11413647310929	-51	920.625	2215		225	920.625	145840293 5.9984729	
0.901980703276757	-50.5	920.625	2215		226	920.625	145840305 6.0109328	
4.19083551250357	-49.5	920.625	2216		227	920.625	145840312 6.0173074	
0.951068088489098	-51	920.625	2215		228	920.625	145840323 6.028478	
1.04310693576224	-50	920.625	2216		229	920.625	145840330 6.0350634	
0.9081166264283	-50.5	920.625	2215		230	920.625	145840339 6.0443599	
4.18469958935203	-49.5	920.625	2216		231	920.625	145840342 6.0477555	
4.10493258838198	-51	920.625	2215		232	920.625	145840515 6.227683	
1.07685451309572	-50	920.625	2216		233	920.625	145840530 6.2360012	
0.901980703276757	-50.5	920.625	2215		234	920.625	145840537 6.2427606	
4.19697143565511	-49.5	920.625	2216		235	920.625	145840544 6.2503537	
1.07992247467149	-50	920.625	2216		236	920.625	145840556 6.2620075	
4.11413647310929	-51	920.625	2215		237	920.625	145840563 6.268505	
4.14174812729123	-49.5	920.625	2216		238	920.625	145840573 6.2784957	
0.926524395882927	-50.5	920.625	2215		239	920.625	145840577 6.2827933	
1.04617489733801	-50	920.625	2216		240	920.625	145840581 6.2867916	
0.93266031903447	-51	920.625	2215		241	920.625	145840588 6.2936618	
4.14174812729123	-49.5	920.625	2216		242	920.625	145840768 6.4777454	
0.846757394912874	-50.5	920.625	2215		243	920.625	145840780 6.4860769	
4.08959278050312	-51	920.625	2215		244	920.625	145840793 6.49823	
1.02163120473184	-50	920.625	2216		245	920.625	145840800 6.5056046	
0.901980703276757	-50.5	920.625	2215		246	920.625	145840806 6.5122883	
4.16015589674586	-49.5	920.625	2216		247	920.625	145840818 6.5231531	
1.01856324315607	-50	920.625	2216		248	920.625	145840824 6.5298002	
4.09572870365466	-51	920.625	2215		249	920.625	145840834 6.5396568	
4.13561220413969	-49.5	920.625	2216		250	920.625	145840839 6.5439315	
0.889708856973672	-50.5	920.625	2215		251	920.625	145840841 6.547103	
0.938796242186012	-51	920.625	2215		252	920.625	145841022 6.7277641	
1.03083508945915	-50	920.625	2216		253	920.625	145841030 6.7361602	
4.1233403578366	-49.5	920.625	2216		254	920.625	145841037 6.7429929	
0.895844780125214	-50.5	920.625	2215		255	920.625	145841048 6.7545758	
4.09879666523043	-51	920.625	2215		256	920.625	145841056 6.761264	
1.02163120473184	-50	920.625	2216		257	920.625	145841062 6.7676779	
4.09879666523043	-49.5	920.625	2216		258	920.625	145841076 6.7812533	
0.877437010670587	-50.5	920.625	2215		259	920.625	145841082 6.7878542	
0.917320511155613	-51	920.625	2215		260	920.625	145841093 6.7985136	
1.01856324315607	-50	920.625	2216		261	920.625	145841099 6.8047879	
0.895844780125214	-50.5	920.625	2215		262	920.625	145841264 6.9777261	
4.07425297262426	-49.5	920.625	2216		263	920.625	145841280 6.9859494	
4.1018646268062	-51	920.625	2215		264	920.625	145841287 6.9929882	
1.00935935842875	-50	920.625	2216		265	920.625	145841294 7.0000946	
4.14174812729123	-49.5	920.625	2216		266	920.625	145841305 7.0118036	
0.877437010670587	-50.5	920.625	2215		267	920.625	145841312 7.0181818	
1.01242732000452	-50	920.625	2216		268	920.625	145841325 7.0310727	
4.1018646268062	-51	920.625	2215		269	920.625	145841331 7.0376712	
0.846757394912874	-50	920.625	2215		270	920.625	145841336 7.0415895	
4.14788405044277	-49.5	920.625	2216		271	920.625	145841339 7.0449245	
1.02469916630761	-50	920.625	2216		272	920.625	145841521 7.2273141	
4.07118501104849	-51	920.625	2215		273	920.625	145841530 7.2357149	
0.895844780125214	-50.5	920.625	2215		274	920.625	145841537 7.2424694	
4.13561220413969	-49.5	920.625	2216		275	920.625	145841548 7.2533363	
4.08652481892735	-51	920.625	2215		276	920.625	145841554 7.2599243	
1.03390305103492	-50	920.625	2216		277	920.625	145841566 7.2711104	
0.871301087519044	-50.5	920.625	2215		278	920.625	145841571 7.2762635	
4.17242774304894	-49.5	920.625	2216		279	920.625	145841575 7.2804487	
4.09572870365466	-51	920.625	2215		280	920.625	145841578 7.2840536	
1.01856324315607	-50	920.625	2216		281	920.625	145841585 7.2907206	
0.846757394912874	-50.5	920.625	2215		282	920.625	145841763 7.4776176	
4.17242774304894	-49.5	920.625	2216		283	920.625	145841780 7.4859766	
4.07425297262426	-51	920.625	2215		284	920.625	145841789 7.4952346	
1.04310693576224	-50	920.625	2216		285	920.625	145841801 7.5070954	
4.18469958935203	-49.5	920.625	2216		286	920.625	145841805 7.5113892	
0.889708856973672	-50.5	920.625	2215		287	920.625	145841809 7.5145196	
1.06151470521686	-50	920.625	2216		288	920.625	145841812 7.5176408	
0.944932165337555	-51	920.625	2215		289	920.625	145841819 7.5246561	
4.1662918198974	-49.5	920.625	2216		290	920.625	145841821 7.5271693	
0.883572933822129	-50.5	920.625	2215		291	920.625	145841823 7.529644	
1.03697101261069	-50	920.625	2216		292	920.625	145842016 7.7275837	
4.1018646268062	-51	920.625	2215		293	920.625	145842030 7.7360072	
0.846757394912874	-50	920.625	2215		294	920.625	145842041 7.7467973	
4.18469958935203	-49.5	920.625	2216		295	920.625	145842048 7.7540451	
1.03083508945915	-50	920.625	2216		296	920.625	145842055 7.7608569	
4.06504908789695	-51	920.625	2215		297	920.625	145842066 7.7720062	
0.895844780125214	-50.5	920.625	2215		298	920.625	145842073 7.7788238	
4.06198112632118	-49.5	920.625	2216		299	920.625	145842082 7.7870013	
1.00935935842875	-50	920.625	2216		300	920.625	145842086 7.7915642	
4.08345685735158	-51	920.625	2215		301	920.625	145842089 7.7948527	
0.926524395882927	-50.5	920.625	2215		302	920.625	145842265 7.9775699	
4.14174812729123	-49.5	920.625	2216		303	920.625	145842280 7.985888	
0.917320511155613	-51	920.625	2215		304	920.625	145842287 7.9930877	
1.04617489733801	-50	920.625	2216		305	920.625	145842299 8.0044095	
4.14174812729123	-49.5	920.625	2216		306	920.625	145842306 8.0112524	
0.914252549579842	-50.5	920.625	2215		307	920.625	145842319 8.0249517	
1.01242732000452	-50	920.625	2216		308	920.625	145842326 8.031497	
4.09572870365466	-51	920.625	2215		309	920.625	145842335 8.0410425	
4.12947628098815	-49.5	920.625	2216		310	920.625	145842342 8.0474821	
0.901980703276757	-50.5	920.625	2215		311	920.625	145842346 8.0516443	
1.03697101261069	-50	920.625	2216		312	920.625	145842514 8.2279762	
4.09572870365466	-51	920.625	2215		313	920.625	145842530 8.2360581	
0.846757394912874	-50.5	920.625	2215		314	920.625	145842536 8.2428372	
4.14788405044277	-49.5	920.625	2216		315	920.625	145842544 8.2500325	
4.08959278050312	-51	920.625	2215		316	920.625	145842556 8.2615376	
1.00935935842875	-50	920.625	2216		317	920.625	145842562 8.2680943	
4.17856366620049	-49.5	920.625	2216		318	920.625	145842569 8.2748808	
0.914252549579842	-50.5	920.625	2215		319	920.625	145842579 8.2849135	
1.03390305103492	-50	920.625	2216		320	920.625	145842777 8.4875278	
0.95720401164064	-51	920.625	2215		321	920.625	145842790 8.4963466	
4.12947628098815	-49.5	920.625	2216		322	920.625	145842797 8.5027523	
0.859029241215959	-50.5	920.625	2215		323	920.625	145842804 8.5094128	
0.929592357458699	-51	920.625	2215		324	920.625	145842811 8.5168916	
1.02776712788338	-50	920.625	2216		325	920.625	145842814 8.519974	
0.846757394912874	-50.5	920.625	2215		326	920.625	145842817 8.5233793	
4.16015589674586	-49.5	920.625	2216		327	920.625	145842821 8.5266007	
4.09879666523043	-51	920.625	2215		328	920.625	145842823 8.52969	
1.04003897418646	-50	920.625	2216		329	920.625	145842831 8.5363527	
4.17242774304894	-49.5	920.625	2216		330	920.625	145842833 8.5392043	
0.914252549579842	-50.5	920.625	2215		331	920.625	145842836 8.5418367	
1.03390305103492	-50	920.625	2216		332	920.625	145843017 8.7274727	
4.08959278050312	-51	920.625	2215		333	920.625	145843030 8.7358285	
0.9081166264283	-50.5	920.625	2215		334	920.625	145843040 8.7464932	
4.17242774304894	-49.5	920.625	2216		335	920.625	145843047 8.7529364	
4.1018646268062	-51	920.625	2215		336	920.625	145843052 8.7586645	
1.04310693576224	-50	920.625	2216		337	920.625	145843065 8.7706651	
0.877437010670587	-50.5	920.625	2215		338	920.625	145843072 8.7776042	
4.17856366620049	-49.5	920.625	2216		339	920.625	145843081 8.7865595	
0.963339934792183	-51	920.625	2215		340	920.625	145843272 8.9775895	
1.05231082048955	-50	920.625	2216		341	920.625	145843280 8.9859426	
4.17242774304894	-49.5	920.625	2216		342	920.625	145843287 8.9929125	
0.852893318064416	-50.5	920.625	2215		343	920.625	145843299 9.0044952	
1.03697101261069	-50	920.625	2216		344	920.625	145843306 9.0114112	
0.944932165337555	-51	920.625	2215		345	920.625	145843316 9.0223274	
0.877437010670587	-50.5	920.625	2215		346	920.625	145843322 9.0282886	
4.16015589674586	-49.5	920.625	2216		347	920.625	145843327 9.0321281	
4.09879666523043	-51	920.625	2215		348	920.625	145843329 9.0352548	
1.03697101261069	-50	920.625	2216		349	920.625	145843336 9.0413726	
0.926524395882927	-50.5	920.625	2215		350	920.625	145843338 9.0439866	
4.14788405044277	-49.5	920.625	2216		351	920.625	145843340 9.0465062	
1.02163120473184	-50	920.625	2216		352	920.625	145843522 9.2374719	
4.1018646268062	-51	920.625	2215		353	920.625	145843540 9.2463928	
0.865165164367502	-50.5	920.625	2215		354	920.625	145843546 9.2519159	
4.17242774304894	-49.5	920.625	2216		355	920.625	145843553 9.2587332	
4.08038889577581	-51	920.625	2215		356	920.625	145843564 9.2701609	
0.984815665822582	-50	920.625	2216		357	920.625	145843572 9.2771651	
4.10493258838198	-49.5	920.625	2216		358	920.625	145843578 9.2835052	
0.883572933822129	-50.5	920.625	2215		359	920.625	145843588 9.2945757	
0.975611781095268	-50	920.625	2216		360	920.625	145843593 9.2981847	
4.08345685735158	-51	920.625	2215		361	920.625	145843595 9.3012782	
0.846757394912874	-50.5	920.625	2215		362	920.625	145843766 9.4773627	
4.08038889577581	-49.5	920.625	2216		363	920.625	145843780 9.4856555	
4.08345685735158	-51	920.625	2215		364	920.625	145843791 9.496725	
1.00629139685298	-50	920.625	2216		365	920.625	145843799 9.5041285	
0.901980703276757	-50.5	920.625	2215		366	920.625	145843810 9.5151635	
4.11106851153352	-49.5	920.625	2216		367	920.625	145843814 9.519709	
4.08038889577581	-51	920.625	2215		368	920.625	145843818 9.5234334	
1.00629139685298	-50	920.625	2216		369	920.625	145843822 9.5285802	
4.08652481892735	-49.5	920.625	2216		370	920.625	145843825 9.5311384	
0.889708856973672	-50.5	920.625	2215		371	920.625	145843827 9.533306	
1.01856324315607	-50	920.625	2216		372	920.625	145844021 9.7271256	
4.07732093420003	-51	920.625	2215		373	920.625	145844030 9.7355283	
4.08652481892735	-49.5	920.625	2216		374	920.625	145844037 9.7426216	
0.852893318064416	-50.5	920.625	2215		375	920.625	145844049 9.7550103	
1.01242732000452	-50	920.625	2216		376	920.625	145844056 9.7615958	
4.07118501104849	-51	920.625	2215		377	920.625	145844069 9.7746256	
0.822213702306704	-50.5	920.625	2215		378	920.625	145844075 9.7811503	
4.12947628098815	-49.5	920.625	2216		379	920.625	145844082 9.7878759	
4.08038889577581	-51	920.625	2215		380	920.625	145844093 9.7988504	
0.978679742671039	-50	920.625	2216		381	920.625	145844098 9.8040546	
4.14788405044277	-49.5	920.625	2216		382	920.625	145844263 9.9767935	
0.877437010670587	-50.5	920.625	2215		383	920.625	145844274 9.9795131	
1.04003897418646	-50	920.625	2216		384	920.625	145844275 9.9811838	
0.914252549579842	-51	920.625	2215		385	920.625	145844277 9.9831909	
4.14174812729123	-49.5	920.625	2216		386	920.625	145844279 9.9851479	
0.840621471761331	-50.5	920.625	2215		387	920.625	145844280 9.9867046	
4.11413647310929	-51	920.625	2215		388	920.625	145844282 9.9885964	
1.04924285891378	-50	920.625	2216		389	920.625	145844284 9.9902494	
4.10493258838198	-49.5	920.625	2216		390	920.625	145844286 9.9917478	
0.920388472731385	-50.5	920.625	2215		391	920.625	145844287 9.9932004	
4.08652481892735	-51	920.625	2215		392	920.625	145844529 10.2371338	
1.05844674364109	-50	920.625	2216		393	920.625	145844538 10.2444614	
4.18469958935203	-49.5	920.625	2216		394	920.625	145844546 10.2512076	
0.859029241215959	-50.5	920.625	2215		395	920.625	145844557 10.2623465	
1.07685451309572	-50	920.625	2216		396	920.625	145844562 10.2683239	
0.954136050064869	-51	920.625	2215		397	920.625	145844567 10.2726893	
4.19697143565511	-49.5	920.625	2216		398	920.625	145844572 10.278172	
0.93266031903447	-50.5	920.625	2215		399	920.625	145844575 10.2809243	
4.1233403578366	-51	920.625	2215		400	920.625	145844767 10.4776152	
1.1106020904292	-50	920.625	2216		401	920.625	145844779 10.4847487	
4.22151512826128	-49.5	920.625	2216		402	920.625	145844791 10.4962214	
0.901980703276757	-50.5	920.625	2215		403	920.625	145844798 10.5034073	
4.13561220413969	-51	920.625	2215		404	920.625	145844804 10.5092649	
1.13514578303537	-50	920.625	2216		405	920.625	145844811 10.5165134	
4.22765105141283	-49.5	920.625	2216		406	920.625	145844814 10.5197191	
0.895844780125214	-50.5	920.625	2215		407	920.625	145844818 10.5232997	
0.972543819519497	-51	920.625	2215		408	920.625	145844822 10.5286247	
1.09526228255035	-50	920.625	2216		409	920.625	145844825 10.531132	
0.914252549579842	-50.5	920.625	2215		410	920.625	145845021 10.7267697	
4.2092432819582	-49.5	920.625	2216		411	920.625	145845028 10.7339211	
4.12027239626083	-51	920.625	2215		412	920.625	145845035 10.7409492	
1.10139820570189	-50	920.625	2216		413	920.625	145845045 10.7510798	
4.19697143565511	-49.5	920.625	2216		414	920.625	145845052 10.7577036	
0.877437010670587	-50.5	920.625	2215		415	920.625	145845059 10.7641663	
1.10446616727766	-50	920.625	2216		416	920.625	145845065 10.7708966	
4.10800054995775	-51	920.625	2215		417	920.625	145845069 10.7742979	
0.926524395882927	-50.5	920.625	2215		418	920.625	145845071 10.7769232	
4.22765105141283	-49.5	920.625	2216		419	920.625	145845074 10.7793734	
1.10753412885343	-50	920.625	2216		420	920.625	145845101 10.8067659	
0.951068088489098	-51	920.625	2215		421	920.625	145845102 10.8083348	
0.926524395882927	-50.5	920.625	2215		422	920.625	145845104 10.8104976	
4.23378697456437	-49.5	920.625	2216		423	920.625	145845106 10.812417	
