0.524621429456889	-56.5	920.625	2215		0	920.625	145925675 0.505836	
0.533825314184203	-53	920.625	2216		1	920.625	145925680 0.5074109	
0.45405831321415	-56	920.625	2215		2	920.625	145925681 0.508219	
3.62633058256166	-52.5	920.625	2216		3	920.625	145925682 0.5089701	
3.55269950474315	-52.5	920.625	2216		4	920.625	145925682 0.5096575	
0.435650543759522	-56	920.625	2215		5	920.625	145925683 0.510355	
0.472466082668777	-56	920.625	2215		6	920.625	145925684 0.5114004	
3.51588396583389	-52.5	920.625	2216		7	920.625	145925685 0.5128593	
0.490873852123405	-56	920.625	2215		8	920.625	145925687 0.5141094	
3.49134027322772	-53	920.625	2216		9	920.625	145925687 0.5146863	
3.50974804268235	-53	920.625	2216		10	920.625	145925903 0.7325532	
0.552233083638831	-56	920.625	2215		11	920.625	145925921 0.7481825	
0.487805890547634	-54.5	920.625	2216		12	920.625	145925927 0.7538303	
0.628932123033113	-57	920.625	2215		13	920.625	145925933 0.7595182	
3.54042765844006	-54	920.625	2216		14	920.625	145925943 0.7706863	
0.539961237335746	-56.5	920.625	2215		15	920.625	145925949 0.7755682	
3.6324665057132	-54	920.625	2216		16	920.625	145925952 0.7790058	
0.601320468851171	-56.5	920.625	2215		17	920.625	145925958 0.7846831	
3.64473835201628	-54.5	920.625	2216		18	920.625	145925960 0.7871262	
0.613592315154256	-57	920.625	2215		19	920.625	145925962 0.789319	
0.708699124003166	-57	920.625	2215		20	920.625	145926140 0.9726569	
0.628932123033113	-55	920.625	2216		21	920.625	145926153 0.9802987	
0.644271930911969	-57	920.625	2215		22	920.625	145926159 0.9866768	
3.72450535298634	-54.5	920.625	2216		23	920.625	145926169 0.9956251	
0.690291354548539	-55	920.625	2216		24	920.625	145926175 1.0018274	
0.739378739760879	-57	920.625	2215		25	920.625	145926184 1.0116458	
0.619728238305799	-57	920.625	2215		26	920.625	145926188 1.0153666	
3.84722381601719	-54.5	920.625	2216		27	920.625	145926191 1.0183748	
0.66881562351814	-55.5	920.625	2216		28	920.625	145926194 1.0213462	
0.705631162427395	-57	920.625	2215		29	920.625	145926196 1.0239147	
0.521553467881118	-56.5	920.625	2215		30	920.625	145926395 1.2223113	
3.76745681504713	-55	920.625	2216		31	920.625	145926403 1.2305463	
0.671883585093911	-57	920.625	2215		32	920.625	145926411 1.2378048	
0.653475815639283	-55.5	920.625	2216		33	920.625	145926422 1.2492335	
0.607456392002714	-56.5	920.625	2215		34	920.625	145926428 1.2542545	
3.8349519697141	-55	920.625	2216		35	920.625	145926430 1.257855	
0.665747661942368	-55.5	920.625	2216		36	920.625	145926437 1.2636193	
0.69335931612431	-57	920.625	2215		37	920.625	145926440 1.2668136	
3.8349519697141	-55	920.625	2216		38	920.625	145926443 1.26937	
0.601320468851171	-56.5	920.625	2215		39	920.625	145926445 1.271659	
0.678019508245453	-55.5	920.625	2216		40	920.625	145926645 1.4722557	
0.632000084608884	-57	920.625	2215		41	920.625	145926648 1.4748781	
3.82881604656256	-55	920.625	2216		42	920.625	145926650 1.4769097	
0.589048622548086	-56.5	920.625	2215		43	920.625	145926652 1.47888	
0.647339892487741	-55.5	920.625	2216		44	920.625	145926653 1.4803938	
0.613592315154256	-57	920.625	2215		45	920.625	145926655 1.4824556	
0.552233083638831	-56.5	920.625	2215		46	920.625	145926661 1.4874843	
3.88403935492644	-55	920.625	2216		47	920.625	145926662 1.4891245	
3.80427235395639	-55.5	920.625	2216		48	920.625	145926664 1.4906877	
0.558369006790373	-56.5	920.625	2215		49	920.625	145926665 1.4922049	
0.589048622548086	-56.5	920.625	2215		50	920.625	145926891 1.7225511	
3.84108789286565	-55.5	920.625	2216		51	920.625	145926904 1.7311177	
0.546097160487288	-56.5	920.625	2215		52	920.625	145926910 1.7371661	
3.73064127613788	-55.5	920.625	2216		53	920.625	145926920 1.7464117	
0.552233083638831	-56.5	920.625	2215		54	920.625	145926924 1.751608	
3.81040827710793	-55.5	920.625	2216		55	920.625	145926929 1.7555008	
0.665747661942368	-57	920.625	2215		56	920.625	145926937 1.7634384	
0.699495239275852	-55.5	920.625	2216		57	920.625	145926939 1.7664041	
3.84108789286565	-55.5	920.625	2216		58	920.625	145926941 1.7688651	
0.546097160487288	-56.5	920.625	2215		59	920.625	145926944 1.7713478	
0.635068046184655	-57	920.625	2215		60	920.625	145927151 1.9825511	
0.724038931882023	-55.5	920.625	2216		61	920.625	145927164 1.9907731	
3.85949566232027	-55.5	920.625	2216		62	920.625	145927170 1.9971057	
0.595184545699629	-56.5	920.625	2215		63	920.625	145927181 2.0083302	
0.647339892487741	-57	920.625	2215		64	920.625	145927190 2.0164563	
0.720970970306251	-55.5	920.625	2216		65	920.625	145927197 2.0250343	
0.552233083638831	-56.5	920.625	2215		66	920.625	145927201 2.0285153	
3.7920005076533	-55.5	920.625	2216		67	920.625	145927205 2.0314039	
0.638136007760427	-57	920.625	2215		68	920.625	145927207 2.0339979	
0.687223392972767	-56	920.625	2216		69	920.625	145927210 2.0365133	
3.78586458450176	-55.5	920.625	2216		70	920.625	145927215 2.0427088	
0.472466082668777	-56.5	920.625	2215		71	920.625	145927217 2.0446403	
0.62279619988157	-57	920.625	2215		72	920.625	145927389 2.2225618	
0.690291354548539	-56	920.625	2216		73	920.625	145927405 2.2315724	
3.7920005076533	-55.5	920.625	2216		74	920.625	145927412 2.2408347	
0.613592315154256	-56.5	920.625	2215		75	920.625	145927421 2.2475172	
0.730174855033565	-56	920.625	2216		76	920.625	145927426 2.2528404	
0.558369006790373	-56.5	920.625	2215		77	920.625	145927433 2.2597941	
3.8779034317749	-55.5	920.625	2216		78	920.625	145927436 2.2625785	
0.595184545699629	-56.5	920.625	2215		79	920.625	145927439 2.2653826	
0.653475815639283	-57	920.625	2215		80	920.625	145927641 2.472448	
0.724038931882023	-56	920.625	2216		81	920.625	145927654 2.4813453	
3.81654420025948	-56	920.625	2216		82	920.625	145927667 2.4940732	
0.558369006790373	-56.5	920.625	2215		83	920.625	145927673 2.5005174	
0.711767085578938	-56	920.625	2216		84	920.625	145927678 2.5052183	
0.635068046184655	-57	920.625	2215		85	920.625	145927688 2.5152379	
0.558369006790373	-56.5	920.625	2215		86	920.625	145927691 2.5180873	
3.77359273819868	-55.5	920.625	2216		87	920.625	145927694 2.5209341	
0.632000084608884	-57	920.625	2215		88	920.625	145927696 2.5233234	
0.671883585093911	-55.5	920.625	2216		89	920.625	145927698 2.5256974	
3.85335973916873	-55	920.625	2216		90	920.625	145927896 2.7223988	
0.582912699396544	-56.5	920.625	2215		91	920.625	145927904 2.7315116	
0.681087469821225	-55.5	920.625	2216		92	920.625	145927911 2.7379027	
0.641203969336198	-57	920.625	2215		93	920.625	145927921 2.7480777	
3.77972866135022	-55.5	920.625	2216		94	920.625	145927928 2.7551496	
0.552233083638831	-56.5	920.625	2215		95	920.625	145927935 2.761643	
0.665747661942368	-55.5	920.625	2216		96	920.625	145927947 2.7740296	
0.650407854063512	-57	920.625	2215		97	920.625	145927953 2.7805156	
3.74904904559251	-55	920.625	2216		98	920.625	145927961 2.7876984	
0.546097160487288	-56.5	920.625	2215		99	920.625	145927964 2.7910104	
3.76745681504713	-55	920.625	2216		100	920.625	145928151 2.9825238	
0.607456392002714	-56.5	920.625	2215		101	920.625	145928164 2.990802	
3.7920005076533	-55.5	920.625	2216		102	920.625	145928170 2.99716	
0.582912699396544	-56.5	920.625	2215		103	920.625	145928181 3.0076674	
0.687223392972767	-55.5	920.625	2216		104	920.625	145928188 3.0148064	
0.647339892487741	-57	920.625	2215		105	920.625	145928199 3.0257188	
0.589048622548086	-56.5	920.625	2215		106	920.625	145928204 3.0304508	
3.87176750862336	-55	920.625	2216		107	920.625	145928208 3.0347606	
0.644271930911969	-57	920.625	2215		108	920.625	145928215 3.0412576	
0.684155431396996	-55.5	920.625	2216		109	920.625	145928218 3.0443581	
0.570640853093458	-56	920.625	2215		110	920.625	145928221 3.0476171	
3.8349519697141	-55	920.625	2216		111	920.625	145928224 3.0507316	
0.671883585093911	-55.5	920.625	2216		112	920.625	145928388 3.2223644	
0.628932123033113	-57	920.625	2215		113	920.625	145928402 3.2296691	
3.77359273819868	-55.5	920.625	2216		114	920.625	145928409 3.2361987	
0.552233083638831	-56.5	920.625	2215		115	920.625	145928420 3.2464729	
3.79813643080485	-55	920.625	2216		116	920.625	145928427 3.2534895	
0.589048622548086	-56.5	920.625	2215		117	920.625	145928434 3.26062	
3.79813643080485	-55	920.625	2216		118	920.625	145928443 3.2703594	
0.552233083638831	-56.5	920.625	2215		119	920.625	145928448 3.2747121	
0.662679700366597	-57	920.625	2215		120	920.625	145928638 3.4722697	
0.662679700366597	-55.5	920.625	2216		121	920.625	145928654 3.4808083	
3.79813643080485	-55	920.625	2216		122	920.625	145928660 3.4872221	
0.582912699396544	-56.5	920.625	2215		123	920.625	145928671 3.4978592	
0.66881562351814	-56	920.625	2216		124	920.625	145928678 3.5049263	
0.632000084608884	-57	920.625	2215		125	920.625	145928685 3.5115031	
0.613592315154256	-56.5	920.625	2215		126	920.625	145928693 3.5201342	
3.74904904559251	-55.5	920.625	2216		127	920.625	145928696 3.5233458	
0.650407854063512	-57	920.625	2215		128	920.625	145928701 3.5281474	
3.79813643080485	-56	920.625	2216		129	920.625	145928703 3.5305929	
0.546097160487288	-56.5	920.625	2215		130	920.625	145928895 3.721822	
3.84722381601719	-55.5	920.625	2216		131	920.625	145928904 3.7302363	
0.684155431396996	-56	920.625	2216		132	920.625	145928909 3.7365987	
0.616660276730028	-57	920.625	2215		133	920.625	145928921 3.7477229	
0.564504929941916	-56.5	920.625	2215		134	920.625	145928927 3.7546123	
3.8349519697141	-55.5	920.625	2216		135	920.625	145928939 3.7663832	
0.604388430426943	-57	920.625	2215		136	920.625	145928942 3.7696302	
0.681087469821225	-56	920.625	2216		137	920.625	145928945 3.7727638	
3.8349519697141	-56	920.625	2216		138	920.625	145928949 3.775738	
0.638136007760427	-57	920.625	2215		139	920.625	145928954 3.7811987	
0.681087469821225	-56	920.625	2216		140	920.625	145929145 3.9722315	
0.635068046184655	-57	920.625	2215		141	920.625	145929153 3.9795308	
3.84108789286565	-55.5	920.625	2216		142	920.625	145929159 3.9860026	
0.570640853093458	-56.5	920.625	2215		143	920.625	145929170 3.9969913	
0.665747661942368	-56	920.625	2216		144	920.625	145929177 4.0039464	
0.589048622548086	-57	920.625	2215		145	920.625	145929184 4.0111338	
3.82268012341102	-55.5	920.625	2216		146	920.625	145929188 4.015031	
0.515417544729575	-56.5	920.625	2215		147	920.625	145929191 4.0182776	
0.665747661942368	-56	920.625	2216		148	920.625	145929194 4.0211046	
0.628932123033113	-57	920.625	2215		149	920.625	145929196 4.0236336	
0.582912699396544	-56.5	920.625	2215		150	920.625	145929396 4.2221924	
3.70609758353171	-55.5	920.625	2216		151	920.625	145929402 4.2294455	
0.5982525072754	-57	920.625	2215		152	920.625	145929409 4.2398397	
0.653475815639283	-56	920.625	2216		153	920.625	145929420 4.2463216	
0.546097160487288	-56.5	920.625	2215		154	920.625	145929426 4.2522902	
3.76745681504713	-55.5	920.625	2216		155	920.625	145929429 4.2562767	
0.671883585093911	-56	920.625	2216		156	920.625	145929434 4.2615877	
0.619728238305799	-57	920.625	2215		157	920.625	145929438 4.2646419	
3.84108789286565	-55.5	920.625	2216		158	920.625	145929440 4.2670719	
0.570640853093458	-56.5	920.625	2215		159	920.625	145929442 4.2691916	
0.625864161457342	-57	920.625	2215		160	920.625	145929645 4.472202	
0.671883585093911	-56	920.625	2216		161	920.625	145929654 4.4806227	
3.85335973916873	-55.5	920.625	2216		162	920.625	145929660 4.4872438	
0.619728238305799	-56.5	920.625	2215		163	920.625	145929671 4.4985297	
0.628932123033113	-57	920.625	2215		164	920.625	145929678 4.5051382	
0.674951546669682	-56	920.625	2216		165	920.625	145929689 4.5160562	
3.81654420025948	-55.5	920.625	2216		166	920.625	145929693 4.5201408	
0.558369006790373	-56	920.625	2215		167	920.625	145929696 4.5233658	
3.81040827710793	-56	920.625	2216		168	920.625	145929699 4.5264805	
0.635068046184655	-57	920.625	2215		169	920.625	145929702 4.5294749	
3.7920005076533	-55.5	920.625	2216		170	920.625	145929892 4.7220749	
0.558369006790373	-56.5	920.625	2215		171	920.625	145929903 4.7295292	
0.653475815639283	-56	920.625	2216		172	920.625	145929909 4.7361624	
0.595184545699629	-57	920.625	2215		173	920.625	145929916 4.7425119	
3.77359273819868	-55.5	920.625	2216		174	920.625	145929929 4.755414	
0.472466082668777	-56.5	920.625	2215		175	920.625	145929934 4.7615474	
3.78586458450176	-55.5	920.625	2216		176	920.625	145929939 4.7661344	
0.546097160487288	-56	920.625	2215		177	920.625	145929945 4.7721673	
3.76132089189559	-55.5	920.625	2216		178	920.625	145929948 4.7750536	
0.497009775274948	-56.5	920.625	2215		179	920.625	145929950 4.7774737	
3.7920005076533	-56	920.625	2216		180	920.625	145930145 4.9712864	
0.610524353578485	-57	920.625	2215		181	920.625	145930147 4.9737682	
3.76132089189559	-55.5	920.625	2216		182	920.625	145930149 4.9757374	
0.509281621578033	-56.5	920.625	2215		183	920.625	145930151 4.9776708	
0.601320468851171	-57	920.625	2215		184	920.625	145930153 4.9801449	
0.650407854063512	-56	920.625	2216		185	920.625	145930155 4.9814161	
3.81654420025948	-55.5	920.625	2216		186	920.625	145930156 4.9825385	
0.539961237335746	-56.5	920.625	2215		187	920.625	145930156 4.9836428	
0.66881562351814	-56	920.625	2216		188	920.625	145930157 4.9847392	
0.5982525072754	-56.5	920.625	2215		189	920.625	145930158 4.9858169	
3.81654420025948	-55.5	920.625	2216		190	920.625	145930395 5.2220814	
0.564504929941916	-56.5	920.625	2215		191	920.625	145930403 5.2303777	
0.644271930911969	-57	920.625	2215		192	920.625	145930410 5.2370233	
0.678019508245453	-56	920.625	2216		193	920.625	145930422 5.248233	
3.76745681504713	-55.5	920.625	2216		194	920.625	145930428 5.2547465	
0.515417544729575	-56	920.625	2215		195	920.625	145930441 5.2673852	
0.604388430426943	-57	920.625	2215		196	920.625	145930447 5.2738861	
0.665747661942368	-56	920.625	2216		197	920.625	145930451 5.2782788	
3.74904904559251	-55.5	920.625	2216		198	920.625	145930455 5.2819188	
0.552233083638831	-56	920.625	2215		199	920.625	145930460 5.2874677	
3.75518496874405	-55.5	920.625	2216		200	920.625	145930646 5.4820173	
0.539961237335746	-56.5	920.625	2215		201	920.625	145930663 5.4903422	
3.7920005076533	-56	920.625	2216		202	920.625	145930670 5.4971298	
0.521553467881118	-56.5	920.625	2215		203	920.625	145930677 5.5036557	
0.659611738790826	-56	920.625	2216		204	920.625	145930689 5.5165903	
0.604388430426943	-57	920.625	2215		205	920.625	145930695 5.521452	
0.515417544729575	-56	920.625	2215		206	920.625	145930700 5.5273277	
3.78586458450176	-55.5	920.625	2216		207	920.625	145930703 5.5304193	
0.671883585093911	-56	920.625	2216		208	920.625	145930706 5.5331606	
0.607456392002714	-56.5	920.625	2215		209	920.625	145930708 5.5354194	
3.7920005076533	-55.5	920.625	2216		210	920.625	145930710 5.5375721	
0.558369006790373	-56.5	920.625	2215		211	920.625	145930715 5.5418969	
0.628932123033113	-57	920.625	2215		212	920.625	145930887 5.7219487	
0.641203969336198	-56	920.625	2216		213	920.625	145930908 5.7351719	
3.78586458450176	-55.5	920.625	2216		214	920.625	145930925 5.751802	
0.539961237335746	-56	920.625	2215		215	920.625	145930931 5.7579843	
0.625864161457342	-57	920.625	2215		216	920.625	145930936 5.7625285	
0.665747661942368	-56	920.625	2216		217	920.625	145930941 5.7687657	
3.81654420025948	-55.5	920.625	2216		218	920.625	145930944 5.7719756	
0.521553467881118	-56.5	920.625	2215		219	920.625	145930948 5.7746134	
0.684155431396996	-56	920.625	2216		220	920.625	145931138 5.9719238	
0.653475815639283	-57	920.625	2215		221	920.625	145931153 5.9803891	
3.79813643080485	-55.5	920.625	2216		222	920.625	145931164 5.9903694	
0.699495239275852	-56.5	920.625	2215		223	920.625	145931170 5.9970252	
3.80120439238062	-56	920.625	2216		224	920.625	145931178 6.0082201	
0.653475815639283	-57	920.625	2215		225	920.625	145931188 6.0149956	
0.625864161457342	-56.5	920.625	2215		226	920.625	145931193 6.0193512	
3.77359273819868	-55.5	920.625	2216		227	920.625	145931198 6.0255924	
0.604388430426943	-56	920.625	2216		228	920.625	145931201 6.0283456	
0.656543777215054	-57	920.625	2215		229	920.625	145931204 6.0312468	
3.66314612147091	-55.5	920.625	2216		230	920.625	145931390 6.2218737	
0.662679700366597	-56	920.625	2215		231	920.625	145931402 6.2289888	
3.60178688995549	-55	920.625	2216		232	920.625	145931408 6.2355176	
0.558369006790373	-56.5	920.625	2215		233	920.625	145931418 6.2457772	
3.59565096680394	-55	920.625	2216		234	920.625	145931425 6.2524138	
0.546097160487288	-56.5	920.625	2215		235	920.625	145931437 6.2643557	
0.601320468851171	-56.5	920.625	2215		236	920.625	145931441 6.2680572	
3.5036121195308	-54.5	920.625	2216		237	920.625	145931444 6.2711554	
0.564504929941916	-56.5	920.625	2215		238	920.625	145931448 6.2757137	
3.51588396583389	-54.5	920.625	2216		239	920.625	145931451 6.2780995	
3.48520435007618	-54	920.625	2216		240	920.625	145931638 6.4719756	
0.527689391032661	-56	920.625	2215		241	920.625	145931654 6.480444	
3.47293250377309	-54	920.625	2216		242	920.625	145931660 6.4872012	
0.527689391032661	-56	920.625	2215		243	920.625	145931671 6.4976278	
0.398835004850267	-54.5	920.625	2216		244	920.625	145931677 6.5040795	
0.558369006790373	-56.5	920.625	2215		245	920.625	145931689 6.5165213	
3.48520435007618	-53.5	920.625	2216		246	920.625	145931695 6.5215913	
0.509281621578033	-56	920.625	2215		247	920.625	145931701 6.5273538	
0.432582582183751	-54	920.625	2216		248	920.625	145931704 6.5309568	
0.585980660972315	-56.5	920.625	2215		249	920.625	145931707 6.5335494	
3.50974804268235	-53	920.625	2216		250	920.625	145931887 6.7219672	
0.47860200582032	-55.5	920.625	2215		251	920.625	145931903 6.7301534	
0.481669967396091	-53.5	920.625	2216		252	920.625	145931910 6.7368672	
0.579844737820772	-56.5	920.625	2215		253	920.625	145931917 6.7434327	
3.56497135104623	-52.5	920.625	2216		254	920.625	145931928 6.7551225	
0.447922390062607	-55.5	920.625	2215		255	920.625	145931938 6.7650418	
3.62633058256166	-53	920.625	2216		256	920.625	145931942 6.7683974	
0.509281621578033	-55.5	920.625	2215		257	920.625	145931945 6.7713946	
3.65701019831937	-52.5	920.625	2216		258	920.625	145931948 6.7741824	
0.552233083638831	-55.5	920.625	2215		259	920.625	145931950 6.77656	
0.533825314184203	-55.5	920.625	2215		260	920.625	145932144 6.9714547	
3.66928204462245	-52.5	920.625	2216		261	920.625	145932153 6.9797109	
0.521553467881118	-55.5	920.625	2215		262	920.625	145932159 6.9861188	
3.62633058256166	-53	920.625	2216		263	920.625	145932170 6.9979275	
0.567572891517687	-53.5	920.625	2216		264	920.625	145932177 7.0043924	
0.592116584123857	-56	920.625	2215		265	920.625	145932190 7.0164288	
0.539961237335746	-56	920.625	2215		266	920.625	145932194 7.020668	
3.6324665057132	-52.5	920.625	2216		267	920.625	145932201 7.0272908	
0.546097160487288	-53.5	920.625	2216		268	920.625	145932205 7.0313312	
0.589048622548086	-56.5	920.625	2215		269	920.625	145932207 7.0343323	
0.515417544729575	-55.5	920.625	2215		270	920.625	145932209 7.0368532	
3.58337912050086	-53	920.625	2216		271	920.625	145932212 7.0394315	
0.484737928971863	-53.5	920.625	2216		272	920.625	145932387 7.2217456	
0.54916512206306	-56.5	920.625	2215		273	920.625	145932403 7.2302271	
3.53429173528852	-53.5	920.625	2216		274	920.625	145932413 7.2402253	
0.47860200582032	-56	920.625	2215		275	920.625	145932419 7.2468466	
0.595184545699629	-57	920.625	2215		276	920.625	145932427 7.2535814	
3.60792281310703	-54.5	920.625	2216		277	920.625	145932441 7.2681266	
3.55269950474315	-53.5	920.625	2216		278	920.625	145932447 7.2744443	
0.564504929941916	-56	920.625	2215		279	920.625	145932455 7.2824841	
3.57110727419777	-53.5	920.625	2216		280	920.625	145932638 7.471682	
0.570640853093458	-56.5	920.625	2215		281	920.625	145932653 7.4802415	
0.576776776245001	-56.5	920.625	2215		282	920.625	145932660 7.4869869	
3.55883542789469	-53.5	920.625	2216		283	920.625	145932670 7.497231	
0.662679700366597	-57	920.625	2215		284	920.625	145932676 7.5032166	
0.558369006790373	-54.5	920.625	2216		285	920.625	145932688 7.5145513	
3.63860242886474	-54	920.625	2216		286	920.625	145932692 7.5187312	
0.607456392002714	-56.5	920.625	2215		287	920.625	145932698 7.5254209	
3.66928204462245	-54.5	920.625	2216		288	920.625	145932703 7.529564	
0.607456392002714	-56.5	920.625	2215		289	920.625	145932705 7.5328925	
0.607456392002714	-57	920.625	2215		290	920.625	145932893 7.7216179	
3.71223350668325	-54	920.625	2216		291	920.625	145932902 7.7288364	
0.690291354548539	-57	920.625	2215		292	920.625	145932908 7.7354318	
0.650407854063512	-55	920.625	2216		293	920.625	145932920 7.7467414	
3.71836942983479	-54.5	920.625	2216		294	920.625	145932927 7.7535246	
0.595184545699629	-56.5	920.625	2215		295	920.625	145932936 7.763784	
0.656543777215054	-56.5	920.625	2215		296	920.625	145932940 7.7680727	
3.77972866135022	-54.5	920.625	2216		297	920.625	145932945 7.7722254	
0.589048622548086	-56.5	920.625	2215		298	920.625	145932950 7.7763053	
3.78586458450176	-54.5	920.625	2216		299	920.625	145932957 7.7839097	
0.644271930911969	-56.5	920.625	2215		300	920.625	145933138 7.9714255	
3.78586458450176	-54.5	920.625	2216		301	920.625	145933149 7.9757632	
0.576776776245001	-56.5	920.625	2215		302	920.625	145933152 7.9790612	
3.79813643080485	-54.5	920.625	2216		303	920.625	145933155 7.9818605	
3.77972866135022	-54.5	920.625	2216		304	920.625	145933157 7.984329	
0.589048622548086	-56.5	920.625	2215		305	920.625	145933163 7.9894212	
0.589048622548086	-56.5	920.625	2215		306	920.625	145933165 7.991757	
3.80427235395639	-54.5	920.625	2216		307	920.625	145933167 7.9941768	
3.82881604656256	-54.5	920.625	2216		308	920.625	145933169 7.9963571	
0.613592315154256	-56.5	920.625	2215		309	920.625	145933171 7.9983684	
3.81040827710793	-54	920.625	2216		310	920.625	145933385 8.2214346	
0.552233083638831	-56.5	920.625	2215		311	920.625	145933398 8.2250979	
0.558369006790373	-56.5	920.625	2215		312	920.625	145933401 8.2279391	
3.85949566232027	-54.5	920.625	2216		313	920.625	145933404 8.2305674	
3.78586458450176	-55	920.625	2216		314	920.625	145933406 8.2331753	
0.570640853093458	-56.5	920.625	2215		315	920.625	145933412 8.2387107	
0.558369006790373	-56.5	920.625	2215		316	920.625	145933414 8.2414775	
3.8779034317749	-55	920.625	2216		317	920.625	145933417 8.2446084	
3.88403935492644	-55	920.625	2216		318	920.625	145933420 8.2473828	
0.552233083638831	-56.5	920.625	2215		319	920.625	145933423 8.2500614	
3.8779034317749	-55	920.625	2216		320	920.625	145933638 8.4716849	
0.521553467881118	-56.5	920.625	2215		321	920.625	145933656 8.4833136	
0.619728238305799	-56.5	920.625	2215		322	920.625	145933666 8.4927194	
3.88403935492644	-55	920.625	2216		323	920.625	145933673 8.499772	
0.779262240245906	-55.5	920.625	2216		324	920.625	145933682 8.5093343	
0.702563200851624	-57	920.625	2215		325	920.625	145933687 8.5142842	
3.95153450959341	-55	920.625	2216		326	920.625	145933690 8.5174001	
0.576776776245001	-56.5	920.625	2215		327	920.625	145933693 8.5198855	
0.662679700366597	-57	920.625	2215		328	920.625	145933695 8.5223933	
0.779262240245906	-55	920.625	2216		329	920.625	145933700 8.5276057	
0.576776776245001	-56.5	920.625	2215		330	920.625	145933703 8.5297968	
3.8779034317749	-55	920.625	2216		331	920.625	145933705 8.5318625	
0.690291354548539	-57	920.625	2215		332	920.625	145933887 8.7214492	
0.724038931882023	-55.5	920.625	2216		333	920.625	145933905 8.7319464	
3.89017527807799	-55	920.625	2216		334	920.625	145933912 8.7384075	
0.558369006790373	-56.5	920.625	2215		335	920.625	145933923 8.7500516	
3.84722381601719	-55.5	920.625	2216		336	920.625	145933929 8.7566146	
0.650407854063512	-57	920.625	2215		337	920.625	145933935 8.7617448	
0.47860200582032	-56.5	920.625	2215		338	920.625	145933942 8.7689739	
3.85949566232027	-55	920.625	2216		339	920.625	145933945 8.7723695	
0.638136007760427	-57	920.625	2215		340	920.625	145934146 8.9725883	
0.711767085578938	-55	920.625	2216		341	920.625	145934156 8.9830671	
3.8349519697141	-55	920.625	2216		342	920.625	145934162 8.9894848	
0.552233083638831	-56.5	920.625	2215		343	920.625	145934174 9.0007933	
0.724038931882023	-55	920.625	2216		344	920.625	145934180 9.0072207	
0.671883585093911	-57	920.625	2215		345	920.625	145934191 9.0175588	
0.601320468851171	-56	920.625	2215		346	920.625	145934195 9.0219798	
3.88403935492644	-54.5	920.625	2216		347	920.625	145934199 9.0256902	
0.66881562351814	-56.5	920.625	2215		348	920.625	145934202 9.0291322	
0.674951546669682	-55	920.625	2216		349	920.625	145934205 9.0322638	
0.527689391032661	-56.5	920.625	2215		350	920.625	145934391 9.2215552	
3.76745681504713	-54.5	920.625	2216		351	920.625	145934405 9.2317571	
0.653475815639283	-55	920.625	2216		352	920.625	145934411 9.2381956	
0.647339892487741	-56.5	920.625	2215		353	920.625	145934422 9.2487232	
3.8349519697141	-54.5	920.625	2216		354	920.625	145934428 9.2554538	
0.558369006790373	-56.5	920.625	2215		355	920.625	145934437 9.2643964	
0.650407854063512	-55	920.625	2216		356	920.625	145934440 9.2677439	
0.644271930911969	-56.5	920.625	2215		357	920.625	145934444 9.270496	
3.7920005076533	-54.5	920.625	2216		358	920.625	145934446 9.2730235	
0.564504929941916	-56.5	920.625	2215		359	920.625	145934448 9.2753628	
0.653475815639283	-57	920.625	2215		360	920.625	145934637 9.471553	
0.656543777215054	-55	920.625	2216		361	920.625	145934653 9.4791655	
3.79813643080485	-54.5	920.625	2216		362	920.625	145934658 9.4856426	
0.582912699396544	-56	920.625	2215		363	920.625	145934665 9.4920103	
0.638136007760427	-57	920.625	2215		364	920.625	145934677 9.5040649	
0.653475815639283	-55	920.625	2216		365	920.625	145934682 9.5085809	
3.79813643080485	-55	920.625	2216		366	920.625	145934687 9.513207	
0.546097160487288	-56	920.625	2215		367	920.625	145934693 9.5204168	
0.665747661942368	-55	920.625	2216		368	920.625	145934697 9.5235152	
0.653475815639283	-56.5	920.625	2215		369	920.625	145934699 9.5261843	
3.80427235395639	-54.5	920.625	2216		370	920.625	145934889 9.7212715	
0.564504929941916	-56.5	920.625	2215		371	920.625	145934902 9.7299977	
0.678019508245453	-55	920.625	2216		372	920.625	145934913 9.7400415	
0.671883585093911	-56.5	920.625	2215		373	920.625	145934920 9.7473371	
3.81040827710793	-54.5	920.625	2216		374	920.625	145934926 9.7534211	
0.595184545699629	-56.5	920.625	2215		375	920.625	145934932 9.7598569	
0.678019508245453	-55	920.625	2216		376	920.625	145934936 9.7632428	
0.69335931612431	-57	920.625	2215		377	920.625	145934939 9.7664653	
3.81040827710793	-54.5	920.625	2216		378	920.625	145934942 9.7690874	
0.595184545699629	-56.5	920.625	2215		379	920.625	145934945 9.7718267	
0.671883585093911	-55	920.625	2216		380	920.625	145935148 9.9813298	
0.647339892487741	-57	920.625	2215		381	920.625	145935164 9.9908994	
0.625864161457342	-56.5	920.625	2215		382	920.625	145935172 10.0016323	
3.78586458450176	-54.5	920.625	2216		383	920.625	145935182 10.0087413	
0.653475815639283	-55.5	920.625	2216		384	920.625	145935189 10.0154156	
0.662679700366597	-57	920.625	2215		385	920.625	145935197 10.0248226	
0.576776776245001	-56.5	920.625	2215		386	920.625	145935202 10.0296033	
3.8349519697141	-55	920.625	2216		387	920.625	145935209 10.0364052	
0.656543777215054	-57	920.625	2215		388	920.625	145935212 10.0396106	
0.681087469821225	-55.5	920.625	2216		389	920.625	145935215 10.0423123	
3.88403935492644	-55.5	920.625	2216		390	920.625	145935388 10.221209	
0.582912699396544	-57	920.625	2215		391	920.625	145935405 10.2321409	
0.66881562351814	-57	920.625	2215		392	920.625	145935415 10.2418295	
0.671883585093911	-55.5	920.625	2216		393	920.625	145935422 10.2488286	
0.570640853093458	-56.5	920.625	2215		394	920.625	145935435 10.2623248	
3.90244712438107	-55.5	920.625	2216		395	920.625	145935441 10.2678573	
0.699495239275852	-57	920.625	2215		396	920.625	145935446 10.2725403	
0.711767085578938	-55.5	920.625	2216		397	920.625	145935452 10.2783451	
0.558369006790373	-57	920.625	2215		398	920.625	145935455 10.2811878	
3.8779034317749	-55	920.625	2216		399	920.625	145935457 10.2837038	
0.696427277700081	-57	920.625	2215		400	920.625	145935642 10.4717936	
0.745514662912422	-56	920.625	2216		401	920.625	145935655 10.4820903	
0.589048622548086	-57	920.625	2215		402	920.625	145935661 10.4884035	
3.82881604656256	-55.5	920.625	2216		403	920.625	145935672 10.4986542	
3.84722381601719	-55.5	920.625	2216		404	920.625	145935678 10.5051461	
0.595184545699629	-57	920.625	2215		405	920.625	145935691 10.5174403	
0.607456392002714	-56.5	920.625	2215		406	920.625	145935695 10.5224254	
3.79813643080485	-55.5	920.625	2216		407	920.625	145935700 10.5270218	
0.632000084608884	-57	920.625	2215		408	920.625	145935706 10.5332245	
3.81654420025948	-55.5	920.625	2216		409	920.625	145935710 10.536389	
3.80427235395639	-55.5	920.625	2216		410	920.625	145935894 10.7209168	
0.582912699396544	-57	920.625	2215		411	920.625	145935905 10.7323575	
0.589048622548086	-57	920.625	2215		412	920.625	145935916 10.7433839	
3.70609758353171	-55.5	920.625	2216		413	920.625	145935923 10.7507697	
3.73677719928942	-55.5	920.625	2216		414	920.625	145935931 10.7578621	
0.595184545699629	-57	920.625	2215		415	920.625	145935938 10.7650959	
0.619728238305799	-57	920.625	2215		416	920.625	145935941 10.7684648	
3.76132089189559	-55.5	920.625	2216		417	920.625	145935944 10.7706974	
3.71836942983479	-55	920.625	2216		418	920.625	145935947 10.773517	
0.607456392002714	-57	920.625	2215		419	920.625	145935949 10.7760235	
3.69382573722862	-55	920.625	2216		420	920.625	145936110 10.938461	
0.619728238305799	-56.5	920.625	2215		421	920.625	145936114 10.9416146	
0.601320468851171	-57	920.625	2215		422	920.625	145936119 10.9465842	
3.66928204462245	-55	920.625	2216		423	920.625	145936122 10.9494295	
3.70609758353171	-55	920.625	2216		424	920.625	145936125 10.952232	
0.613592315154256	-56.5	920.625	2215		425	920.625	145936128 10.9550336	
3.66928204462245	-55	920.625	2216		426	920.625	145936130 10.9578629	
0.601320468851171	-56.5	920.625	2215		427	920.625	145936133 10.9607903	
