3.93312674013878	-45.5	17.0625	0	1186	195147670 0.687915	
3.81040827710793	-47.5	-26	1	1130	195147674 0.6898722	
3.74291312244096	-47.5	26	2	1130	195147675 0.6908203	
3.98835004850267	-45.5	-8.9375	3	1186	195147676 0.6916922	
3.8349519697141	-47.5	-34.9375	4	1130	195147677 0.6928452	
4.0067578179573	-46	-17.0625	5	1186	195147678 0.6942308	
3.98221412535112	-45.5	-4.0625	6	1186	195147680 0.6954691	
3.7920005076533	-48	-13	7	1130	195147681 0.6965641	
3.97607820219958	-45.5	-17.0625	8	1186	195147681 0.697265	
3.71836942983479	-47.5	43.125	9	1130	195147682 0.697822	
3.91471897068416	-46	39	10	1186	195147683 0.698879	
3.77972866135022	-48	-4.0625	11	1130	195147684 0.699767	
3.82268012341102	-48	-30.0625	12	1130	195147684 0.7004047	
3.9208548938357	-45.5	26	13	1186	195147685 0.7011033	
3.93312674013878	-46	34.9375	14	1186	195147916 0.9320658	
3.82268012341102	-47.5	-26	15	1130	195147917 0.9331898	
3.73064127613788	-47.5	34.9375	16	1130	195147918 0.9340844	
3.95153450959341	-45.5	8.9375	17	1186	195147919 0.934974	
3.72450535298634	-48	52.0625	18	1130	195147920 0.9360365	
3.95767043274495	-46	17.0625	19	1186	195147921 0.9368141	
3.76745681504713	-47.5	-8.9375	20	1130	195147921 0.9374745	
3.98221412535112	-45.5	-4.0625	21	1186	195147922 0.9382981	
3.82268012341102	-47.5	-26	22	1130	195147923 0.9393146	
3.94539858644187	-45.5	21.9375	23	1186	195147924 0.9402009	
3.77359273819868	-47.5	8.9375	24	1130	195147925 0.9409109	
3.95153450959341	-46	13	25	1186	195147926 0.9417457	
3.84108789286565	-47.5	-52.0625	26	1130	195147926 0.9424429	
4.00062189480575	-45.5	-13	27	1186	195147927 0.9435207	
3.77359273819868	-47.5	-4.0625	28	1130	195148155 1.1722393	
3.94539858644187	-45.5	21.9375	29	1186	195148156 1.1731457	
3.76132089189559	-47.5	-8.9375	30	1130	195148158 1.1748592	
3.97607820219958	-45.5	-13	31	1186	195148160 1.1759988	
3.77359273819868	-47.5	-13	32	1130	195148160 1.176672	
3.97607820219958	-46	-13	33	1186	195148161 1.177546	
3.73677719928942	-47.5	34.9375	34	1130	195148162 1.1783514	
3.94539858644187	-45.5	8.9375	35	1186	195148163 1.1792106	
3.92699081698724	-45.5	17.0625	36	1186	195148163 1.1800306	
3.71223350668325	-47.5	43.125	37	1130	195148164 1.1807555	
3.92699081698724	-45.5	17.0625	38	1186	195148165 1.1814615	
3.71836942983479	-48	34.9375	39	1130	195148165 1.1820574	
3.73064127613788	-48	34.9375	40	1130	195148416 1.4320439	
3.97607820219958	-45.5	-4.0625	41	1186	195148418 1.433559	
3.7920005076533	-47.5	0	42	1130	195148418 1.434436	
3.92699081698724	-45.5	39	43	1186	195148419 1.4353294	
3.76745681504713	-47.5	0	44	1130	195148419 1.4357679	
3.95767043274495	-45.5	13	45	1186	195148420 1.4364954	
3.93926266329033	-45.5	8.9375	46	1186	195148421 1.437822	
3.81040827710793	-47.5	-13	47	1130	195148426 1.443232	
3.9638063558965	-45.5	0	48	1186	195148434 1.4504212	
3.77359273819868	-47.5	13	49	1130	195148436 1.4519078	
3.98221412535112	-45.5	4.0625	50	1186	195148439 1.4552915	
3.77359273819868	-47.5	8.9375	51	1130	195148448 1.4645122	
3.72450535298634	-48	26	52	1130	195148463 1.4792336	
3.99448597165421	-45.5	-13	53	1186	195148465 1.4806833	
3.94539858644187	-45.5	48	54	1186	195148656 1.6720062	
3.82268012341102	-48	-13	55	1130	195148657 1.6733515	
3.81040827710793	-48	-8.9375	56	1130	195148658 1.6739693	
4.01902966426038	-45.5	-30.0625	57	1186	195148658 1.6744684	
3.76132089189559	-48	13	58	1130	195148661 1.677081	
3.9638063558965	-46	26	59	1186	195148663 1.6788658	
3.91471897068416	-45.5	39	60	1186	195148663 1.679507	
3.76745681504713	-48	21.9375	61	1130	195148664 1.6800231	
3.93312674013878	-45.5	48	62	1186	195148664 1.6804982	
3.76132089189559	-47.5	0	63	1130	195148664 1.6808664	
3.77972866135022	-48	8.9375	64	1130	195148665 1.6813841	
3.9208548938357	-45.5	30.0625	65	1186	195148665 1.6817464	
3.8779034317749	-48	-34.9375	66	1130	195148916 1.9320447	
3.92699081698724	-45.5	-30.0625	67	1186	195148917 1.9329565	
3.74291312244096	-47.5	34.9375	68	1130	195148917 1.9337674	
3.95153450959341	-45.5	26	69	1186	195148918 1.9345548	
3.74904904559251	-48	56.125	70	1130	195148919 1.9351372	
3.9638063558965	-45.5	21.9375	71	1186	195148919 1.9356964	
3.80427235395639	-47.5	0	72	1130	195148919 1.9363014	
3.99448597165421	-45.5	-21.9375	73	1186	195148921 1.9367464	
3.9208548938357	-45.5	39	74	1186	195148921 1.9372498	
3.70609758353171	-48	52.0625	75	1130	195148922 1.9377156	
3.9638063558965	-45.5	4.0625	76	1186	195148922 1.9386234	
3.69996166038017	-47.5	69.125	77	1130	195148925 1.9412801	
3.95153450959341	-45.5	13	78	1186	195148925 1.9417656	
3.74904904559251	-48	30.0625	79	1130	195148925 1.9421893	
3.7920005076533	-47.5	0	80	1130	195149155 2.1719513	
3.96994227904804	-45.5	4.0625	81	1186	195149155 2.1724546	
3.95767043274495	-45.5	26	82	1186	195149157 2.1729769	
3.82268012341102	-48	-21.9375	83	1130	195149157 2.1735791	
3.9638063558965	-45.5	21.9375	84	1186	195149158 2.1744608	
3.74904904559251	-48	26	85	1130	195149159 2.1753654	
3.95767043274495	-45.5	17.0625	86	1186	195149160 2.175938	
3.77359273819868	-48	13	87	1130	195149161 2.1767397	
3.84108789286565	-47.5	-21.9375	88	1130	195149161 2.1775029	
3.94539858644187	-45.5	30.0625	89	1186	195149161 2.1778624	
3.77359273819868	-47.5	4.0625	90	1130	195149162 2.1782477	
3.95153450959341	-45.5	26	91	1186	195149162 2.1787593	
3.76132089189559	-48	26	92	1130	195149416 2.432249	
3.94539858644187	-45.5	34.9375	93	1186	195149418 2.4349994	
3.77359273819868	-48	17.0625	94	1130	195149420 2.4367206	
3.9638063558965	-45.5	17.0625	95	1186	195149422 2.4382899	
3.8779034317749	-46	-8.9375	96	1186	195149423 2.4400158	
3.75518496874405	-47.5	17.0625	97	1130	195149425 2.4414126	
3.86563158547182	-45.5	8.9375	98	1186	195149427 2.4428786	
3.82881604656256	-47.5	-21.9375	99	1130	195149428 2.4436676	
3.84722381601719	-48	-26	100	1130	195149428 2.444226	
3.97607820219958	-45.5	21.9375	101	1186	195149429 2.4453329	
3.95767043274495	-45.5	21.9375	102	1186	195149430 2.4462215	
3.78586458450176	-48	13	103	1130	195149432 2.4475919	
0.644271930911969	-48	17.0625	104	1130	195149432 2.4483516	
0.739378739760879	-45.5	10.125	105	1186	195149433 2.4491196	
3.74904904559251	-48	34.9375	106	1130	195149655 2.6719914	
3.84722381601719	-45.5	30.0625	107	1186	195149656 2.6727135	
3.96994227904804	-45.5	21.9375	108	1186	195149656 2.6730598	
3.81654420025948	-48	-17.0625	109	1130	195149657 2.6736524	
3.74291312244096	-48	34.9375	110	1130	195149658 2.674093	
4.01289374110884	-45.5	-17.0625	111	1186	195149659 2.6747358	
3.88403935492644	-48	-56.125	112	1130	195149659 2.6752699	
3.90244712438107	-46	-8.9375	113	1186	195149664 2.6808441	
3.77972866135022	-48	34.9375	114	1130	195149665 2.6816111	
3.90244712438107	-46	-4.0625	115	1186	195149666 2.6821679	
3.92699081698724	-45.5	56.125	116	1186	195149670 2.6862576	
3.84722381601719	-48	-39	117	1130	195149670 2.6871332	
3.76745681504713	-48	26	118	1130	195149673 2.689645	
3.96994227904804	-45.5	43.125	119	1186	195149673 2.6903381	
3.76745681504713	-48	26	120	1130	195149915 2.9317749	
3.84722381601719	-45.5	21.9375	121	1186	195149916 2.9322705	
3.85949566232027	-48	-43.125	122	1130	195149916 2.9328126	
3.91471897068416	-46	-26	123	1186	195149917 2.9333786	
3.84108789286565	-48	-39	124	1130	195149918 2.93434	
3.95767043274495	-46	30.0625	125	1186	195149918 2.9348096	
3.74291312244096	-47.5	39	126	1130	195149931 2.9472716	
3.97607820219958	-45.5	-8.9375	127	1186	195149932 2.9485241	
3.76132089189559	-48	34.9375	128	1130	195149934 2.9505779	
3.90244712438107	-46	-17.0625	129	1186	195149935 2.9516686	
3.82268012341102	-45.5	43.125	130	1186	195149936 2.9525987	
3.76745681504713	-48	21.9375	131	1130	195149937 2.9535748	
3.74904904559251	-48	48	132	1130	195150155 3.1719529	
3.96994227904804	-45.5	4.0625	133	1186	195150158 3.1747814	
3.76745681504713	-47.5	8.9375	134	1130	195150161 3.1767058	
3.99448597165421	-45.5	-4.0625	135	1186	195150162 3.1778768	
3.8349519697141	-48	-26	136	1130	195150162 3.1782077	
3.89017527807799	-45.5	-4.0625	137	1186	195150163 3.1795722	
3.75518496874405	-47.5	30.0625	138	1130	195150164 3.1800309	
3.87176750862336	-45.5	17.0625	139	1186	195150164 3.1803873	
3.77359273819868	-48	8.9375	140	1130	195150166 3.1826423	
4.0067578179573	-45.5	-13	141	1186	195150169 3.1854619	
4.00062189480575	-45.5	0	142	1186	195150175 3.1910752	
3.81040827710793	-48	-4.0625	143	1130	195150176 3.1917057	
3.8779034317749	-47.5	-48	144	1130	195150176 3.1922678	
4.00062189480575	-45.5	0	145	1186	195150176 3.192753	
4.0067578179573	-45.5	4.0625	146	1186	195150416 3.4318332	
3.76132089189559	-47.5	26	147	1130	195150419 3.4345312	
3.95767043274495	-45.5	34.9375	148	1186	195150419 3.4352179	
3.77972866135022	-48	17.0625	149	1130	195150420 3.4363167	
3.97607820219958	-45.5	0	150	1186	195150424 3.4410335	
3.77972866135022	-48	8.9375	151	1130	195150426 3.4426304	
4.0067578179573	-45.5	-4.0625	152	1186	195150427 3.4438115	
3.78586458450176	-48	4.0625	153	1130	195150427 3.4444648	
3.95767043274495	-46	30.0625	154	1186	195150429 3.4453272	
3.76745681504713	-47.5	30.0625	155	1130	195150430 3.4460297	
3.98221412535112	-45.5	0	156	1186	195150430 3.4467793	
3.73677719928942	-48	43.125	157	1130	195150432 3.4478703	
4.00062189480575	-46	-4.0625	158	1186	195150433 3.4489599	
3.76132089189559	-48	39	159	1130	195150434 3.4500293	
3.72450535298634	-48	69.125	160	1130	195150656 3.6723548	
4.01289374110884	-45.5	-8.9375	161	1186	195150658 3.6744704	
3.75518496874405	-48	21.9375	162	1130	195150659 3.6749753	
4.0067578179573	-45.5	-8.9375	163	1186	195150660 3.675812	
3.84722381601719	-48	-30.0625	164	1130	195150660 3.6762943	
4.03743743371501	-45.5	-13	165	1186	195150660 3.6770425	
0.751650586063964	-45.5	10.9375	166	1186	195150661 3.6776099	
0.659611738790826	-48	15	167	1130	195150662 3.6783728	
4.00062189480575	-45.5	17.0625	168	1186	195150663 3.6796218	
3.82881604656256	-48	-8.9375	169	1130	195150664 3.6801332	
0.865165164367502	-46	8.9375	170	1186	195150665 3.6808592	
0.653475815639283	-48	10.9375	171	1130	195150665 3.6812625	
3.7920005076533	-48	8.9375	172	1130	195150915 3.9316254	
3.98221412535112	-45.5	30.0625	173	1186	195150916 3.932213	
3.86563158547182	-48	-30.0625	174	1130	195150916 3.9326933	
3.98221412535112	-45.5	17.0625	175	1186	195150917 3.9334106	
4.03743743371501	-45.5	-17.0625	176	1186	195150917 3.9338824	
3.78586458450176	-48	0	177	1130	195150919 3.934971	
3.85335973916873	-47.5	-43.125	178	1130	195150919 3.9356119	
4.00062189480575	-46	21.9375	179	1186	195150920 3.9363718	
3.79813643080485	-47.5	-8.9375	180	1130	195150921 3.9370295	
4.00062189480575	-45.5	-4.0625	181	1186	195150921 3.9375918	
3.98221412535112	-45.5	13	182	1186	195150922 3.9388326	
3.76745681504713	-48	30.0625	183	1130	195150923 3.9393115	
3.96994227904804	-45.5	52.0625	184	1186	195150924 3.9398688	
3.85335973916873	-48	-30.0625	185	1130	195150924 3.9402949	
4.01902966426038	-45.5	-4.0625	186	1186	195151155 4.1717343	
3.89017527807799	-48	-48	187	1130	195151157 4.1728523	
3.82268012341102	-48	-8.9375	188	1130	195151157 4.1742411	
4.02516558741192	-45.5	0	189	1186	195151159 4.17545	
3.84722381601719	-48	-39	190	1130	195151202 4.2191257	
3.98835004850267	-45.5	34.9375	191	1186	195151279 4.2956971	
3.76132089189559	-48	26	192	1130	195151293 4.309826	
4.03130151056347	-46	-8.9375	193	1186	195151295 4.3117451	
3.97607820219958	-46	21.9375	194	1186	195151297 4.3127884	
3.81040827710793	-48	8.9375	195	1130	195151297 4.3135116	
3.9638063558965	-45.5	26	196	1186	195151298 4.3148083	
3.85949566232027	-48	-34.9375	197	1130	195151299 4.3155123	
3.8349519697141	-47.5	-26	198	1130	195151417 4.433423	
3.9638063558965	-45.5	17.0625	199	1186	195151452 4.4680322	
3.8349519697141	-48	-17.0625	200	1130	195151453 4.4695414	
3.96994227904804	-45.5	26	201	1186	195151461 4.4782362	
3.84108789286565	-48	-21.9375	202	1130	195151465 4.4811555	
3.93926266329033	-45.5	43.125	203	1186	195151466 4.4823516	
3.80427235395639	-48	13	204	1130	195151467 4.4836293	
4.0067578179573	-45.5	17.0625	205	1186	195151469 4.4848449	
3.78586458450176	-48	26	206	1130	195151469 4.4855291	
3.99448597165421	-45.5	17.0625	207	1186	195151470 4.4860458	
3.9638063558965	-45.5	26	208	1186	195151470 4.4866495	
3.74904904559251	-48	4.0625	209	1130	195151471 4.4872345	
3.71836942983479	-47.5	39	210	1130	195151472 4.4877703	
4.03743743371501	-45.5	-17.0625	211	1186	195151473 4.4904144	
3.73677719928942	-48	39	212	1130	195151655 4.6715149	
4.03743743371501	-46	-17.0625	213	1186	195151889 4.906244	
3.98835004850267	-45.5	17.0625	214	1186	195151912 4.9280347	
3.79813643080485	-47.5	4.0625	215	1130	195151913 4.9292745	
3.95767043274495	-45.5	26	216	1186	195151914 4.9301256	
3.76745681504713	-47.5	0	217	1130	195151914 4.9311262	
3.8349519697141	-47.5	-56.125	218	1130	195151919 4.9349275	
4.01289374110884	-46	-17.0625	219	1186	195151919 4.9357112	
3.81040827710793	-48	13	220	1130	195151920 4.9364745	
3.89631120122953	-46	21.9375	221	1186	195151921 4.9376966	
3.85949566232027	-48	-43.125	222	1130	195151925 4.94177	
3.93312674013878	-45.5	-21.9375	223	1186	195151926 4.9424997	
3.91471897068416	-45.5	4.0625	224	1186	195151927 4.9432947	
3.86563158547182	-48	-17.0625	225	1130	195151927 4.9440863	
3.88403935492644	-46	30.0625	226	1186	195151928 4.944601	
3.75518496874405	-48	34.9375	227	1130	195151928 4.9451342	
3.78586458450176	-48	8.9375	228	1130	195151930 4.9463162	
4.04357335686655	-45.5	-30.0625	229	1186	195151931 4.9471159	
3.76745681504713	-48	8.9375	230	1130	195151931 4.9476809	
3.97607820219958	-45.5	13	231	1186	195151932 4.9482897	
3.77359273819868	-48	8.9375	232	1130	195151933 4.9492716	
4.04357335686655	-45.5	-17.0625	233	1186	195151934 4.9502402	
3.7920005076533	-48	-17.0625	234	1130	195151935 4.9515415	
4.06198112632118	-45.5	-43.125	235	1186	195151935 4.9522608	
4.03130151056347	-45.5	-17.0625	236	1186	195151937 4.9531836	
3.75518496874405	-48	30.0625	237	1130	195151941 4.9578477	
0.662679700366597	-48.5	2.5625	238	1130	195152156 5.1718543	
0.871301087519044	-46	2.125	239	1186	195152388 5.4053172	
3.9638063558965	-45.5	17.0625	240	1186	195152398 5.4149913	
3.80427235395639	-48	4.0625	241	1130	195152400 5.4158443	
3.73064127613788	-48	26	242	1130	195152400 5.4163621	
3.99448597165421	-45.5	-4.0625	243	1186	195152401 5.4171054	
3.8349519697141	-48	0	244	1130	195152401 5.4180888	
3.96994227904804	-45.5	30.0625	245	1186	195152403 5.4188398	
3.97607820219958	-46	30.0625	246	1186	195152403 5.419495	
3.72450535298634	-48	52.0625	247	1130	195152403 5.4201266	
4.0067578179573	-45.5	-13	248	1186	195152411 5.4274311	
3.75518496874405	-48	30.0625	249	1130	195152413 5.4296575	
3.74904904559251	-47.5	21.9375	250	1130	195152416 5.4323146	
3.98835004850267	-46	4.0625	251	1186	195152419 5.4352899	
4.04357335686655	-45.5	-34.9375	252	1186	195152424 5.4405042	
3.74291312244096	-48	34.9375	253	1130	195152427 5.4427967	
3.95153450959341	-46	21.9375	254	1186	195152428 5.4443694	
3.73064127613788	-47.5	34.9375	255	1130	195152430 5.4472993	
3.82268012341102	-48	-4.0625	256	1130	195152490 5.5058846	
3.87176750862336	-46	39	257	1186	195152494 5.5102985	
3.81040827710793	-47.5	8.9375	258	1130	195152503 5.5196501	
3.89631120122953	-46	34.9375	259	1186	195152508 5.5244647	
3.84722381601719	-48	-26	260	1130	195152523 5.5400092	
3.98221412535112	-45.5	13	261	1186	195152530 5.5471808	
3.98835004850267	-45.5	-4.0625	262	1186	195152533 5.5486302	
3.76745681504713	-48	26	263	1130	195152533 5.5498168	
3.96994227904804	-46	13	264	1186	195152656 5.6716935	
3.85335973916873	-48	-21.9375	265	1130	195152878 5.8948095	
3.95153450959341	-46	48	266	1186	195153075 6.0905944	
0.638136007760427	-48	19.125	267	1130	195153079 6.094841	
4.0067578179573	-45.5	-13	268	1186	195153081 6.097139	
3.85335973916873	-48	-48	269	1130	195153083 6.099384	
4.00062189480575	-46	0	270	1186	195153083 6.1000123	
3.71223350668325	-48	48	271	1130	195153084 6.1004843	
3.8779034317749	-46	26	272	1186	195153084 6.1009817	
3.76745681504713	-48	8.9375	273	1130	195153084 6.101431	
3.84722381601719	-48	-8.9375	274	1130	195153086 6.1019526	
3.89631120122953	-46	13	275	1186	195153086 6.1024626	
3.73064127613788	-48	52.0625	276	1130	195153087 6.1030998	
3.96994227904804	-46	39	277	1186	195153088 6.1036946	
3.82268012341102	-48	-21.9375	278	1130	195153089 6.1055047	
4.04357335686655	-46	-34.9375	279	1186	195153092 6.1081742	
0.745514662912422	-45.5	6.0625	280	1186	195153092 6.1087739	
0.632000084608884	-48	19.125	281	1130	195153093 6.1092784	
3.91471897068416	-46	-13	282	1186	195153093 6.1098838	
3.74291312244096	-47.5	34.9375	283	1130	195153094 6.1107708	
3.80427235395639	-48	-4.0625	284	1130	195153094 6.1111821	
4.01902966426038	-45.5	0	285	1186	195153095 6.1116974	
3.99448597165421	-46	8.9375	286	1186	195153095 6.1121398	
3.82881604656256	-48	-13	287	1130	195153096 6.1125088	
3.73677719928942	-48	52.0625	288	1130	195153096 6.1131812	
4.0067578179573	-45.5	-8.9375	289	1186	195153097 6.1137268	
3.99448597165421	-46	-8.9375	290	1186	195153097 6.1141033	
3.7920005076533	-48	13	291	1130	195153098 6.1145182	
3.74291312244096	-48	13	292	1130	195153155 6.1715387	
4.0067578179573	-45.5	0	293	1186	195153156 6.1723093	
3.9638063558965	-45.5	34.9375	294	1186	195153157 6.1731635	
3.74291312244096	-48	30.0625	295	1130	195153158 6.1739747	
0.865165164367502	-46	2.5625	296	1186	195153159 6.1747353	
0.662679700366597	-48.5	1.1875	297	1130	195153159 6.1754153	
3.97607820219958	-45.5	30.0625	298	1186	195153160 6.1759345	
3.80427235395639	-48	-13	299	1130	195153160 6.1763673	
3.9638063558965	-46	39	300	1186	195153160 6.1768064	
3.73064127613788	-47.5	34.9375	301	1130	195153161 6.1771307	
4.01902966426038	-45.5	0	302	1186	195153161 6.1775818	
3.7920005076533	-48	8.9375	303	1130	195153162 6.178205	
3.98221412535112	-45.5	13	304	1186	195153415 6.4313404	
3.76745681504713	-47.5	13	305	1130	195153430 6.4464451	
3.98835004850267	-46	13	306	1186	195153458 6.4749494	
3.74904904559251	-47.5	34.9375	307	1130	195153460 6.4768452	
3.73677719928942	-48	34.9375	308	1130	195153462 6.4779574	
4.03130151056347	-45.5	-13	309	1186	195153463 6.4789255	
4.01902966426038	-46	-17.0625	310	1186	195153463 6.4797999	
3.79813643080485	-47.5	-21.9375	311	1130	195153463 6.4804197	
3.85335973916873	-48	-26	312	1130	195153465 6.4810465	
3.92699081698724	-45.5	-17.0625	313	1186	195153466 6.4818307	
3.74904904559251	-48	61	314	1130	195153466 6.4824523	
3.91471897068416	-46	-4.0625	315	1186	195153467 6.4831289	
3.9638063558965	-45.5	26	316	1186	195153467 6.4838367	
3.77359273819868	-48	8.9375	317	1130	195153468 6.484435	
3.82268012341102	-48	-4.0625	318	1130	195153655 6.6716251	
3.99448597165421	-45.5	8.9375	319	1186	195153659 6.6752267	
3.80427235395639	-48	0	320	1130	195153659 6.6762725	
3.84722381601719	-45.5	30.0625	321	1186	195153662 6.6779612	
3.90244712438107	-45.5	-13	322	1186	195153664 6.6801516	
3.81654420025948	-48	4.0625	323	1130	195153665 6.6811642	
4.01289374110884	-45.5	4.0625	324	1186	195153666 6.6821055	
3.81040827710793	-48	-8.9375	325	1130	195153667 6.6831413	
3.74904904559251	-48	34.9375	326	1130	195153669 6.6845776	
3.96994227904804	-46	34.9375	327	1186	195153669 6.6852204	
3.99448597165421	-45.5	13	328	1186	195153670 6.6857485	
3.73677719928942	-48	21.9375	329	1130	195153670 6.6862532	
3.8779034317749	-47.5	-78.0625	330	1130	195153915 6.9314584	
3.96994227904804	-45.5	0	331	1186	195153916 6.9324226	
0.865165164367502	-46	1.625	332	1186	195153917 6.9340063	
0.662679700366597	-48.5	1.1875	333	1130	195153920 6.9356267	
3.74291312244096	-48	52.0625	334	1130	195153920 6.9364174	
3.97607820219958	-45.5	8.9375	335	1186	195153921 6.9370651	
3.99448597165421	-45.5	0	336	1186	195153922 6.9375627	
3.84108789286565	-48	-17.0625	337	1130	195153923 6.9388277	
4.01289374110884	-45.5	-4.0625	338	1186	195153923 6.9394247	
3.76745681504713	-48	21.9375	339	1130	195153923 6.9399687	
3.82881604656256	-48	-13	340	1130	195153924 6.9404768	
4.01289374110884	-45.5	-21.9375	341	1186	195153925 6.9409893	
3.75518496874405	-48	8.9375	342	1130	195153925 6.9414241	
4.02516558741192	-46	-21.9375	343	1186	195153926 6.9426125	
3.81654420025948	-48	-34.9375	344	1130	195154155 7.1712322	
3.97607820219958	-45.5	26	345	1186	195154156 7.1722187	
3.77359273819868	-48	17.0625	346	1130	195154156 7.1730326	
3.9638063558965	-45.5	17.0625	347	1186	195154157 7.1738433	
3.81654420025948	-48	0	348	1130	195154158 7.1748181	
3.96994227904804	-45.5	13	349	1186	195154160 7.1757472	
3.79813643080485	-48	0	350	1130	195154161 7.1768361	
4.01289374110884	-45.5	-17.0625	351	1186	195154161 7.1774038	
3.94539858644187	-45.5	26	352	1186	195154415 7.4313915	
3.76745681504713	-48	4.0625	353	1130	195154416 7.4323957	
3.77359273819868	-48	21.9375	354	1130	195154417 7.4338443	
3.95767043274495	-45.5	13	355	1186	195154419 7.4352205	
3.9208548938357	-46	-21.9375	356	1186	195154421 7.4371371	
3.80427235395639	-48	4.0625	357	1130	195154422 7.4387707	
3.80427235395639	-48	0	358	1130	195154424 7.4406483	
3.90244712438107	-46	4.0625	359	1186	195154427 7.443281	
3.71836942983479	-48	39	360	1130	195154428 7.4446466	
3.98835004850267	-45.5	4.0625	361	1186	195154429 7.4452432	
3.92699081698724	-45.5	48	362	1186	195154429 7.4458654	
3.77359273819868	-47.5	17.0625	363	1130	195154430 7.4465625	
3.95767043274495	-45.5	17.0625	364	1186	195154430 7.4469584	
3.8349519697141	-47.5	-39	365	1130	195154431 7.4477265	
3.96994227904804	-45.5	13	366	1186	195154655 7.671505	
3.79813643080485	-48	0	367	1130	195154658 7.674068	
3.76132089189559	-47.5	17.0625	368	1130	195154660 7.6758846	
3.91471897068416	-45.5	-17.0625	369	1186	195154663 7.6788454	
3.82881604656256	-47.5	-34.9375	370	1130	195154665 7.6807643	
3.82881604656256	-46	34.9375	371	1186	195154667 7.682638	
3.85335973916873	-48	-26	372	1130	195154668 7.6843899	
3.9208548938357	-46	-17.0625	373	1186	195154670 7.686227	
3.85335973916873	-48	-21.9375	374	1130	195154671 7.6880418	
3.94539858644187	-45.5	-13	375	1186	195154673 7.6900378	
3.79813643080485	-48	0	376	1130	195154676 7.691828	
4.00062189480575	-45.5	-4.0625	377	1186	195154677 7.6932475	
4.03130151056347	-45.5	-13	378	1186	195154678 7.6943323	
3.80427235395639	-48	21.9375	379	1130	195154679 7.6952124	
3.84722381601719	-48	-43.125	380	1130	195154915 7.931235	
3.97607820219958	-45.5	13	381	1186	195154916 7.9320713	
3.95767043274495	-45.5	21.9375	382	1186	195154917 7.933473	
3.68155389092554	-48	65.0625	383	1130	195154918 7.934252	
3.82268012341102	-48	-8.9375	384	1130	195154918 7.9348268	
3.89017527807799	-45.5	4.0625	385	1186	195154919 7.9357764	
3.82881604656256	-48	-26	386	1130	195154919 7.936229	
3.91471897068416	-45.5	4.0625	387	1186	195154919 7.9366159	
3.72450535298634	-48	43.125	388	1130	195154921 7.937028	
4.01289374110884	-45.5	0	389	1186	195154922 7.9376383	
3.72450535298634	-48	52.0625	390	1130	195154922 7.9382341	
3.95153450959341	-45.5	39	391	1186	195154923 7.9390329	
3.7920005076533	-48	21.9375	392	1130	195155156 8.171551	
3.9208548938357	-45.5	0	393	1186	195155175 8.1906825	
3.90858304753261	-46	-8.9375	394	1186	195155178 8.1936669	
3.77972866135022	-48	26	395	1130	195155179 8.1946328	
3.77359273819868	-48	13	396	1130	195155180 8.1957433	
3.98221412535112	-46	17.0625	397	1186	195155181 8.1965756	
3.74904904559251	-48	21.9375	398	1130	195155182 8.1974237	
3.94539858644187	-46	30.0625	399	1186	195155182 8.1982857	
3.8779034317749	-46	30.0625	400	1186	195155183 8.1988148	
3.77359273819868	-48	34.9375	401	1130	195155184 8.1994464	
3.92699081698724	-45.5	-17.0625	402	1186	195155184 8.2000036	
3.8349519697141	-48	-13	403	1130	195155187 8.2028517	
3.82881604656256	-48	-26	404	1130	195155188 8.2039755	
3.98835004850267	-46	-8.9375	405	1186	195155190 8.2058962	
3.81040827710793	-47.5	-34.9375	406	1130	195155415 8.4318311	
3.93926266329033	-45.5	43.125	407	1186	195155421 8.4370449	
3.74291312244096	-48	52.0625	408	1130	195155424 8.4408207	
3.93312674013878	-46	-13	409	1186	195155425 8.4416744	
3.90858304753261	-46	17.0625	410	1186	195155426 8.4427901	
3.88403935492644	-48	-48	411	1130	195155427 8.4434985	
3.84722381601719	-48	-30.0625	412	1130	195155428 8.4440168	
4.02516558741192	-45.5	-13	413	1186	195155429 8.444934	
3.82881604656256	-48	-34.9375	414	1130	195155430 8.4461655	
4.01902966426038	-45.5	-13	415	1186	195155431 8.4480298	
3.84108789286565	-47.5	-17.0625	416	1130	195155433 8.4491118	
3.9208548938357	-45.5	0	417	1186	195155433 8.4495309	
3.8779034317749	-46	17.0625	418	1186	195155433 8.4499928	
3.74904904559251	-48	17.0625	419	1130	195155434 8.4503662	
3.7920005076533	-48	0	420	1130	195155655 8.6715545	
3.97607820219958	-46	34.9375	421	1186	195155656 8.6727693	
3.73677719928942	-48	52.0625	422	1130	195155657 8.6735805	
3.98221412535112	-46	30.0625	423	1186	195155658 8.6742691	
3.89631120122953	-46	0	424	1186	195155659 8.6751725	
3.77359273819868	-48	21.9375	425	1130	195155659 8.6758341	
3.78586458450176	-48	8.9375	426	1130	195155660 8.6766363	
3.90244712438107	-46	-4.0625	427	1186	195155661 8.6771173	
3.9638063558965	-46	30.0625	428	1186	195155661 8.6776199	
3.72450535298634	-48	52.0625	429	1130	195155662 8.6781067	
4.04970928001809	-45.5	-8.9375	430	1186	195155662 8.6787004	
3.74904904559251	-48	39	431	1130	195155664 8.6800953	
3.74904904559251	-48	43.125	432	1130	195155915 8.9313764	
3.88403935492644	-46	13	433	1186	195155917 8.9332065	
3.78586458450176	-48	21.9375	434	1130	195155919 8.9355965	
3.90244712438107	-46	13	435	1186	195155928 8.944268	
3.97607820219958	-46	39	436	1186	195155929 8.9452969	
3.84722381601719	-48	-39	437	1130	195155930 8.9461875	
4.01902966426038	-46	-13	438	1186	195155930 8.9468167	
3.81040827710793	-48	-8.9375	439	1130	195155931 8.9475278	
3.84722381601719	-45.5	21.9375	440	1186	195155932 8.9484497	
3.77359273819868	-47.5	13	441	1130	195155933 8.9492634	
3.89017527807799	-46	13	442	1186	195155934 8.9499897	
0.625864161457342	-48	19.9375	443	1130	195155934 8.950603	
3.9638063558965	-46	-34.9375	444	1186	195155935 8.9514608	
3.82881604656256	-48	-21.9375	445	1130	195155936 8.952198	
3.84108789286565	-46	61	446	1186	195156165 9.1813028	
3.71836942983479	-48	48	447	1130	195156166 9.1825043	
3.78586458450176	-48	8.9375	448	1130	195156168 9.1836814	
3.9638063558965	-46	-43.125	449	1186	195156169 9.1851405	
3.75518496874405	-48	48	450	1130	195156171 9.1871363	
3.87176750862336	-46	26	451	1186	195156176 9.1929412	
3.90244712438107	-46	30.0625	452	1186	195156177 9.1942663	
3.81654420025948	-48	-30.0625	453	1130	195156179 9.1953575	
3.86563158547182	-46	30.0625	454	1186	195156180 9.1964209	
3.8349519697141	-48	-8.9375	455	1130	195156180 9.1970735	
3.74904904559251	-48	26	456	1130	195156181 9.1977353	
3.90244712438107	-46.5	13	457	1186	195156181 9.1980659	
3.88403935492644	-46	21.9375	458	1186	195156183 9.1988976	
3.8349519697141	-48	-26	459	1130	195156184 9.2001945	
3.79813643080485	-48	17.0625	460	1130	195156415 9.4312171	
3.90858304753261	-46	17.0625	461	1186	195156416 9.432439	
3.96994227904804	-46.5	-21.9375	462	1186	195156416 9.4335946	
3.88403935492644	-48	-34.9375	463	1130	195156419 9.4348253	
3.72450535298634	-48	56.125	464	1130	195156420 9.4364738	
3.9208548938357	-46.5	-17.0625	465	1186	195156422 9.4392439	
3.73064127613788	-48	56.125	466	1130	195156427 9.4429061	
3.8779034317749	-46.5	13	467	1186	195156427 9.4436194	
3.73677719928942	-48	26	468	1130	195156428 9.4445164	
3.85335973916873	-46.5	26	469	1186	195156429 9.4452252	
3.77972866135022	-48	-21.9375	470	1130	195156429 9.4457328	
3.85949566232027	-46	30.0625	471	1186	195156430 9.4462707	
3.90244712438107	-46.5	4.0625	472	1186	195156655 9.6712212	
3.71223350668325	-48	48	473	1130	195156656 9.6726713	
3.91471897068416	-46	17.0625	474	1186	195156658 9.6743115	
3.76745681504713	-48	13	475	1130	195156659 9.6756121	
3.90858304753261	-46	13	476	1186	195156660 9.6767622	
3.71223350668325	-48	52.0625	477	1130	195156662 9.6782219	
3.91471897068416	-46	-4.0625	478	1186	195156663 9.6790008	
3.84108789286565	-48	-17.0625	479	1130	195156664 9.6806092	
3.73677719928942	-48	43.125	480	1130	195156665 9.6813684	
3.8779034317749	-46	21.9375	481	1186	195156666 9.6824287	
3.74291312244096	-48	39	482	1130	195156667 9.6831699	
3.9208548938357	-46	0	483	1186	195156668 9.684004	
3.87176750862336	-46	13	484	1186	195156924 9.9412166	
3.82268012341102	-48	-26	485	1130	195156925 9.9417511	
3.74291312244096	-48	56.125	486	1130	195156925 9.9420336	
3.91471897068416	-46	0	487	1186	195156926 9.942313	
3.8779034317749	-46	34.9375	488	1186	195156926 9.94259	
3.73064127613788	-48	30.0625	489	1130	195156930 9.9458095	
3.93312674013878	-46	-21.9375	490	1186	195156931 9.9476345	
3.77972866135022	-48	4.0625	491	1130	195156931 9.9481749	
3.78586458450176	-48	-13	492	1130	195156933 9.9491316	
3.9208548938357	-46.5	-8.9375	493	1186	195156933 9.9494421	
3.82268012341102	-46	74	494	1186	195156933 9.9496937	
3.74904904559251	-48	26	495	1130	195156934 9.9499721	
3.84108789286565	-48	-43.125	496	1130	195156934 9.9502767	
3.87176750862336	-46	26	497	1186	195156934 9.9508302	
3.71836942983479	-48	56.125	498	1130	195156935 9.9516804	
3.8779034317749	-46	17.0625	499	1186	195156936 9.95222	
3.95153450959341	-46	-4.0625	500	1186	195157161 10.1777094	
3.85949566232027	-48	-48	501	1130	195157168 10.1846078	
3.95767043274495	-46	-4.0625	502	1186	195157169 10.1856406	
3.76745681504713	-48	30.0625	503	1130	195157171 10.1864876	
3.84722381601719	-48	-30.0625	504	1130	195157171 10.1870153	
3.90858304753261	-46.5	30.0625	505	1186	195157172 10.1889108	
3.9208548938357	-46	-8.9375	506	1186	195157175 10.1904975	
3.78586458450176	-48	26	507	1130	195157175 10.1914069	
3.84108789286565	-48	-21.9375	508	1130	195157176 10.1922282	
3.88403935492644	-46	34.9375	509	1186	195157176 10.1929959	
3.9208548938357	-46	-8.9375	510	1186	195157177 10.1936178	
3.81040827710793	-48	-17.0625	511	1130	195157178 10.194061	
3.91471897068416	-46	0	512	1186	195157414 10.4310453	
3.80427235395639	-48	-4.0625	513	1130	195157415 10.4324513	
3.92699081698724	-46	-8.9375	514	1186	195157417 10.4339314	
3.81040827710793	-48	-30.0625	515	1130	195157419 10.4354693	
3.9208548938357	-46	-4.0625	516	1186	195157420 10.4365673	
3.77359273819868	-48	13	517	1130	195157421 10.437454	
3.89631120122953	-46	17.0625	518	1186	195157425 10.4409045	
3.74904904559251	-48	43.125	519	1130	195157426 10.4420442	
3.88403935492644	-46	26	520	1186	195157426 10.4431798	
3.84722381601719	-48	-30.0625	521	1130	195157427 10.4441957	
3.7920005076533	-48	-4.0625	522	1130	195157431 10.447066	
3.90244712438107	-46	17.0625	523	1186	195157433 10.4495239	
3.88403935492644	-46	43.125	524	1186	195157655 10.671183	
3.74904904559251	-48	39	525	1130	195157656 10.6727043	
3.91471897068416	-46.5	-4.0625	526	1186	195157658 10.6739668	
3.82268012341102	-48	-4.0625	527	1130	195157659 10.6756456	
3.88403935492644	-46	21.9375	528	1186	195157660 10.6768679	
3.78586458450176	-48	17.0625	529	1130	195157661 10.6777582	
3.81654420025948	-48	-17.0625	530	1130	195157661 10.6785352	
3.89631120122953	-46.5	17.0625	531	1186	195157663 10.6798136	
3.93312674013878	-46.5	-17.0625	532	1186	195157664 10.6806993	
3.74904904559251	-48	43.125	533	1130	195157665 10.6819265	
3.85335973916873	-48	-43.125	534	1130	195157666 10.6824906	
3.89631120122953	-46	21.9375	535	1186	195157666 10.6831209	
3.92699081698724	-46.5	13	536	1186	195157668 10.6842881	
3.78586458450176	-48	-4.0625	537	1130	195157668 10.6846897	
3.91471897068416	-46	0	538	1186	195157914 10.9309885	
3.73064127613788	-48	61	539	1130	195157919 10.9356684	
3.76132089189559	-48	43.125	540	1130	195157948 10.9642605	
3.93926266329033	-46	-13	541	1186	195157993 11.009956	
3.87176750862336	-46	30.0625	542	1186	195157995 11.0104512	
3.72450535298634	-48	52.0625	543	1130	195157995 11.0113313	
3.94539858644187	-46.5	-30.0625	544	1186	195157996 11.0120107	
3.82268012341102	-47.5	-13	545	1130	195157997 11.0130818	
3.78586458450176	-48	21.9375	546	1130	195157997 11.0136315	
3.89631120122953	-46	26	547	1186	195157998 11.0141506	
3.95153450959341	-46.5	-13	548	1186	195157998 11.0145743	
3.85949566232027	-48	-34.9375	549	1130	195157998 11.0149768	
3.92699081698724	-46.5	0	550	1186	195157999 11.0153964	
3.88403935492644	-48	-69.125	551	1130	195158000 11.0162219	
3.76745681504713	-48	30.0625	552	1130	195158155 11.1714797	
3.95767043274495	-46	-8.9375	553	1186	195158177 11.1932999	
3.79813643080485	-48	0	554	1130	195158178 11.1944691	
3.92699081698724	-46.5	4.0625	555	1186	195158179 11.1952587	
3.88403935492644	-46	13	556	1186	195158180 11.1963858	
3.73064127613788	-48	30.0625	557	1130	195158182 11.1978161	
