90	-57	922750	C00000000000000000095417	00D3	0	0000	221831796 7076876	
95	-57	922750	C00000000000000000095417	00D2	1	000A	221832039 9505061	
87	-57	922750	C00000000000000000095417	00D2	2	000A	221832130 0419337	
95	-57	922750	C00000000000000000095417	00D2	3	000A	221832253 1645706	
106	-57	922750	C00000000000000000095417	00D2	4	000A	221832440 3520704	
95	-57	922750	C00000000000000000095417	00D0	5	0000	221832533 4448516	
98	-56	922750	C00000000000000000095417	00D0	6	0000	221832659 5699662	
106	-56	922750	C00000000000000000095417	00D5	7	000B	221832843 7544413	
101	-56	922750	C00000000000000000095417	00D5	8	000B	221832937 8481743	
112	-56	922750	C00000000000000000095417	00D6	9	000B	221833029 9404783	
101	-56	922750	C00000000000000000095417	00D6	10	000B	221833152 0631644	
95	-56	922750	C00000000000000000095417	00D6	11	000B	221833244 1558613	
98	-56	922750	C00000000000000000095417	00D2	12	000B	221833334 2456166	
87	-56	922750	C00000000000000000095417	00D2	13	000B	221833455 3663139	
98	-56	922750	C00000000000000000095417	00D0	14	000B	221833545 4560861	
84	-56	922750	C00000000000000000095417	00D0	15	000B	221833638 5498104	
98	-56	922750	C00000000000000000095417	00D0	16	000B	221833732 643544	
104	-56	922750	C00000000000000000095417	00D3	17	000B	221833857 7683173	
101	-56	922750	C00000000000000000095417	00D3	18	000B	221833950 861045	
101	-56	922750	C00000000000000000095417	00C9	19	000B	221834039 950859	
95	-56	922750	C00000000000000000095417	00C9	20	000B	221834130 0416158	
95	-56	922750	C00000000000000000095417	00C9	21	000B	221834255 166257	
95	-56	922750	C00000000000000000095417	00CD	22	000B	221834350 260923	
95	-56	922750	C00000000000000000095417	00CD	23	000B	221834445 3567656	
95	-56	922750	C00000000000000000095417	00CE	24	000B	221834540 451134	
98	-56	922750	C00000000000000000095417	00CE	25	000B	221834633 5448677	
104	-56	922750	C00000000000000000095417	00CE	26	000B	221834729 6405852	
92	-56	922750	C00000000000000000095417	00D0	27	000B	221834854 7653186	
92	-56	922750	C00000000000000000095417	00D0	28	000B	221834946 8570728	
101	-56	922750	C00000000000000000095417	00C9	29	000B	221835039 9502263	
109	-56	922750	C00000000000000000095417	00C9	30	000B	221835130 0410426	
98	-56	922750	C00000000000000000095417	00D0	31	000B	221835349 2600509	
106	-56	922750	C00000000000000000095417	00D0	32	000B	221835443 3547816	
95	-56	922750	C00000000000000000095417	00D0	33	000B	221835535 446516	
101	-56	922750	C00000000000000000095417	00C3	34	000B	221835630 5412859	
106	-56	922750	C00000000000000000095417	00CA	35	000B	221835847 7587023	
106	-56	922750	C00000000000000000095417	00CA	36	000B	221835941 8524292	
104	-56	922750	C00000000000000000095417	00CA	37	000B	221836032 9431443	
98	-56	922750	C00000000000000000095417	00CF	38	000B	221836159 0700018	
95	-56	922750	C00000000000000000095417	00CF	39	000B	221836220 1317185	
106	-56	922750	C00000000000000000095417	00CF	40	000B	221836252 1636591	
101	-56	922750	C00000000000000000095417	00C6	41	000B	221836379 2903298	
98	-56	922750	C00000000000000000095417	00C6	42	000B	221836471 3819825	
106	-56	922750	C00000000000000000095417	00C6	43	000B	221836565 4767999	
104	-56	922750	C00000000000000000095417	00CD	44	000B	221836658 5696003	
92	-56	922750	C00000000000000000095417	00CD	45	000B	221836752 6632894	
109	-56	922750	C00000000000000000095417	00CC	46	000B	221836878 7889556	
101	-56	922750	C00000000000000000095417	00CC	47	000B	221836970 8817775	
109	-56	922750	C00000000000000000095417	00CC	48	000B	221837064 9755039	
112	-56	922750	C00000000000000000095417	00C9	49	000B	221837156 0672118	
98	-56	922750	C00000000000000000095417	00C9	50	000B	221837280 1918795	
106	-56	922750	C00000000000000000095417	00CD	51	000B	221837373 2846358	
104	-56	922750	C00000000000000000095417	00CD	52	000B	221837465 3763669	
101	-56	922750	C00000000000000000095417	00CD	53	000B	221837559 4700454	
98	-56	922750	C00000000000000000095417	00CF	54	000B	221837651 5619079	
95	-56	922750	C00000000000000000095417	00CF	55	000B	221837774 6856005	
104	-56	922750	C00000000000000000095417	00CF	56	000B	221837867 7782973	
98	-56	922750	C00000000000000000095417	00CF	57	000B	221837961 8719907	
115	-56	922750	C00000000000000000095417	00CF	58	000B	221838056 9677624	
104	-56	922750	C00000000000000000095417	00C7	59	000B	221838150 0615131	
104	-56	922750	C00000000000000000095417	00C7	60	000B	221838274 1851562	
98	-56	922750	C00000000000000000095417	00D2	61	000B	221838363 2749161	
98	-56	922750	C00000000000000000095417	00D2	62	000B	221838458 3697121	
92	-56	922750	C00000000000000000095417	00D2	63	000B	221838554 4654954	
95	-56	922750	C00000000000000000095417	00C9	64	000B	221838680 5911663	
101	-56	922750	C00000000000000000095417	00C9	65	000B	221838774 6849585	
98	-56	922750	C00000000000000000095417	00C9	66	000B	221838867 7787436	
101	-56	922750	C00000000000000000095417	00BE	67	000B	221838963 8744338	
92	-56	922750	C00000000000000000095417	00BE	68	000B	221839059 9702163	
104	-56	922750	C00000000000000000095417	00C8	69	000B	221839151 0619748	
92	-56	922750	C00000000000000000095417	00C8	70	000B	221839274 1856526	
84	-56	922750	C00000000000000000095417	00C8	71	000B	221839368 2794149	
90	-56	922750	C00000000000000000095417	00CB	72	000B	221839464 3752507	
95	-56	922750	C00000000000000000095417	00CB	73	000B	221839555 4659408	
104	-56	922750	C00000000000000000095417	00C1	74	000B	221839680 5916425	
98	-56	922750	C00000000000000000095417	00C1	75	000B	221839774 6853449	
104	-56	922750	C00000000000000000095417	00C1	76	000B	221839869 780087	
106	-56	922750	C00000000000000000095417	00D4	77	000B	221839961 8727998	
109	-56	922750	C00000000000000000095417	00D4	78	000B	221840055 9665944	
109	-56	922750	C00000000000000000095417	00C5	79	000B	221840179 0901921	
92	-56	922750	C00000000000000000095417	00CF	80	0000	221840274 1849889	
101	-56	922750	C00000000000000000095417	00CF	81	0000	221840366 2777747	
101	-56	922750	C00000000000000000095417	00C9	82	000B	221840462 3735101	
98	-56	922750	C00000000000000000095417	00C9	83	000B	221840556 4671778	
104	-56	922750	C00000000000000000095417	00C6	84	000B	221840649 560945	
104	-56	922750	C00000000000000000095417	00C6	85	000B	221840773 6846091	
104	-56	922750	C00000000000000000095417	00C6	86	000B	221840867 7784266	
87	-56	922750	C00000000000000000095417	00CF	87	000B	221840961 8721736	
101	-56	922750	C00000000000000000095417	00CF	88	000B	221841055 9659233	
109	-56	922750	C00000000000000000095417	00C8	89	000B	221841178 .0895943	
98	-56	922750	C00000000000000000095417	00C8	90	000B	221841239 .150452	
109	-56	922750	C00000000000000000095417	00C8	91	000B	221841271 .1823915	
98	-56	922750	C00000000000000000095417	00C8	92	000B	221841365 .276026	
106	-56	922750	C00000000000000000095417	00C8	93	000B	221841457 .3692364	
98	-56	922750	C00000000000000000095417	00C8	94	000B	221841580 .491497	
101	-56	922750	C00000000000000000095417	00C8	95	000B	221841675 .5862539	
101	-56	922750	C00000000000000000095417	00CE	96	000B	221841771 .6820056	
101	-56	922750	C00000000000000000095417	00CE	97	000B	221841863 .7748111	
101	-56	922750	C00000000000000000095417	00CB	98	000B	221841957 .8685966	
98	-56	922750	C00000000000000000095417	00CB	99	000B	221842050 .9613662	
101	-56	922750	C00000000000000000095417	00CB	100	000B	221842178 .0890336	
104	-56	922750	C00000000000000000095417	00C9	101	000B	221842269 .1808151	
115	-56	922750	C00000000000000000095417	00C9	102	000B	221842363 .2744934	
95	-56	922750	C00000000000000000095417	00C2	103	000B	221842579 .4905574	
95	-56	922750	C00000000000000000095417	00C2	104	000B	221842671 .5822513	
104	-56	922750	C00000000000000000095417	00CD	105	000B	221842764 .675666	
106	-56	922750	C00000000000000000095417	00CD	106	000B	221842854 .7654569	
98	-56	922750	C00000000000000000095417	00D4	107	000B	221842981 .8925994	
98	-56	922750	C00000000000000000095417	00D4	108	000B	221843074 .9853444	
104	-56	922750	C00000000000000000095417	00D4	109	000B	221843167 .0780943	
101	-56	922750	C00000000000000000095417	00CF	110	000B	221843259 .1708396	
98	-56	922750	C00000000000000000095417	00CC	111	000B	221843478 .3892327	
101	-56	922750	C00000000000000000095417	00CC	112	000B	221843571 .4821405	
98	-56	922750	C00000000000000000095417	00D2	113	0000	221843663 .5748545	
95	-56	922750	C00000000000000000095417	00CF	114	000B	221843759 .67052	
109	-56	922750	C00000000000000000095417	00CF	115	000B	221843851 .7622718	
95	-56	922750	C00000000000000000095417	00CF	116	000B	221843974 .8859151	
92	-56	922750	C00000000000000000095417	00C9	117	000B	221844070 .9816661	
101	-56	922750	C00000000000000000095417	00C9	118	000B	221844166 .0773459	
92	-56	922750	C00000000000000000095417	00CA	119	000B	221844261 .1721542	
98	-56	922750	C00000000000000000095417	00CA	120	000B	221844356 .2669224	
98	-56	922750	C00000000000000000095417	00CA	121	000B	221844479 .3905069	
104	-56	922750	C00000000000000000095417	00CF	122	000B	221844573 .484269	
104	-56	922750	C00000000000000000095417	00CF	123	000B	221844665 .5761547	
109	-56	922750	C00000000000000000095417	00CB	124	000B	221844760 .6718303	
101	-56	922750	C00000000000000000095417	00CB	125	000B	221844852 .7636029	
98	-56	922750	C00000000000000000095417	00CB	126	000B	221844977 .8886957	
98	-56	922750	C00000000000000000095417	00C0	127	000B	221845070 .9815387	
98	-56	922750	C00000000000000000095417	00C0	128	000B	221845164 .0752505	
109	-56	922750	C00000000000000000095417	00CD	129	000B	221845255 .1660397	
95	-56	922750	C00000000000000000095417	00CD	130	000B	221845473 .3845078	
118	-56	922750	C00000000000000000095417	00D0	131	000B	221845568 .4791469	
101	-56	922750	C00000000000000000095417	00D0	132	000B	221845661 .5729752	
106	-56	922750	C00000000000000000095417	00D0	133	000B	221845754 .6657049	
104	-56	922750	C00000000000000000095417	00CD	134	000B	221845879 .790374	
106	-56	922750	C00000000000000000095417	00CD	135	000B	221845971 .8821419	
106	-56	922750	C00000000000000000095417	00CF	136	000B	221846066 .9779216	
101	-56	922750	C00000000000000000095417	00CF	137	000B	221846160 .0715928	
109	-56	922750	C00000000000000000095417	00CF	138	000B	221846222 .1334431	
95	-56	922750	C00000000000000000095417	00CF	139	000B	221846225 .1368775	
98	-56	922750	C00000000000000000095417	00CF	140	000B	221846283 .1942947	
101	-56	922750	C00000000000000000095417	00C8	141	000B	221846378 .28911	
106	-56	922750	C00000000000000000095417	00C8	142	000B	221846472 .3837028	
92	-56	922750	C00000000000000000095417	00C4	143	000B	221846564 .4754864	
101	-56	922750	C00000000000000000095417	00C4	144	000B	221846689 .600223	
98	-56	922750	C00000000000000000095417	00C4	145	000B	221846783 .6949736	
101	-56	922750	C00000000000000000095417	00D4	146	000B	221846877 .7886415	
98	-56	922750	C00000000000000000095417	00D4	147	000B	221846970 .8815675	
106	-56	922750	C00000000000000000095417	00C9	148	000B	221847066 .9771958	
95	-56	922750	C00000000000000000095417	00C9	149	000B	221847189 .1008072	
104	-56	922750	C00000000000000000095417	00C9	150	000B	221847283 .1945876	
109	-56	922750	C00000000000000000095417	00C8	151	000B	221847377 .2882533	
106	-56	922750	C00000000000000000095417	00C8	152	000B	221847469 .3800856	
101	-56	922750	C00000000000000000095417	00C8	153	000B	221847564 .4758488	
98	-56	922750	C00000000000000000095417	00CA	154	000B	221847690 .6015292	
101	-56	922750	C00000000000000000095417	00CA	155	000B	221847785 .6962696	
92	-56	922750	C00000000000000000095417	00D4	156	000B	221847878 .7889791	
92	-56	922750	C00000000000000000095417	00D4	157	000B	221847970 .881805	
84	-56	922750	C00000000000000000095417	00D4	158	000B	221848066 .9772043	
95	-56	922750	C00000000000000000095417	00CD	159	000B	221848188 .0998441	
106	-56	922750	C00000000000000000095417	00CD	160	000B	221848281 .1926482	
104	-56	922750	C00000000000000000095417	00BD	161	000B	221848374 .2854105	
112	-56	922750	C00000000000000000095417	00BD	162	000B	221848469 .3801477	
101	-56	922750	C00000000000000000095417	00BD	163	000B	221848563 .4748749	
109	-56	922750	C00000000000000000095417	00BF	164	000B	221848784 .6953288	
106	-56	922750	C00000000000000000095417	00C6	165	000B	221848877 .7879894	
109	-56	922750	C00000000000000000095417	00C6	166	000B	221848970 .8817955	
106	-56	922750	C00000000000000000095417	00C6	167	000B	221849064 .9755462	
98	-56	922750	C00000000000000000095417	00CB	168	000B	221849189 .1003271	
104	-56	922750	C00000000000000000095417	00CB	169	000B	221849284 .1950786	
104	-56	922750	C00000000000000000095417	00CE	170	000B	221849377 .2888926	
98	-56	922750	C00000000000000000095417	00CE	171	000B	221849470 .3817328	
98	-56	922750	C00000000000000000095417	00CE	172	000B	221849566 .4773965	
109	-56	922750	C00000000000000000095417	00CB	173	000B	221849659 .570237	
101	-56	922750	C00000000000000000095417	00CB	174	000B	221849783 .6948831	
106	-56	922750	C00000000000000000095417	00CE	175	000B	221849877 .7886169	
101	-56	922750	C00000000000000000095417	00CE	176	000B	221849971 .8823572	
106	-56	922750	C00000000000000000095417	00C9	177	000B	221850160 .0718028	
109	-56	922750	C00000000000000000095417	00C9	178	000B	221850285 .1965532	
109	-56	922750	C00000000000000000095417	00CD	179	000B	221850378 .2892747	
109	-56	922750	C00000000000000000095417	00CD	180	000B	221850471 .382036	
106	-56	922750	C00000000000000000095417	00CD	181	000B	221850566 .4777818	
106	-56	922750	C00000000000000000095417	00C2	182	000B	221850687 .5985489	
109	-56	922750	C00000000000000000095417	00C2	183	000B	221850782 .6932144	
98	-56	922750	C00000000000000000095417	00C2	184	000B	221850875 .7869135	
106	-56	922750	C00000000000000000095417	00C9	185	000B	221850969 .8806791	
112	-56	922750	C00000000000000000095417	00C9	186	000B	221851065 .9764093	
92	-56	922750	C00000000000000000095417	00D1	187	000B	221851159 .0701421	
95	-56	922750	C00000000000000000095417	00D1	188	000B	221851222 .1330406	
101	-56	922750	C00000000000000000095417	00D1	189	000B	221851285 .1969131	
109	-56	922750	C00000000000000000095417	00D1	190	000B	221851377 .2886562	
95	-56	922750	C00000000000000000095417	00D6	191	000B	221851473 .3844136	
106	-56	922750	C00000000000000000095417	00D6	192	000B	221851567 .4780722	
104	-56	922750	C00000000000000000095417	00D0	193	000B	221851660 .5717548	
98	-56	922750	C00000000000000000095417	00D0	194	000B	221851783 .6944128	
109	-56	922750	C00000000000000000095417	00D0	195	000B	221851878 .7892962	
104	-56	922750	C00000000000000000095417	00D9	196	000B	221851970 .881919	
98	-56	922750	C00000000000000000095417	00D9	197	000B	221852061 .972803	
98	-56	922750	C00000000000000000095417	00D0	198	000B	221852184 .0954817	
87	-56	922750	C00000000000000000095417	00D0	199	000B	221852370 .2819668	
