4.7860200582032	-64.5	920.625	2215	0000	0	920.625	032412956 0.654641469937575	
4.828971520264	-63.5	920.625	2215	0000	1	920.625	032412958 0.656132914520591	
4.93328221384022	-64	920.625	2215	0000	2	920.625	032412958 0.656393445346485	
4.84124336656708	-64.5	920.625	2215	0000	3	920.625	032412958 0.656598849359944	
4.74920451929395	-64	920.625	2215	0000	4	920.625	032412958 0.656779333033534	
4.86578705917325	-63.5	920.625	2215	0000	5	920.625	032412959 0.657074978883788	
4.85351521287017	-64.5	920.625	2215	0000	6	920.625	032413160 0.857739596796453	
4.87805890547634	-64	920.625	2215	0000	7	920.625	032413165 0.862409517455377	
4.90873852123405	-64	920.625	2215	0000	8	920.625	032413167 0.865154908230849	
4.84737928971863	-63.5	920.625	2215	0000	9	920.625	032413170 0.867785891991471	
4.72466082668778	-64.5	920.625	2215	0000	10	920.625	032413176 0.874053735049212	
4.84737928971863	-64	920.625	2215	0000	11	920.625	032413419 1.11763268853842	
4.7860200582032	-64.5	920.625	2215	0000	12	920.625	032413424 1.12237548231241	
4.79829190450629	-63	920.625	2215	0000	13	920.625	032413427 1.12521866654282	
4.77988413505166	-64	920.625	2215	0000	14	920.625	032413432 1.13061052189611	
4.77988413505166	-62	920.625	2215	0000	15	920.625	032413435 1.13404046685614	
4.77988413505166	-65	920.625	2215	0000	16	920.625	032413438 1.13697238259971	
4.75534044244549	-63.5	920.625	2215	0000	17	920.625	032413659 1.35761782695392	
4.7860200582032	-64	920.625	2215	0000	18	920.625	032413664 1.3618119956699	
4.99464144535565	-64	920.625	2215	0000	19	920.625	032413667 1.36500217675393	
4.90873852123405	-63.5	920.625	2215	0000	20	920.625	032413672 1.37002324765645	
4.79829190450629	-63.5	920.625	2215	0000	21	920.625	032413697 1.39498814207161	
4.7860200582032	-64	920.625	2215	0000	22	920.625	032413919 1.61755698356655	
4.73693267299086	-64	920.625	2215	0000	23	920.625	032413924 1.62205623765546	
4.84737928971863	-64.5	920.625	2215	0000	24	920.625	032413925 1.62378442546723	
4.68170936462698	-64.5	920.625	2215	0000	25	920.625	032413926 1.62468344560702	
4.80442782765783	-64.5	920.625	2215	0000	26	920.625	032413927 1.62557793477592	
4.89646667493097	-64	920.625	2215	0000	27	920.625	032413928 1.62646185167942	
4.79215598135474	-64	920.625	2215	0000	28	920.625	032414161 1.85902186155694	
4.90260259808251	-64	920.625	2215	0000	29	920.625	032414164 1.86224300427535	
4.85351521287017	-64.5	920.625	2215	0000	30	920.625	032414166 1.86389227767753	
4.84737928971863	-64	920.625	2215	0000	31	920.625	032414167 1.8654558402138	
4.85351521287017	-64.5	920.625	2215	0000	32	920.625	032414168 1.86659915520048	
4.77374821190012	-64	920.625	2215	0000	33	920.625	032414169 1.867531780041	
4.82283559711246	-64.5	920.625	2215	0000	34	920.625	032414420 2.11755415170974	
4.82283559711246	-64	920.625	2215	0000	35	920.625	032414421 2.119670492694	
4.55899090159613	-63	920.625	2215	0000	36	920.625	032414423 2.1220020547953	
4.71852490353623	-63	920.625	2215	0000	37	920.625	032414425 2.12331037263837	
4.85351521287017	-63.5	920.625	2215	0000	38	920.625	032414426 2.1245258055783	
4.8719229823248	-64	920.625	2215	0000	39	920.625	032414659 2.35744527247937	
4.76147636559703	-64.5	920.625	2215	0000	40	920.625	032414663 2.36149860351702	
4.7430685961424	-63.5	920.625	2215	0000	41	920.625	032414664 2.36280956442644	
4.80442782765783	-64.5	920.625	2215	0000	42	920.625	032414668 2.36577697277528	
4.828971520264	-64.5	920.625	2215	0000	43	920.625	032414669 2.36705470656489	
4.81056375080937	-64	920.625	2215	0000	44	920.625	032414919 2.61745805736889	
4.84737928971863	-64.5	920.625	2215	0000	45	920.625	032414922 2.62106055680346	
4.73693267299086	-64	920.625	2215	0000	46	920.625	032414924 2.6222231284164	
4.84737928971863	-65	920.625	2215	0000	47	920.625	032414925 2.62345026636445	
4.7860200582032	-65	920.625	2215	0000	48	920.625	032414926 2.62429227178727	
4.79829190450629	-63	920.625	2215	0000	49	920.625	032414927 2.62517165771989	
4.72466082668778	-64	920.625	2215	0000	50	920.625	032415169 2.8673562049192	
4.73079674983932	-64	920.625	2215	0000	51	920.625	032415173 2.87126492246942	
4.73693267299086	-63.5	920.625	2215	0000	52	920.625	032415175 2.87404920407833	
4.62648605626309	-61.5	920.625	2215	0000	53	920.625	032415177 2.87618480168884	
4.62035013311155	-64.5	920.625	2215	0000	54	920.625	032415182 2.88094118837549	
5.00691329165873	-63	920.625	2215	0000	55	920.625	032415419 3.11739783321421	
4.67557344147543	-63.5	920.625	2215	0000	56	920.625	032415422 3.12088479289121	
4.83510744341554	-64.5	920.625	2215	0000	57	920.625	032415424 3.12242872122031	
4.76761228874857	-65	920.625	2215	0000	58	920.625	032415426 3.12439138677538	
4.7860200582032	-64	920.625	2215	0000	59	920.625	032415428 3.12637368653762	
4.73079674983932	-64	920.625	2215	0000	60	920.625	032415659 3.35753211608801	
4.7430685961424	-64	920.625	2215	0000	61	920.625	032415663 3.36107231467291	
4.7430685961424	-64.5	920.625	2215	0000	62	920.625	032415665 3.36299193600457	
4.7430685961424	-64.5	920.625	2215	0000	63	920.625	032415667 3.36478317982782	
4.80442782765783	-64	920.625	2215	0000	64	920.625	032415669 3.36680286009986	
4.73693267299086	-63.5	920.625	2215	0000	65	920.625	032415674 3.37208257392373	
4.57126274789921	-64	920.625	2215	0000	66	920.625	032415919 3.61737725505477	
4.73693267299086	-64	920.625	2215	0000	67	920.625	032415922 3.62105678099439	
4.75534044244549	-64.5	920.625	2215	0000	68	920.625	032415924 3.62225446763169	
4.62035013311155	-64	920.625	2215	0000	69	920.625	032415925 3.62382860243336	
4.7860200582032	-63.5	920.625	2215	0000	70	920.625	032415927 3.62550808230811	
4.84124336656708	-64.5	920.625	2215	0000	71	920.625	032415928 3.62670916717357	
4.70625305723315	-64.5	920.625	2215	0000	72	920.625	032416159 3.85746471789609	
4.57739867105075	-64	920.625	2215	0000	73	920.625	032416162 3.86036076345349	
4.7860200582032	-64.5	920.625	2215	0000	74	920.625	032416163 3.86174648538252	
4.75534044244549	-64	920.625	2215	0000	75	920.625	032416165 3.86314957603328	
4.82283559711246	-64.5	920.625	2215	0000	76	920.625	032416419 4.11745144970301	
4.65102974886926	-64	920.625	2215	0000	77	920.625	032416423 4.12078058056085	
4.89646667493097	-64.5	920.625	2215	0000	78	920.625	032416424 4.12239436135777	
4.68170936462698	-62.5	920.625	2215	0000	79	920.625	032416426 4.12367285030918	
4.77988413505166	-64.5	920.625	2215	0000	80	920.625	032416427 4.12448729232578	
4.88419482862788	-64.5	920.625	2215	0000	81	920.625	032416427 4.12528021223068	
4.76147636559703	-64.5	920.625	2215	0000	82	920.625	032416660 4.35761669421119	
4.77988413505166	-63.5	920.625	2215	0000	83	920.625	032416664 4.36175988950472	
4.73693267299086	-64	920.625	2215	0000	84	920.625	032416667 4.36453699707639	
4.83510744341554	-64	920.625	2215	0000	85	920.625	032416670 4.36778079464923	
4.70625305723315	-63.5	920.625	2215	0000	86	920.625	032416675 4.37294912210551	
4.82283559711246	-64.5	920.625	2215	0000	87	920.625	032416920 4.61730664742514	
4.84737928971863	-64.5	920.625	2215	0000	88	920.625	032416923 4.62050664561276	
4.85965113602171	-64	920.625	2215	0000	89	920.625	032416924 4.6219195533671	
4.79215598135474	-65	920.625	2215	0000	90	920.625	032416925 4.62280649091786	
4.8719229823248	-64.5	920.625	2215	0000	91	920.625	032416926 4.62364660843614	
4.89033075177942	-64	920.625	2215	0000	92	920.625	032416927 4.6244855932117	
4.85351521287017	-64.5	920.625	2215	0000	93	920.625	032417159 4.85719852335659	
4.7860200582032	-64.5	920.625	2215	0000	94	920.625	032417162 4.86058315860777	
4.67557344147543	-64	920.625	2215	0000	95	920.625	032417164 4.86262020760153	
4.81056375080937	-64	920.625	2215	0000	96	920.625	032417166 4.86396213014534	
4.71852490353623	-62.5	920.625	2215	0000	97	920.625	032417167 4.86529763381373	
4.83510744341554	-64	920.625	2215	0000	98	920.625	032417171 4.86978669321816	
4.80442782765783	-64.5	920.625	2215	0000	99	920.625	032417419 5.11723736132869	
4.90260259808251	-64	920.625	2215	0000	100	920.625	032417422 5.12018438030855	
4.80442782765783	-64	920.625	2215	0000	101	920.625	032417423 5.12175436172024	
4.79829190450629	-65	920.625	2215	0000	102	920.625	032417425 5.12337456139258	
4.83510744341554	-64	920.625	2215	0000	103	920.625	032417427 5.12540254844457	
4.81056375080937	-64.5	920.625	2215	0000	104	920.625	032417659 5.35723118410505	
4.84124336656708	-64.5	920.625	2215	0000	105	920.625	032417664 5.36199172418168	
4.77374821190012	-65	920.625	2215	0000	106	920.625	032417666 5.36406653126615	
4.82283559711246	-64.5	920.625	2215	0000	107	920.625	032417668 5.36615719674873	
4.81669967396091	-64	920.625	2215	0000	108	920.625	032417673 5.37140594893822	
4.80442782765783	-64	920.625	2215	0000	109	920.625	032417919 5.61716505458498	
4.89033075177942	-64	920.625	2215	0000	110	920.625	032417922 5.61990553680866	
4.87805890547634	-64.5	920.625	2215	0000	111	920.625	032417924 5.62201696924113	
4.73693267299086	-64	920.625	2215	0000	112	920.625	032417925 5.62344460265084	
4.828971520264	-65	920.625	2215	0000	113	920.625	032417927 5.62462831879458	
4.63262197941464	-64.5	920.625	2215	0000	114	920.625	032417927 5.62511502058382	
4.77988413505166	-64.5	920.625	2215	0000	115	920.625	032418159 5.85719474754752	
4.73693267299086	-63.5	920.625	2215	0000	116	920.625	032418162 5.86124052696702	
4.92101036753714	-62	920.625	2215	0000	117	920.625	032418163 5.86208630819891	
4.88419482862788	-65	920.625	2215	0000	118	920.625	032418165 5.86298155252962	
4.84124336656708	-63.5	920.625	2215	0000	119	920.625	032418166 5.86388925703027	
4.89646667493097	-64	920.625	2215	0000	120	920.625	032418167 5.86470823001776	
4.73693267299086	-63	920.625	2215	0000	121	920.625	032418419 6.117110116563	
5.05600067687107	-64	920.625	2215	0000	122	920.625	032418422 6.12030973716971	
4.68170936462698	-63.5	920.625	2215	0000	123	920.625	032418423 6.12153007866143	
4.95782590644639	-63	920.625	2215	0000	124	920.625	032418425 6.12346555839119	
4.8719229823248	-64.5	920.625	2215	0000	125	920.625	032418427 6.1250793391881	
4.84737928971863	-63.5	920.625	2215	0000	126	920.625	032418659 6.35664706644178	
4.97009775274948	-62.5	920.625	2215	0000	127	920.625	032418663 6.36059505240634	
4.73079674983932	-64	920.625	2215	0000	128	920.625	032418664 6.36196038496639	
4.57126274789921	-63.5	920.625	2215	0000	129	920.625	032418665 6.36289149948328	
4.84737928971863	-64	920.625	2215	0000	130	920.625	032418666 6.36380713318298	
4.82283559711246	-64	920.625	2215	0000	131	920.625	032418667 6.3650909082671	
4.74920451929395	-63	920.625	2215	0000	132	920.625	032418929 6.62707655339617	
4.84737928971863	-64	920.625	2215	0000	133	920.625	032418932 6.63052499982065	
4.76761228874857	-64.5	920.625	2215	0000	134	920.625	032418934 6.63185144154727	
4.82283559711246	-64	920.625	2215	0000	135	920.625	032418934 6.63268967116101	
4.828971520264	-64	920.625	2215	0000	136	920.625	032418936 6.634685186255	
4.80442782765783	-64	920.625	2215	0000	137	920.625	032419159 6.85703163259565	
4.75534044244549	-64.5	920.625	2215	0000	138	920.625	032419161 6.8598978492614	
4.74920451929395	-64	920.625	2215	0000	139	920.625	032419163 6.86136512866636	
4.90873852123405	-64	920.625	2215	0000	140	920.625	032419164 6.86260359404162	
4.92714629068868	-64	920.625	2215	0000	141	920.625	032419165 6.86349921595325	
4.76761228874857	-64.5	920.625	2215	0000	142	920.625	032419166 6.86439974641666	
4.92714629068868	-64	920.625	2215	0000	143	920.625	032419419 7.11739934353784	
4.81669967396091	-64	920.625	2215	0000	144	920.625	032419422 7.12054534765573	
4.828971520264	-64	920.625	2215	0000	145	920.625	032419424 7.12202093384065	
4.7430685961424	-63.5	920.625	2215	0000	146	920.625	032419425 7.12346820145754	
4.81056375080937	-64	920.625	2215	0000	147	920.625	032419426 7.12473876120991	
4.81056375080937	-64.5	920.625	2215	0000	148	920.625	032419427 7.12564948635781	
4.80442782765783	-64	920.625	2215	0000	149	920.625	032419659 7.35689966806862	
4.7001171340816	-63.5	920.625	2215	0000	150	920.625	032419662 7.35985046285756	
4.85965113602171	-64.5	920.625	2215	0000	151	920.625	032419664 7.36171269189134	
4.76147636559703	-63.5	920.625	2215	0000	152	920.625	032419665 7.36245124014561	
4.73693267299086	-64.5	920.625	2215	0000	153	920.625	032419666 7.36361343417764	
4.8719229823248	-64.5	920.625	2215	0000	154	920.625	032419918 7.61669874216472	
4.828971520264	-63.5	920.625	2215	0000	155	920.625	032419922 7.6201894776508	
4.85351521287017	-64.5	920.625	2215	0000	156	920.625	032419925 7.6232558121973	
4.71852490353623	-64.5	920.625	2215	0000	157	920.625	032419928 7.62587169272164	
4.7860200582032	-64	920.625	2215	0000	158	920.625	032419934 7.6318959960943	
4.77988413505166	-64.5	920.625	2215	0000	159	920.625	032420159 7.85690665331541	
4.84124336656708	-64	920.625	2215	0000	160	920.625	032420162 7.86033244488546	
4.7860200582032	-64.5	920.625	2215	0000	161	920.625	032420164 7.86169853260732	
4.77988413505166	-64	920.625	2215	0000	162	920.625	032420165 7.86304460854111	
4.76761228874857	-64.5	920.625	2215	0000	163	920.625	032420167 7.86461534511461	
4.73079674983932	-64.5	920.625	2215	0000	164	920.625	032420419 8.11692283643308	
4.83510744341554	-63.5	920.625	2215	0000	165	920.625	032420423 8.12069751276129	
5.00691329165873	-64	920.625	2215	0000	166	920.625	032420425 8.1228380189236	
4.84737928971863	-65	920.625	2215	0000	167	920.625	032420427 8.12474253701898	
4.89646667493097	-64	920.625	2215	0000	168	920.625	032420428 8.12656285457207	
4.75534044244549	-64.5	920.625	2215	0000	169	920.625	032420432 8.13058975494622	
4.71852490353623	-64	920.625	2215	0000	170	920.625	032420659 8.35728631091749	
4.8719229823248	-64.5	920.625	2215	0000	171	920.625	032420662 8.36108062145286	
4.86578705917325	-64	920.625	2215	0000	172	920.625	032420663 8.3619343318838	
4.828971520264	-64	920.625	2215	0000	173	920.625	032420664 8.36275481519491	
4.79215598135474	-63.5	920.625	2215	0000	174	920.625	032420665 8.36400762864465	
4.77374821190012	-64.5	920.625	2215	0000	175	920.625	032420667 8.36524986982898	
4.88419482862788	-65	920.625	2215	0000	176	920.625	032420918 8.61636042967197	
4.828971520264	-64.5	920.625	2215	0000	177	920.625	032420922 8.6197533717031	
4.80442782765783	-64	920.625	2215	0000	178	920.625	032420924 8.62167639126293	
4.80442782765783	-64.5	920.625	2215	0000	179	920.625	032420925 8.62326449655816	
4.77374821190012	-64.5	920.625	2215	0000	180	920.625	032420926 8.62441536316298	
4.75534044244549	-63.5	920.625	2215	0000	181	920.625	032420928 8.62570744502705	
4.80442782765783	-64	920.625	2215	0000	182	920.625	032421158 8.85657438211716	
4.82283559711246	-64.5	920.625	2215	0000	183	920.625	032421162 8.86038945960243	
4.71238898038469	-64	920.625	2215	0000	184	920.625	032421164 8.86207422560988	
4.77988413505166	-65	920.625	2215	0000	185	920.625	032421166 8.86390964639926	
4.79829190450629	-63.5	920.625	2215	0000	186	920.625	032421168 8.86587457743977	
4.90873852123405	-64.5	920.625	2215	0000	187	920.625	032421419 9.11667967432892	
4.67557344147543	-64.5	920.625	2215	0000	188	920.625	032421422 9.12013000865793	
4.828971520264	-64	920.625	2215	0000	189	920.625	032421424 9.12217574201256	
4.77374821190012	-63.5	920.625	2215	0000	190	920.625	032421425 9.12311252024306	
4.7430685961424	-64	920.625	2215	0000	191	920.625	032421427 9.12476556945431	
4.81669967396091	-64.5	920.625	2215	0000	192	920.625	032421428 9.1256540173287	
4.86578705917325	-64.5	920.625	2215	0000	193	920.625	032421659 9.35662252368282	
4.85351521287017	-64.5	920.625	2215	0000	194	920.625	032421663 9.36064225001973	
4.83510744341554	-65	920.625	2215	0000	195	920.625	032421664 9.36230134052549	
4.84737928971863	-64.5	920.625	2215	0000	196	920.625	032421666 9.36406539852343	
4.84124336656708	-64.5	920.625	2215	0000	197	920.625	032421667 9.36484925648656	
4.77374821190012	-64.5	920.625	2215	0000	198	920.625	032421919 9.61666287197855	
4.79829190450629	-64	920.625	2215	0000	199	920.625	032421922 9.62023327703602	
4.76761228874857	-64.5	920.625	2215	0000	200	920.625	032421924 9.62146343563133	
4.89646667493097	-64.5	920.625	2215	0000	201	920.625	032421925 9.62303039639576	
4.82283559711246	-64.5	920.625	2215	0000	202	920.625	032421926 9.62391506846108	
4.58967051735384	-63.5	920.625	2215	0000	203	920.625	032421927 9.62508934508214	
4.69398121093006	-63.5	920.625	2215	0000	204	920.625	032422158 9.85650981578205	
4.81669967396091	-65	920.625	2215	0000	205	920.625	032422163 9.86139155932985	
4.93328221384022	-63.5	920.625	2215	0000	206	920.625	032422166 9.86403651358404	
4.88419482862788	-64.5	920.625	2215	0000	207	920.625	032422171 9.86954843966578	
4.7001171340816	-63	920.625	2215	0000	208	920.625	032422175 9.87284547614652	
4.89033075177942	-64	920.625	2215	0000	209	920.625	032422418 10.116216004975	
4.79829190450629	-64.5	920.625	2215	0000	210	920.625	032422421 10.119349548923	
4.7430685961424	-64	920.625	2215	0000	211	920.625	032422423 10.1214315300447	
4.87805890547634	-64	920.625	2215	0000	212	920.625	032422424 10.1229414760921	
4.71852490353623	-64.5	920.625	2215	0000	213	920.625	032422426 10.1242192098817	
4.87805890547634	-64.5	920.625	2215	0000	214	920.625	032422659 10.356564753804	
4.77988413505166	-64	920.625	2215	0000	215	920.625	032422662 10.3603401852941	
4.8719229823248	-64.5	920.625	2215	0000	216	920.625	032422663 10.3619248923611	
4.88419482862788	-64	920.625	2215	0000	217	920.625	032422664 10.3628586499444	
4.76147636559703	-64	920.625	2215	0000	218	920.625	032422667 10.3643380119384	
4.81056375080937	-64.5	920.625	2215	0000	219	920.625	032422668 10.3655715687618	
4.79215598135474	-64	920.625	2215	0000	220	920.625	032422919 10.6165669664281	
4.71238898038469	-64.5	920.625	2215	0000	221	920.625	032422922 10.6197420442759	
4.7860200582032	-63.5	920.625	2215	0000	222	920.625	032422923 10.6208683681217	
4.8719229823248	-64.5	920.625	2215	0000	223	920.625	032422924 10.6217685210043	
4.72466082668778	-64	920.625	2215	0000	224	920.625	032422925 10.6229348684263	
4.77374821190012	-64.5	920.625	2215	0000	225	920.625	032422927 10.6243322953634	
4.83510744341554	-64.5	920.625	2215	0000	226	920.625	032423159 10.8573446471676	
4.81056375080937	-63.5	920.625	2215	0000	227	920.625	032423163 10.8611261199522	
4.73693267299086	-63.5	920.625	2215	0000	228	920.625	032423164 10.8622505558935	
4.80442782765783	-64	920.625	2215	0000	229	920.625	032423165 10.863093694059	
4.90873852123405	-64	920.625	2215	0000	230	920.625	032423166 10.8642328556557	
4.82283559711246	-64.5	920.625	2215	0000	231	920.625	032423428 11.126315161497	
4.81669967396091	-64.5	920.625	2215	0000	232	920.625	032423432 11.1301328820486	
4.69398121093006	-64	920.625	2215	0000	233	920.625	032423433 11.1316911584522	
4.83510744341554	-63.5	920.625	2215	0000	234	920.625	032423434 11.1325845148784	
4.79215598135474	-64	920.625	2215	0000	235	920.625	032423436 11.1346026848268	
4.8719229823248	-63.5	920.625	2215	0000	236	920.625	032423437 11.1355069910993	
5.00077736850719	-64	920.625	2215	0000	237	920.625	032423441 11.1390090540126	
4.79829190450629	-62.5	920.625	2215	0000	238	920.625	032423659 11.3564084353085	
4.79829190450629	-63.5	920.625	2215	0000	239	920.625	032423663 11.360856715975	
4.84124336656708	-64.5	920.625	2215	0000	240	920.625	032423665 11.3625947208903	
4.82283559711246	-64.5	920.625	2215	0000	241	920.625	032423666 11.3644018231117	
4.92101036753714	-64	920.625	2215	0000	242	920.625	032423918 11.6161988250437	
4.80442782765783	-64.5	920.625	2215	0000	243	920.625	032423921 11.619424498733	
4.79829190450629	-64	920.625	2215	0000	244	920.625	032423922 11.620619542304	
4.81669967396091	-64.5	920.625	2215	0000	245	920.625	032423924 11.6219410754788	
4.79215598135474	-64.5	920.625	2215	0000	246	920.625	032423925 11.6235004846251	
4.76147636559703	-64.5	920.625	2215	0000	247	920.625	032423926 11.6246721181798	
4.84124336656708	-64.5	920.625	2215	0000	248	920.625	032424158 11.8563210253285	
4.89033075177942	-64.5	920.625	2215	0000	249	920.625	032424162 11.8606231821839	
4.79215598135474	-64.5	920.625	2215	0000	250	920.625	032424164 11.8624121605217	
4.87805890547634	-63.5	920.625	2215	0000	251	920.625	032424166 11.8635751097156	
4.828971520264	-64	920.625	2215	0000	252	920.625	032424166 11.8644503422582	
4.7860200582032	-64.5	920.625	2215	0000	253	920.625	032424168 11.8657937751257	
4.65716567202081	-65	920.625	2215	0000	254	920.625	032424418 12.1168480754135	
4.73693267299086	-64	920.625	2215	0000	255	920.625	032424422 12.1203252179869	
4.7860200582032	-64	920.625	2215	0000	256	920.625	032424423 12.1219933704344	
4.84124336656708	-64	920.625	2215	0000	257	920.625	032424425 12.123645286903	
4.67557344147543	-64.5	920.625	2215	0000	258	920.625	032424426 12.1248622301665	
4.67557344147543	-64.5	920.625	2215	0000	259	920.625	032424658 12.3563502878488	
4.84124336656708	-64.5	920.625	2215	0000	260	920.625	032424662 12.3594815663113	
4.60807828680847	-64	920.625	2215	0000	261	920.625	032424663 12.3608098959425	
4.73693267299086	-64	920.625	2215	0000	262	920.625	032424665 12.3627147916188	
4.81669967396091	-64	920.625	2215	0000	263	920.625	032424666 12.3642353099316	
4.81056375080937	-64.5	920.625	2215	0000	264	920.625	032424668 12.3661813619268	
4.47922390062607	-63	920.625	2215	0000	265	920.625	032424918 12.6158518281901	
4.67557344147543	-64.5	920.625	2215	0000	266	920.625	032424921 12.6193697495015	
4.72466082668778	-65	920.625	2215	0000	267	920.625	032424923 12.6206505039384	
4.79215598135474	-64	920.625	2215	0000	268	920.625	032424924 12.6218806625337	
4.71238898038469	-65.5	920.625	2215	0000	269	920.625	032424925 12.6228332991623	
4.67557344147543	-64.5	920.625	2215	0000	270	920.625	032425158 12.856164706833	
4.74920451929395	-62.5	920.625	2215	0000	271	920.625	032425162 12.8599756309283	
4.64489382571772	-63.5	920.625	2215	0000	272	920.625	032425163 12.8614700961585	
4.65102974886926	-65	920.625	2215	0000	273	920.625	032425164 12.8628025791797	
4.80442782765783	-64	920.625	2215	0000	274	920.625	032425166 12.8648135750908	
4.66943751832389	-65	920.625	2215	0000	275	920.625	032425172 12.8701352003954	
4.83510744341554	-63	920.625	2215	0000	276	920.625	032425418 13.1159834151362	
4.71238898038469	-64	920.625	2215	0000	277	920.625	032425421 13.1186234608386	
4.63262197941464	-64.5	920.625	2215	0000	278	920.625	032425422 13.1195054898376	
4.7001171340816	-64	920.625	2215	0000	279	920.625	032425423 13.1203731707621	
4.79829190450629	-64	920.625	2215	0000	280	920.625	032425424 13.1217411463885	
4.7430685961424	-64	920.625	2215	0000	281	920.625	032425425 13.1233420894346	
4.74920451929395	-64	920.625	2215	0000	282	920.625	032425668 13.3656954152994	
4.7001171340816	-64.5	920.625	2215	0000	283	920.625	032425671 13.369110634604	
4.7001171340816	-63.5	920.625	2215	0000	284	920.625	032425673 13.3708169227232	
4.87805890547634	-64.5	920.625	2215	0000	285	920.625	032425675 13.3730306795814	
4.7430685961424	-63.5	920.625	2215	0000	286	920.625	032425677 13.3754049083252	
4.76761228874857	-63.5	920.625	2215	0000	287	920.625	032425918 13.6155792147752	
4.80442782765783	-64.5	920.625	2215	0000	288	920.625	032425921 13.6188600152769	
4.74920451929395	-64.5	920.625	2215	0000	289	920.625	032425923 13.620692415419	
4.73079674983932	-63.5	920.625	2215	0000	290	920.625	032425924 13.6219025622263	
4.73693267299086	-64.5	920.625	2215	0000	291	920.625	032425926 13.623419682311	
4.7001171340816	-64.5	920.625	2215	0000	292	920.625	032425927 13.6249247198066	
4.73693267299086	-64.5	920.625	2215	0000	293	920.625	032426158 13.8558792556672	
4.67557344147543	-64	920.625	2215	0000	294	920.625	032426162 13.8599616604347	
4.70625305723315	-64	920.625	2215	0000	295	920.625	032426164 13.8624846560559	
4.32582582183751	-63	920.625	2215	0000	296	920.625	032426167 13.8656846542435	
4.65716567202081	-64.5	920.625	2215	0000	297	920.625	032426173 13.8715503736352	
4.77374821190012	-64	920.625	2215	0000	298	920.625	032426418 14.1161759813989	
4.67557344147543	-64	920.625	2215	0000	299	920.625	032426422 14.1201651236823	
4.77988413505166	-65	920.625	2215	0000	300	920.625	032426424 14.1222977006456	
4.63875790256618	-64	920.625	2215	0000	301	920.625	032426426 14.1242803779887	
4.73693267299086	-65	920.625	2215	0000	302	920.625	032426428 14.1262566364564	
4.76761228874857	-64.5	920.625	2215	0000	303	920.625	032426434 14.1328805383095	
4.60194236365692	-64	920.625	2215	0000	304	920.625	032426658 14.3559636449999	
4.64489382571772	-65.5	920.625	2215	0000	305	920.625	032426661 14.3594709940459	
4.73079674983932	-65	920.625	2215	0000	306	920.625	032426662 14.3602782620253	
4.68784528777852	-64.5	920.625	2215	0000	307	920.625	032426664 14.3626230394583	
4.76761228874857	-64.5	920.625	2215	0000	308	920.625	032426666 14.3639015284098	
4.84124336656708	-63	920.625	2215	0000	309	920.625	032426918 14.6159832263458	
4.63875790256618	-64	920.625	2215	0000	310	920.625	032426921 14.6192504339349	
4.71238898038469	-65	920.625	2215	0000	311	920.625	032426922 14.6203729819716	
4.64489382571772	-64.5	920.625	2215	0000	312	920.625	032426924 14.6220056418139	
4.46081613117144	-64.5	920.625	2215	0000	313	920.625	032426925 14.6237855582099	
4.69398121093006	-64.5	920.625	2215	0000	314	920.625	032426927 14.6253449673562	
4.52217536268687	-63	920.625	2215	0000	315	920.625	032427158 14.855656482932	
4.65716567202081	-63.5	920.625	2215	0000	316	920.625	032427161 14.8591815782806	
4.70625305723315	-65	920.625	2215	0000	317	920.625	032427163 14.8609962321201	
4.67557344147543	-63.5	920.625	2215	0000	318	920.625	032427165 14.8630551808065	
4.66943751832389	-64.5	920.625	2215	0000	319	920.625	032427167 14.8653391677135	
4.71852490353623	-64.5	920.625	2215	0000	320	920.625	032427418 15.1156949433232	
4.64489382571772	-64	920.625	2215	0000	321	920.625	032427421 15.1190304930565	
4.63262197941464	-64.5	920.625	2215	0000	322	920.625	032427423 15.1208474123814	
4.68170936462698	-63	920.625	2215	0000	323	920.625	032427424 15.1216931936133	
4.77988413505166	-64.5	920.625	2215	0000	324	920.625	032427425 15.1225669158323	
4.79829190450629	-64	920.625	2215	0000	325	920.625	032427426 15.1238189741202	
4.70625305723315	-64.5	920.625	2215	0000	326	920.625	032427658 15.3558877512376	
4.68170936462698	-64	920.625	2215	0000	327	920.625	032427661 15.3593044808659	
4.7001171340816	-64.5	920.625	2215	0000	328	920.625	032427662 15.3605376601085	
4.68170936462698	-64	920.625	2215	0000	329	920.625	032427665 15.363201493408	
4.73693267299086	-64	920.625	2215	0000	330	920.625	032427668 15.3665630962239	
4.72466082668778	-64.5	920.625	2215	0000	331	920.625	032427918 15.6157989668631	
4.74920451929395	-64.5	920.625	2215	0000	332	920.625	032427921 15.6193580444934	
4.7001171340816	-64	920.625	2215	0000	333	920.625	032427923 15.6210390346918	
4.57739867105075	-64.5	920.625	2215	0000	334	920.625	032427924 15.6222552227935	
4.68784528777852	-64.5	920.625	2215	0000	335	920.625	032427926 15.6240468441977	
4.7430685961424	-64	920.625	2215	0000	336	920.625	032427927 15.6248586431479	
4.72466082668778	-64.5	920.625	2215	0000	337	920.625	032428158 15.8556561053511	
4.73079674983932	-64.5	920.625	2215	0000	338	920.625	032428161 15.8591302272773	
4.73693267299086	-63.5	920.625	2215	0000	339	920.625	032428164 15.8613624856	
4.63875790256618	-64.5	920.625	2215	0000	340	920.625	032428164 15.8621452108204	
4.80442782765783	-65	920.625	2215	0000	341	920.625	032428165 15.8629675820361	
4.73693267299086	-64.5	920.625	2215	0000	342	920.625	032428418 16.1158063296908	
4.79829190450629	-64.5	920.625	2215	0000	343	920.625	032428421 16.1192593070862	
4.90260259808251	-64.5	920.625	2215	0000	344	920.625	032428423 16.1203550468786	
4.71238898038469	-65	920.625	2215	0000	345	920.625	032428424 16.1219144560249	
4.70625305723315	-64.5	920.625	2215	0000	346	920.625	032428426 16.1234059006079	
4.7430685961424	-64	920.625	2215	0000	347	920.625	032428426 16.1242769797605	
4.79215598135474	-64	920.625	2215	0000	348	920.625	032428658 16.3557099106304	
4.65102974886926	-64.5	920.625	2215	0000	349	920.625	032428661 16.3588627112046	
4.7430685961424	-64.5	920.625	2215	0000	350	920.625	032428663 16.3603900259738	
4.65716567202081	-64.5	920.625	2215	0000	351	920.625	032428665 16.3630927501068	
4.74920451929395	-64.5	920.625	2215	0000	352	920.625	032428672 16.3697287345489	
4.72466082668778	-63.5	920.625	2215	0000	353	920.625	032428917 16.6154406425823	
4.77374821190012	-64.5	920.625	2215	0000	354	920.625	032428921 16.6193674840161	
4.72466082668778	-64.5	920.625	2215	0000	355	920.625	032428923 16.6214083088189	
4.73693267299086	-64.5	920.625	2215	0000	356	920.625	032428924 16.6226909511603	
4.44240836171682	-64	920.625	2215	0000	357	920.625	032428926 16.6242450741739	
4.73079674983932	-64	920.625	2215	0000	358	920.625	032428929 16.627621780226	
4.84737928971863	-64	920.625	2215	0000	359	920.625	032429158 16.8558075152949	
4.71238898038469	-64	920.625	2215	0000	360	920.625	032429161 16.8592903215819	
4.69398121093006	-64.5	920.625	2215	0000	361	920.625	032429163 16.861033235049	
4.71852490353623	-65	920.625	2215	0000	362	920.625	032429164 16.8622996414114	
4.73079674983932	-64	920.625	2215	0000	363	920.625	032429165 16.8635101657996	
4.7430685961424	-65	920.625	2215	0000	364	920.625	032429417 17.1153237812915	
4.85351521287017	-65	920.625	2215	0000	365	920.625	032429420 17.1181571484184	
4.66943751832389	-64.5	920.625	2215	0000	366	920.625	032429422 17.119764132759	
4.83510744341554	-63	920.625	2215	0000	367	920.625	032429423 17.1215478249641	
4.84124336656708	-65	920.625	2215	0000	368	920.625	032429426 17.1237457234243	
4.82283559711246	-64.5	920.625	2215	0000	369	920.625	032429427 17.1253345838813	
4.77374821190012	-65	920.625	2215	0000	370	920.625	032429658 17.3555600110103	
4.77988413505166	-64	920.625	2215	0000	371	920.625	032429661 17.3593524336411	
4.828971520264	-64	920.625	2215	0000	372	920.625	032429663 17.3614993586788	
4.80442782765783	-64.5	920.625	2215	0000	373	920.625	032429666 17.36487984054	
5.08054436947724	-63	920.625	2215	0000	374	920.625	032429672 17.3694466816113	
4.68784528777852	-64.5	920.625	2215	0000	375	920.625	032429673 17.3702985041377	
4.74920451929395	-64.5	920.625	2215	0000	376	920.625	032429917 17.6151910616027	
4.84124336656708	-64	920.625	2215	0000	377	920.625	032429920 17.6186289357618	
4.7860200582032	-65	920.625	2215	0000	378	920.625	032429921 17.6198387049881	
4.73693267299086	-64.5	920.625	2215	0000	379	920.625	032429922 17.6206871292863	
4.80442782765783	-63.5	920.625	2215	0000	380	920.625	032429924 17.6225772993073	
4.828971520264	-63.5	920.625	2215	0000	381	920.625	032430158 17.8555979578914	
4.76147636559703	-64.5	920.625	2215	0000	382	920.625	032430160 17.8582972837962	
4.7860200582032	-64.5	920.625	2215	0000	383	920.625	032430163 17.8603766218516	
4.74920451929395	-65	920.625	2215	0000	384	920.625	032430163 17.8612016361336	
4.74920451929395	-64.5	920.625	2215	0000	385	920.625	032430166 17.8641966078886	
4.71238898038469	-65	920.625	2215	0000	386	920.625	032430417 18.1150874156437	
4.76147636559703	-65	920.625	2215	0000	387	920.625	032430420 18.1184497736214	
4.70625305723315	-64.5	920.625	2215	0000	388	920.625	032430421 18.1199808641996	
4.77988413505166	-65	920.625	2215	0000	389	920.625	032430422 18.121178173256	
4.82283559711246	-64	920.625	2215	0000	390	920.625	032430424 18.1225850397158	
4.79215598135474	-64.5	920.625	2215	0000	391	920.625	032430425 18.1234308209477	
4.71238898038469	-64.5	920.625	2215	0000	392	920.625	032430657 18.355467503688	
4.84737928971863	-64.5	920.625	2215	0000	393	920.625	032430661 18.3585882098851	
4.76761228874857	-64	920.625	2215	0000	394	920.625	032430662 18.3604961262087	
4.79215598135474	-64	920.625	2215	0000	395	920.625	032430663 18.3617191107668	
4.75534044244549	-64.5	920.625	2215	0000	396	920.625	032430665 18.3639966787983	
4.71852490353623	-64.5	920.625	2215	0000	397	920.625	032430918 18.6162694326734	
4.74920451929395	-64	920.625	2215	0000	398	920.625	032430920 18.6180746469902	
4.71238898038469	-64	920.625	2215	0000	399	920.625	032430921 18.6193818320905	
4.63875790256618	-61	920.625	2215	0000	400	920.625	032430923 18.6213818781554	
4.77374821190012	-63	920.625	2215	0000	401	920.625	032430924 18.622496874574	
4.7860200582032	-64	920.625	2215	0000	402	920.625	032430926 18.6237028679913	
4.70625305723315	-64	920.625	2215	0000	403	920.625	032431158 18.8555303709091	
4.76761228874857	-64	920.625	2215	0000	404	920.625	032431161 18.8583852601476	
4.63875790256618	-64.5	920.625	2215	0000	405	920.625	032431163 18.8604853651528	
4.89033075177942	-64.5	920.625	2215	0000	406	920.625	032431164 18.8623290927222	
4.73693267299086	-64	920.625	2215	0000	407	920.625	032431166 18.8635928560182	
4.73079674983932	-64.5	920.625	2215	0000	408	920.625	032431375 19.0728697168407	
4.79215598135474	-65	920.625	2215	0000	409	920.625	032431377 19.0752269544437	
4.81669967396091	-64.5	920.625	2215	0000	410	920.625	032431383 19.0807294410028	
4.69398121093006	-63	920.625	2215	0000	411	920.625	032431384 19.082272991751	
4.76761228874857	-64.5	920.625	2215	0000	412	920.625	032431386 19.0839086722405	
