0.205553425576676	-53	920.625	2215	0000	0	920.625	033422948 0.633011231525903	
6.12978722839102	-51.5	920.625	2216	0000	1	920.625	033422950 0.634697130912636	
3.28885480922681	-52.5	920.625	2215	0000	2	920.625	033422951 0.634998818171315	
3.28271888607527	-52.5	920.625	2215	0000	3	920.625	033422951 0.635236316651551	
6.11137945893639	-51.5	920.625	2216	0000	4	920.625	033422951 0.635439455256268	
6.10524353578485	-51.5	920.625	2216	0000	5	920.625	033422951 0.635665626305015	
3.25203927031756	-52.5	920.625	2215	0000	6	920.625	033422952 0.635938239822869	
6.15433092099719	-51.5	920.625	2216	0000	7	920.625	033422954 0.638601696547172	
3.2152237314083	-52.5	920.625	2215	0000	8	920.625	033422958 0.64249342442602	
3.28885480922681	-52.5	920.625	2215	0000	9	920.625	033423162 0.846477433113405	
6.12978722839102	-52	920.625	2216	0000	10	920.625	033423167 0.852001443869934	
6.10524353578485	-51.5	920.625	2216	0000	11	920.625	033423170 0.854696617402409	
3.23976742401447	-52.5	920.625	2215	0000	12	920.625	033423173 0.858151861587849	
3.31339850183298	-52.5	920.625	2215	0000	13	920.625	033423178 0.863422893041106	
6.11137945893639	-51.5	920.625	2216	0000	14	920.625	033423181 0.866183388095172	
6.10524353578485	-52	920.625	2216	0000	15	920.625	033423185 0.869984874103151	
3.23976742401447	-53	920.625	2215	0000	16	920.625	033423192 0.876777934767588	
3.28885480922681	-52.5	920.625	2215	0000	17	920.625	033423194 0.879037379768754	
6.14819499784565	-51.5	920.625	2216	0000	18	920.625	033423200 0.884966157410519	
6.14205907469411	-51.5	920.625	2216	0000	19	920.625	033423412 1.09642438297593	
3.3011266555299	-52.5	920.625	2215	0000	20	920.625	033423418 1.10267108386151	
6.11137945893639	-51.5	920.625	2216	0000	21	920.625	033423421 1.10543724263132	
3.29499073237836	-52.5	920.625	2215	0000	22	920.625	033423426 1.11095294660475	
6.08683576633022	-51.5	920.625	2216	0000	23	920.625	033423429 1.11404948879302	
3.27658296292373	-52.5	920.625	2215	0000	24	920.625	033423432 1.11668840274909	
6.13592315154256	-51.5	920.625	2216	0000	25	920.625	033423434 1.1189063138348	
3.3011266555299	-53	920.625	2215	0000	26	920.625	033423441 1.12555022998462	
3.25203927031756	-52.5	920.625	2215	0000	27	920.625	033423444 1.12900585175111	
6.10524353578485	-52	920.625	2216	0000	28	920.625	033423450 1.13506829308445	
3.29499073237836	-52.5	920.625	2215	0000	29	920.625	033423454 1.1385197614594	
6.08683576633022	-51.5	920.625	2216	0000	30	920.625	033423460 1.14484084581176	
6.09297168948177	-51.5	920.625	2216	0000	31	920.625	033423672 1.35634324835998	
3.32567034813607	-52.5	920.625	2215	0000	32	920.625	033423677 1.36104715307664	
6.16046684414874	-51.5	920.625	2216	0000	33	920.625	033423679 1.36375063339221	
3.28885480922681	-52.5	920.625	2215	0000	34	920.625	033423685 1.36963976502376	
6.16046684414874	-51.5	920.625	2216	0000	35	920.625	033423689 1.37360663153149	
3.27044703977219	-53	920.625	2215	0000	36	920.625	033423693 1.3769293447685	
6.11137945893639	-51.5	920.625	2216	0000	37	920.625	033423699 1.38300688934383	
3.25203927031756	-52.5	920.625	2215	0000	38	920.625	033423701 1.38539584464503	
3.27658296292373	-53	920.625	2215	0000	39	920.625	033423703 1.38743364957005	
6.16046684414874	-51.5	920.625	2216	0000	40	920.625	033423707 1.39119737747306	
3.26431111662064	-52.5	920.625	2215	0000	41	920.625	033423912 1.59655502601911	
6.11751538208794	-51.5	920.625	2216	0000	42	920.625	033423915 1.59982147967972	
6.15433092099719	-51.5	920.625	2216	0000	43	920.625	033423916 1.60094251781616	
3.30726257868144	-52.5	920.625	2215	0000	44	920.625	033423917 1.60177357370646	
6.11751538208794	-52	920.625	2216	0000	45	920.625	033423919 1.60349572087396	
3.27658296292373	-52.5	920.625	2215	0000	46	920.625	033423920 1.60475570883668	
6.11137945893639	-51.5	920.625	2216	0000	47	920.625	033423925 1.6096767226569	
3.2581751934691	-52.5	920.625	2215	0000	48	920.625	033423926 1.61021175500427	
6.12365130523948	-51.5	920.625	2216	0000	49	920.625	033423927 1.61177191990147	
3.27658296292373	-52.5	920.625	2215	0000	50	920.625	033423928 1.6122389876599	
6.16046684414874	-51.5	920.625	2216	0000	51	920.625	033424162 1.84637661897315	
3.28885480922681	-52.5	920.625	2215	0000	52	920.625	033424165 1.84931080131006	
6.13592315154256	-52	920.625	2216	0000	53	920.625	033424166 1.85118775670792	
3.31339850183298	-52.5	920.625	2215	0000	54	920.625	033424168 1.85280757941096	
3.30726257868144	-52.5	920.625	2215	0000	55	920.625	033424170 1.85430959682651	
6.11751538208794	-51.5	920.625	2216	0000	56	920.625	033424174 1.85914376700531	
3.25203927031756	-52.5	920.625	2215	0000	57	920.625	033424175 1.85963348962672	
6.11137945893639	-51.5	920.625	2216	0000	58	920.625	033424176 1.86098862801395	
3.28271888607527	-53	920.625	2215	0000	59	920.625	033424178 1.86282102884795	
6.07456392002714	-51.5	920.625	2216	0000	60	920.625	033424180 1.86449106983059	
3.28271888607527	-52.5	920.625	2215	0000	61	920.625	033424411 2.09639077826251	
6.14205907469411	-51.5	920.625	2216	0000	62	920.625	033424415 2.09997137935644	
3.3011266555299	-52.5	920.625	2215	0000	63	920.625	033424416 2.10160894836881	
6.12978722839102	-51.5	920.625	2216	0000	64	920.625	033424418 2.10346324890369	
3.27044703977219	-52.5	920.625	2215	0000	65	920.625	033424419 2.10428108945726	
6.11137945893639	-51.5	920.625	2216	0000	66	920.625	033424421 2.10596510093874	
6.14205907469411	-52	920.625	2216	0000	67	920.625	033424425 2.11038808535446	
0.211689348728218	-53	920.625	2215	0000	68	920.625	033424426 2.1109023507441	
3.33180627128761	-53	920.625	2215	0000	69	920.625	033424426 2.11136488752993	
6.16660276730028	-52	920.625	2216	0000	70	920.625	033424427 2.11183082254521	
6.11751538208794	-51.5	920.625	2216	0000	71	920.625	033424672 2.35640479407107	
3.27044703977219	-52.5	920.625	2215	0000	72	920.625	033424675 2.35927705311584	
6.14819499784565	-51.5	920.625	2216	0000	73	920.625	033424677 2.36118836838922	
3.33794219443916	-53	920.625	2215	0000	74	920.625	033424678 2.36200734168593	
6.10524353578485	-51.5	920.625	2216	0000	75	920.625	033424680 2.36401984868062	
3.29499073237836	-52.5	920.625	2215	0000	76	920.625	033424681 2.36539839709293	
3.28885480922681	-52.5	920.625	2215	0000	77	920.625	033424682 2.36622378926749	
6.15433092099719	-51.5	920.625	2216	0000	78	920.625	033424686 2.37056219552808	
3.26431111662064	-52.5	920.625	2215	0000	79	920.625	033424687 2.37156391805283	
6.14205907469411	-51.5	920.625	2216	0000	80	920.625	033424688 2.37279520985577	
6.13592315154256	-51.5	920.625	2216	0000	81	920.625	033424912 2.59626240070562	
3.30726257868144	-52.5	920.625	2215	0000	82	920.625	033424916 2.60092892489837	
6.16046684414874	-52	920.625	2216	0000	83	920.625	033424918 2.60297956757908	
3.28885480922681	-53	920.625	2215	0000	84	920.625	033424919 2.60399186237322	
0.141126232485479	-54	920.625	2215	0000	85	920.625	033424922 2.6073470475805	
6.09910761263331	-52.5	920.625	2216	0000	86	920.625	033424926 2.61110133595727	
6.12978722839102	-52	920.625	2216	0000	87	920.625	033424927 2.61164240960143	
3.30726257868144	-52.5	920.625	2215	0000	88	920.625	033424927 2.61208795524003	
6.14205907469411	-51.5	920.625	2216	0000	89	920.625	033424928 2.612566728011	
3.27658296292373	-52.5	920.625	2215	0000	90	920.625	033424928 2.61300132379916	
3.31339850183298	-52.5	920.625	2215	0000	91	920.625	033425162 2.84621237121654	
6.12365130523948	-51.5	920.625	2216	0000	92	920.625	033425164 2.84877501380059	
3.33180627128761	-52.5	920.625	2215	0000	93	920.625	033425166 2.85038539697739	
6.12978722839102	-51.5	920.625	2216	0000	94	920.625	033425166 2.8507565591492	
6.11137945893639	-52	920.625	2216	0000	95	920.625	033425167 2.85159327875525	
3.33180627128761	-52.5	920.625	2215	0000	96	920.625	033425169 2.85338150260644	
3.27044703977219	-52.5	920.625	2215	0000	97	920.625	033425170 2.85442022807406	
6.17273869045182	-51.5	920.625	2216	0000	98	920.625	033425174 2.85906862837642	
3.28885480922681	-52.5	920.625	2215	0000	99	920.625	033425175 2.85955079937684	
6.11751538208794	-51.5	920.625	2216	0000	100	920.625	033425177 2.86147381966276	
3.31339850183298	-53	920.625	2215	0000	101	920.625	033425412 3.09620538596712	
6.11137945893639	-51.5	920.625	2216	0000	102	920.625	033425414 3.09886544446198	
3.35634996389378	-52.5	920.625	2215	0000	103	920.625	033425415 3.09985206374474	
6.10524353578485	-51.5	920.625	2216	0000	104	920.625	033425416 3.10085944998524	
6.14205907469411	-51.5	920.625	2216	0000	105	920.625	033425417 3.10162216370555	
3.29499073237836	-52.5	920.625	2215	0000	106	920.625	033425417 3.10209262969343	
6.11751538208794	-51.5	920.625	2216	0000	107	920.625	033425418 3.10257366795069	
3.36862181019687	-52.5	920.625	2215	0000	108	920.625	033425418 3.10304073570912	
6.16046684414874	-51.5	920.625	2216	0000	109	920.625	033425419 3.1036754494536	
3.33180627128761	-52.5	920.625	2215	0000	110	920.625	033425421 3.10557279422815	
3.29499073237836	-52.5	920.625	2215	0000	111	920.625	033425662 3.3462036868524	
6.10524353578485	-51.5	920.625	2216	0000	112	920.625	033425665 3.34953206380516	
3.24590334716602	-52.5	920.625	2215	0000	113	920.625	033425666 3.35038955036893	
6.14205907469411	-51.5	920.625	2216	0000	114	920.625	033425666 3.35084868892532	
6.14819499784565	-51.5	920.625	2216	0000	115	920.625	033425667 3.35164878316955	
3.30726257868144	-52.5	920.625	2215	0000	116	920.625	033425669 3.3531462696125	
6.12365130523948	-52	920.625	2216	0000	117	920.625	033425671 3.35534416890258	
3.31339850183298	-52.5	920.625	2215	0000	118	920.625	033425675 3.35968446306842	
6.15433092099719	-51.5	920.625	2216	0000	119	920.625	033425676 3.36018853376972	
3.3440781175907	-53	920.625	2215	0000	120	920.625	033425676 3.3606484274882	
3.3011266555299	-52.5	920.625	2215	0000	121	920.625	033425677 3.36131485804085	
6.14819499784565	-51.5	920.625	2216	0000	122	920.625	033425677 3.36176568981415	
3.33180627128761	-53	920.625	2215	0000	123	920.625	033425911 3.59610683731316	
6.16660276730028	-51.5	920.625	2216	0000	124	920.625	033425914 3.59887941496082	
3.27044703977219	-53	920.625	2215	0000	125	920.625	033425916 3.60003103716228	
6.14205907469411	-51.5	920.625	2216	0000	126	920.625	033425917 3.60172713123736	
3.3011266555299	-52.5	920.625	2215	0000	127	920.625	033425919 3.60348212795618	
6.10524353578485	-51.5	920.625	2216	0000	128	920.625	033425921 3.60585220420489	
3.32567034813607	-52.5	920.625	2215	0000	129	920.625	033425925 3.60919266375124	
6.14819499784565	-52	920.625	2216	0000	130	920.625	033425926 3.61015171961737	
6.15433092099719	-51.5	920.625	2216	0000	131	920.625	033426161 3.84629694937167	
3.31339850183298	-52.5	920.625	2215	0000	132	920.625	033426165 3.85013770380881	
6.14819499784565	-51.5	920.625	2216	0000	133	920.625	033426168 3.85355858811873	
3.2581751934691	-52.5	920.625	2215	0000	134	920.625	033426175 3.85986683471541	
3.3011266555299	-52.5	920.625	2215	0000	135	920.625	033426177 3.86217687557723	
6.13592315154256	-52	920.625	2216	0000	136	920.625	033426180 3.86511370098148	
6.16660276730028	-52	920.625	2216	0000	137	920.625	033426185 3.8703737825843	
3.29499073237836	-52.5	920.625	2215	0000	138	920.625	033426189 3.87449432457924	
6.14205907469411	-51.5	920.625	2216	0000	139	920.625	033426192 3.87696332706297	
3.27044703977219	-52.5	920.625	2215	0000	140	920.625	033426194 3.87906116737488	
3.28885480922681	-52.5	920.625	2215	0000	141	920.625	033426201 3.88512285354613	
6.14205907469411	-52	920.625	2216	0000	142	920.625	033426205 3.8893249530478	
6.12365130523948	-51.5	920.625	2216	0000	143	920.625	033426412 4.09594712052916	
3.32567034813607	-52.5	920.625	2215	0000	144	920.625	033426416 4.1000706831725	
3.33794219443916	-52.5	920.625	2215	0000	145	920.625	033426418 4.10204618722432	
6.06229207372405	-51.5	920.625	2216	0000	146	920.625	033426421 4.10494261145626	
6.14205907469411	-51.5	920.625	2216	0000	147	920.625	033426423 4.10702836917458	
3.31339850183298	-52.5	920.625	2215	0000	148	920.625	033426427 4.11152007334134	
6.15433092099719	-51.5	920.625	2216	0000	149	920.625	033426428 4.11225748913133	
3.35021404074224	-52.5	920.625	2215	0000	150	920.625	033426429 4.11296922940994	
6.18501053675491	-51.5	920.625	2216	0000	151	920.625	033426430 4.11471214353517	
3.33794219443916	-52.5	920.625	2215	0000	152	920.625	033426431 4.11578787194565	
3.27658296292373	-52.5	920.625	2215	0000	153	920.625	033426661 4.34604510281154	
6.16660276730028	-52	920.625	2216	0000	154	920.625	033426663 4.34779330307147	
6.16046684414874	-51.5	920.625	2216	0000	155	920.625	033426665 4.35008710794816	
3.29499073237836	-52.5	920.625	2215	0000	156	920.625	033426667 4.35164274187276	
6.12978722839102	-52	920.625	2216	0000	157	920.625	033426669 4.35384328423018	
3.31339850183298	-52.5	920.625	2215	0000	158	920.625	033426670 4.35469019852456	
6.16660276730028	-51.5	920.625	2216	0000	159	920.625	033426671 4.35611556698703	
3.28271888607527	-52.5	920.625	2215	0000	160	920.625	033426675 4.35953494097275	
3.33180627128761	-52.5	920.625	2215	0000	161	920.625	033426676 4.36058574903396	
6.15433092099719	-52	920.625	2216	0000	162	920.625	033426678 4.36254690500589	
6.15433092099719	-52	920.625	2216	0000	163	920.625	033426912 4.59600942140235	
3.31339850183298	-52.5	920.625	2215	0000	164	920.625	033426915 4.59914296653348	
6.14205907469411	-51.5	920.625	2216	0000	165	920.625	033426915 4.60024286013114	
3.32567034813607	-52.5	920.625	2215	0000	166	920.625	033426916 4.60111129654536	
3.31339850183298	-53	920.625	2215	0000	167	920.625	033426917 4.60246643493259	
6.11751538208794	-51.5	920.625	2216	0000	168	920.625	033426920 4.60471115427282	
3.33180627128761	-52.5	920.625	2215	0000	169	920.625	033426923 4.608453360056	
6.12978722839102	-51.5	920.625	2216	0000	170	920.625	033426926 4.61063275787464	
6.12978722839102	-52	920.625	2216	0000	171	920.625	033426926 4.61099297019602	
3.30726257868144	-52.5	920.625	2215	0000	172	920.625	033426927 4.61184101723355	
6.06229207372405	-52	920.625	2216	0000	173	920.625	033426927 4.61228391980481	
3.33794219443916	-52.5	920.625	2215	0000	174	920.625	033426929 4.61403023215948	
6.11751538208794	-52	920.625	2216	0000	175	920.625	033427161 4.84590275475582	
3.31339850183298	-52.5	920.625	2215	0000	176	920.625	033427164 4.84891547395106	
6.16046684414874	-52	920.625	2216	0000	177	920.625	033427165 4.85020793388405	
3.28885480922681	-52.5	920.625	2215	0000	178	920.625	033427167 4.85166728464098	
6.14205907469411	-52	920.625	2216	0000	179	920.625	033427169 4.85391200398121	
3.28885480922681	-53	920.625	2215	0000	180	920.625	033427173 4.8574869413594	
6.14205907469411	-52	920.625	2216	0000	181	920.625	033427173 4.85796420380617	
3.35634996389378	-53	920.625	2215	0000	182	920.625	033427176 4.86026895853329	
3.32567034813607	-52.5	920.625	2215	0000	183	920.625	033427176 4.86084627995822	
6.17273869045182	-52	920.625	2216	0000	184	920.625	033427177 4.86161465739428	
6.15433092099719	-51.5	920.625	2216	0000	185	920.625	033427411 5.095900300479	
3.33180627128761	-52.5	920.625	2215	0000	186	920.625	033427415 5.09999969793516	
3.36248588704533	-52.5	920.625	2215	0000	187	920.625	033427417 5.10249173286292	
6.14819499784565	-51.5	920.625	2216	0000	188	920.625	033427420 5.10537682966337	
3.31953442498453	-53	920.625	2215	0000	189	920.625	033427426 5.1108438256814	
6.15433092099719	-52	920.625	2216	0000	190	920.625	033427429 5.11388524103641	
6.09297168948177	-51.5	920.625	2216	0000	191	920.625	033427431 5.11640823761024	
3.33794219443916	-52.5	920.625	2215	0000	192	920.625	033427438 5.12270968774802	
6.14205907469411	-51.5	920.625	2216	0000	193	920.625	033427440 5.12555513853826	
3.30726257868144	-53	920.625	2215	0000	194	920.625	033427443 5.12798940356542	
6.12978722839102	-51.5	920.625	2216	0000	195	920.625	033427661 5.34574719136336	
3.25203927031756	-52.5	920.625	2215	0000	196	920.625	033427664 5.34853449467195	
3.29499073237836	-53	920.625	2215	0000	197	920.625	033427665 5.34979259472942	
6.09910761263331	-51.5	920.625	2216	0000	198	920.625	033427666 5.35098801633265	
3.33180627128761	-52.5	920.625	2215	0000	199	920.625	033427669 5.35416687118974	
6.16660276730028	-51.5	920.625	2216	0000	200	920.625	033427673 5.35777767876764	
6.17273869045182	-51.5	920.625	2216	0000	201	920.625	033427674 5.35903766673035	
3.31953442498453	-53	920.625	2215	0000	202	920.625	033427675 5.35985361937867	
6.13592315154256	-52	920.625	2216	0000	203	920.625	033427676 5.36068127703952	
3.28885480922681	-53	920.625	2215	0000	204	920.625	033427677 5.36152101729397	
3.33794219443916	-53	920.625	2215	0000	205	920.625	033427922 5.60603759650028	
6.14205907469411	-52	920.625	2216	0000	206	920.625	033427925 5.60889324197886	
6.13592315154256	-52	920.625	2216	0000	207	920.625	033427926 5.61006110016546	
3.3440781175907	-52.5	920.625	2215	0000	208	920.625	033427927 5.61112399082025	
3.33180627128761	-52.5	920.625	2215	0000	209	920.625	033427928 5.61260335337282	
6.16046684414874	-51.5	920.625	2216	0000	210	920.625	033427929 5.61375006702064	
6.09297168948177	-51.5	920.625	2216	0000	211	920.625	033427931 5.61513843254024	
3.30726257868144	-52.5	920.625	2215	0000	212	920.625	033427936 5.62050536958011	
6.14205907469411	-52	920.625	2216	0000	213	920.625	033427937 5.62164453160693	
3.3011266555299	-53	920.625	2215	0000	214	920.625	033427938 5.62243858455437	
6.12365130523948	-51.5	920.625	2216	0000	215	920.625	033427939 5.62317524518225	
3.32567034813607	-52.5	920.625	2215	0000	216	920.625	033427940 5.62398062556118	
6.17273869045182	-51.5	920.625	2216	0000	217	920.625	033428161 5.84579627689982	
3.29499073237836	-52.5	920.625	2215	0000	218	920.625	033428164 5.84935724377916	
6.05615615057251	-52	920.625	2216	0000	219	920.625	033428166 5.8504790370777	
3.32567034813607	-52.5	920.625	2215	0000	220	920.625	033428168 5.85300090090838	
6.14205907469411	-51.5	920.625	2216	0000	221	920.625	033428170 5.8548144226899	
3.31339850183298	-52.5	920.625	2215	0000	222	920.625	033428173 5.85801744273417	
6.03774838111788	-51.5	920.625	2216	0000	223	920.625	033428175 5.85968408548737	
3.29499073237836	-53	920.625	2215	0000	224	920.625	033428176 5.86081078733956	
3.31339850183298	-52.5	920.625	2215	0000	225	920.625	033428177 5.86184422667248	
6.13592315154256	-51.5	920.625	2216	0000	226	920.625	033428178 5.86267981353537	
6.10524353578485	-52	920.625	2216	0000	227	920.625	033428412 6.09593768100292	
3.31339850183298	-52.5	920.625	2215	0000	228	920.625	033428414 6.09910067745592	
3.32567034813607	-53	920.625	2215	0000	229	920.625	033428416 6.10023946190169	
6.12978722839102	-51.5	920.625	2216	0000	230	920.625	033428418 6.10238752049321	
3.31339850183298	-52.5	920.625	2215	0000	231	920.625	033428419 6.1032389657602	
6.15433092099719	-52	920.625	2216	0000	232	920.625	033428420 6.10471077669177	
3.33180627128761	-52.5	920.625	2215	0000	233	920.625	033428421 6.10555467033776	
6.12978722839102	-51.5	920.625	2216	0000	234	920.625	033428426 6.11046171365915	
3.28885480922681	-52.5	920.625	2215	0000	235	920.625	033428427 6.1115653830673	
6.09297168948177	-51.5	920.625	2216	0000	236	920.625	033428428 6.11232318823397	
6.08683576633022	-51.5	920.625	2216	0000	237	920.625	033428661 6.34560824153709	
3.33794219443916	-52.5	920.625	2215	0000	238	920.625	033428665 6.34940557415352	
3.35021404074224	-52.5	920.625	2215	0000	239	920.625	033428668 6.35218155003062	
6.11751538208794	-52	920.625	2216	0000	240	920.625	033428669 6.35368470018932	
6.12365130523948	-51.5	920.625	2216	0000	241	920.625	033428671 6.35542383850405	
3.32567034813607	-52.5	920.625	2215	0000	242	920.625	033428672 6.35630435751186	
3.32567034813607	-52.5	920.625	2215	0000	243	920.625	033428676 6.361042244523	
6.11137945893639	-51.5	920.625	2216	0000	244	920.625	033428680 6.36417956546462	
6.14819499784565	-51.5	920.625	2216	0000	245	920.625	033428682 6.36667839685128	
3.28885480922681	-52.5	920.625	2215	0000	246	920.625	033428685 6.36978173549843	
6.14205907469411	-51.5	920.625	2216	0000	247	920.625	033428911 6.59568319137544	
3.35634996389378	-53	920.625	2215	0000	248	920.625	033428914 6.59885260670629	
3.29499073237836	-52.5	920.625	2215	0000	249	920.625	033428916 6.60079903701729	
6.11751538208794	-52	920.625	2216	0000	250	920.625	033428917 6.60192611645053	
6.16046684414874	-52	920.625	2216	0000	251	920.625	033428918 6.60274471216619	
3.33794219443916	-52.5	920.625	2215	0000	252	920.625	033428919 6.60386272965423	
3.27044703977219	-52.5	920.625	2215	0000	253	920.625	033428920 6.60514121908838	
6.12978722839102	-52	920.625	2216	0000	254	920.625	033428924 6.60920248085853	
6.11751538208794	-52	920.625	2216	0000	255	920.625	033428926 6.61082230356157	
3.33180627128761	-53	920.625	2215	0000	256	920.625	033428927 6.6117334066344	
3.35021404074224	-53	920.625	2215	0000	257	920.625	033428929 6.61392677495188	
6.11137945893639	-52	920.625	2216	0000	258	920.625	033428930 6.61473404323605	
3.3011266555299	-52.5	920.625	2215	0000	259	920.625	033429161 6.84589709104008	
6.12978722839102	-52	920.625	2216	0000	260	920.625	033429164 6.84875802265335	
6.12365130523948	-52	920.625	2216	0000	261	920.625	033429166 6.85059268897365	
3.32567034813607	-52.5	920.625	2215	0000	262	920.625	033429167 6.85132972718259	
6.09910761263331	-53	920.625	2216	0000	263	920.625	033429168 6.8521449246688	
0.153398078788564	-54	920.625	2215	0000	264	920.625	033429169 6.85324670617171	
6.12978722839102	-52	920.625	2216	0000	265	920.625	033429170 6.85423181513028	
3.31339850183298	-52.5	920.625	2215	0000	266	920.625	033429171 6.85530263498711	
3.25203927031756	-52.5	920.625	2215	0000	267	920.625	033429411 7.09570169284688	
6.12365130523948	-52	920.625	2216	0000	268	920.625	033429415 7.09939443551256	
6.14819499784565	-52	920.625	2216	0000	269	920.625	033429416 7.10089683050915	
3.32567034813607	-52.5	920.625	2215	0000	270	920.625	033429417 7.1019570780966	
6.14819499784565	-52	920.625	2216	0000	271	920.625	033429418 7.1027333847347	
3.35021404074224	-52.5	920.625	2215	0000	272	920.625	033429419 7.10350327249496	
6.11137945893639	-52	920.625	2216	0000	273	920.625	033429419 7.10430487706339	
3.30726257868144	-53	920.625	2215	0000	274	920.625	033429420 7.10504304801547	
6.16046684414874	-52	920.625	2216	0000	275	920.625	033429424 7.10890721247769	
3.30726257868144	-52.5	920.625	2215	0000	276	920.625	033429426 7.11124557191824	
3.33794219443916	-52.5	920.625	2215	0000	277	920.625	033429428 7.11315386654322	
6.08683576633022	-52	920.625	2216	0000	278	920.625	033429429 7.11386447407868	
3.32567034813607	-52.5	920.625	2215	0000	279	920.625	033429661 7.34573397602662	
6.12365130523948	-52	920.625	2216	0000	280	920.625	033429665 7.35010711974379	
3.32567034813607	-52.5	920.625	2215	0000	281	920.625	033429666 7.35154645870509	
6.11751538208794	-51.5	920.625	2216	0000	282	920.625	033429668 7.35267013990888	
6.14205907469411	-51.5	920.625	2216	0000	283	920.625	033429669 7.35390218687392	
3.30726257868144	-52.5	920.625	2215	0000	284	920.625	033429670 7.35474985633041	
6.12365130523948	-51.5	920.625	2216	0000	285	920.625	033429674 7.35895233341313	
3.3011266555299	-52.5	920.625	2215	0000	286	920.625	033429675 7.36032937150124	
6.12978722839102	-52	920.625	2216	0000	287	920.625	033429676 7.36119667517231	
3.33180627128761	-53	920.625	2215	0000	288	920.625	033429677 7.36196014405472	
3.31953442498453	-52.5	920.625	2215	0000	289	920.625	033429911 7.5956205129212	
6.14205907469411	-51.5	920.625	2216	0000	290	920.625	033429915 7.59977126140012	
6.12365130523948	-52	920.625	2216	0000	291	920.625	033429918 7.60248984495767	
3.33180627128761	-52	920.625	2215	0000	292	920.625	033429919 7.6040722871368	
6.13592315154256	-51.5	920.625	2216	0000	293	920.625	033429921 7.60541156711994	
3.33180627128761	-53	920.625	2215	0000	294	920.625	033429925 7.60948868729417	
6.08069984317868	-52	920.625	2216	0000	295	920.625	033429925 7.6102925573489	
3.31953442498453	-52.5	920.625	2215	0000	296	920.625	033429927 7.61183837416621	
6.12978722839102	-51.5	920.625	2216	0000	297	920.625	033429928 7.61257881060459	
3.31953442498453	-53	920.625	2215	0000	298	920.625	033429928 7.61331660397563	
6.14205907469411	-51.5	920.625	2216	0000	299	920.625	033430161 7.84550591707263	
3.33180627128761	-52.5	920.625	2215	0000	300	920.625	033430164 7.84874291941137	
3.30726257868144	-53	920.625	2215	0000	301	920.625	033430166 7.85051641760162	
6.09910761263331	-51.5	920.625	2216	0000	302	920.625	033430167 7.85137843513799	
3.30726257868144	-52.5	920.625	2215	0000	303	920.625	033430168 7.85262029921033	
6.10524353578485	-51.5	920.625	2216	0000	304	920.625	033430169 7.85346003946477	
6.12978722839102	-51.5	920.625	2216	0000	305	920.625	033430170 7.85427485936994	
3.27044703977219	-52.5	920.625	2215	0000	306	920.625	033430171 7.85515877660719	
6.12365130523948	-52	920.625	2216	0000	307	920.625	033430174 7.85856757832352	
3.29499073237836	-52.5	920.625	2215	0000	308	920.625	033430175 7.85990874621192	
6.0684279968756	-52	920.625	2216	0000	309	920.625	033430176 7.86071714723924	
3.32567034813607	-52.5	920.625	2215	0000	310	920.625	033430178 7.8619310703139	
3.33794219443916	-52.5	920.625	2215	0000	311	920.625	033430411 8.09551818845674	
6.14205907469411	-51.5	920.625	2216	0000	312	920.625	033430414 8.09872347398731	
6.11137945893639	-51.5	920.625	2216	0000	313	920.625	033430416 8.09998081888268	
3.31953442498453	-52.5	920.625	2215	0000	314	920.625	033430417 8.10115471836607	
3.33794219443916	-52.5	920.625	2215	0000	315	920.625	033430418 8.10257782134224	
6.11751538208794	-51.5	920.625	2216	0000	316	920.625	033430419 8.10371282997752	
6.10524353578485	-51.5	920.625	2216	0000	317	920.625	033430420 8.10449215726402	
3.31339850183298	-52.5	920.625	2215	0000	318	920.625	033430421 8.10527337245576	
6.12365130523948	-51.5	920.625	2216	0000	319	920.625	033430426 8.10991686420449	
3.29499073237836	-52.5	920.625	2215	0000	320	920.625	033430428 8.11216498177416	
3.32567034813607	-52.5	920.625	2215	0000	321	920.625	033430661 8.3454273802143	
6.12978722839102	-52	920.625	2216	0000	322	920.625	033430664 8.34867646514663	
3.28885480922681	-53	920.625	2215	0000	323	920.625	033430665 8.34979637053992	
6.11751538208794	-52	920.625	2216	0000	324	920.625	033430667 8.35138183336744	
3.36862181019687	-52.5	920.625	2215	0000	325	920.625	033430669 8.35321574452564	
6.09297168948177	-52	920.625	2216	0000	326	920.625	033430670 8.35439644046793	
6.12978722839102	-51.5	920.625	2216	0000	327	920.625	033430675 8.35929328910097	
3.27658296292373	-52.5	920.625	2215	0000	328	920.625	033430676 8.36016134793414	
3.31953442498453	-52.5	920.625	2215	0000	329	920.625	033430677 8.36125746572131	
6.13592315154256	-51.5	920.625	2216	0000	330	920.625	033430679 8.36306419104393	
6.14205907469411	-51.5	920.625	2216	0000	331	920.625	033430910 8.59540982269549	
3.31339850183298	-52.5	920.625	2215	0000	332	920.625	033430915 8.60010504304802	
6.09910761263331	-51.5	920.625	2216	0000	333	920.625	033430917 8.60249097770082	
3.28885480922681	-52.5	920.625	2215	0000	334	920.625	033430918 8.60332392149637	
3.3011266555299	-52.5	920.625	2215	0000	335	920.625	033430919 8.60447478853573	
6.09297168948177	-51.5	920.625	2216	0000	336	920.625	033430923 8.60846279958225	
3.33180627128761	-53	920.625	2215	0000	337	920.625	033430926 8.61067466937115	
6.09297168948177	-51.5	920.625	2216	0000	338	920.625	033430927 8.61225862187448	
3.31953442498453	-52.5	920.625	2215	0000	339	920.625	033430929 8.61411669821986	
6.09910761263331	-51.5	920.625	2216	0000	340	920.625	033430934 8.619288048276	
6.11751538208794	-51.5	920.625	2216	0000	341	920.625	033430935 8.62048195955503	
3.33794219443916	-53	920.625	2215	0000	342	920.625	033430936 8.62128243138031	
3.2581751934691	-52.5	920.625	2215	0000	343	920.625	033431161 8.84540170470292	
6.13592315154256	-52	920.625	2216	0000	344	920.625	033431164 8.84835552125442	
3.3440781175907	-52.5	920.625	2215	0000	345	920.625	033431166 8.84996741475542	
6.09297168948177	-52	920.625	2216	0000	346	920.625	033431167 8.85181756189875	
6.12978722839102	-51.5	920.625	2216	0000	347	920.625	033431169 8.85300618704308	
3.35021404074224	-52.5	920.625	2215	0000	348	920.625	033431170 8.85475703037035	
6.18501053675491	-52	920.625	2216	0000	349	920.625	033431174 8.85800347223533	
3.29499073237836	-53	920.625	2215	0000	350	920.625	033431175 8.85972750730808	
6.14205907469411	-52	920.625	2216	0000	351	920.625	033431176 8.86056838030567	
3.28271888607527	-52.5	920.625	2215	0000	352	920.625	033431177 8.86180571340541	
6.09297168948177	-52	920.625	2216	0000	353	920.625	033431410 9.09527615900391	
3.28271888607527	-53	920.625	2215	0000	354	920.625	033431414 9.09919884852883	
6.13592315154256	-52	920.625	2216	0000	355	920.625	033431416 9.10119360921419	
3.31953442498453	-52.5	920.625	2215	0000	356	920.625	033431418 9.10319856458788	
6.10524353578485	-52	920.625	2216	0000	357	920.625	033431420 9.10542893584823	
3.30726257868144	-52.5	920.625	2215	0000	358	920.625	033431426 9.11098126518348	
3.28885480922681	-53	920.625	2215	0000	359	920.625	033431428 9.11287483414752	
6.12365130523948	-52	920.625	2216	0000	360	920.625	033431430 9.11541746493594	
6.09297168948177	-51.5	920.625	2216	0000	361	920.625	033431434 9.11927143470982	
3.37475773334841	-52.5	920.625	2215	0000	362	920.625	033431436 9.12103209514438	
6.11137945893639	-51.5	920.625	2216	0000	363	920.625	033431660 9.34545607637407	
3.3440781175907	-53	920.625	2215	0000	364	920.625	033431664 9.34860623507139	
3.3440781175907	-53	920.625	2215	0000	365	920.625	033431665 9.35039370376048	
6.15433092099719	-51.5	920.625	2216	0000	366	920.625	033431666 9.35146641152257	
3.29499073237836	-53	920.625	2215	0000	367	920.625	033431667 9.3523159688843	
6.14205907469411	-51.5	920.625	2216	0000	368	920.625	033431669 9.35373907186047	
3.30726257868144	-52.5	920.625	2215	0000	369	920.625	033431670 9.35523882378972	
6.12365130523948	-52	920.625	2216	0000	370	920.625	033431674 9.35887719478425	
6.14205907469411	-52	920.625	2216	0000	371	920.625	033431675 9.36015153082685	
3.31953442498453	-52.5	920.625	2215	0000	372	920.625	033431676 9.36117553063353	
6.14819499784565	-52	920.625	2216	0000	373	920.625	033431911 9.59529617079954	
3.29499073237836	-52.5	920.625	2215	0000	374	920.625	033431915 9.59930872461428	
6.11137945893639	-51.5	920.625	2216	0000	375	920.625	033431917 9.60184493652485	
3.3011266555299	-52.5	920.625	2215	0000	376	920.625	033431919 9.60380722523993	
3.28885480922681	-53	920.625	2215	0000	377	920.625	033431920 9.60486067636849	
6.08069984317868	-52	920.625	2216	0000	378	920.625	033431923 9.60786659910483	
3.27658296292373	-52.5	920.625	2215	0000	379	920.625	033431925 9.609677477819	
6.10524353578485	-51.5	920.625	2216	0000	380	920.625	033431926 9.61052250420814	
6.11137945893639	-52	920.625	2216	0000	381	920.625	033431928 9.61216498177416	
3.26431111662064	-52.5	920.625	2215	0000	382	920.625	033431931 9.61564061533629	
6.12365130523948	-51.5	920.625	2216	0000	383	920.625	033432160 9.8452008315845	
3.3440781175907	-52.5	920.625	2215	0000	384	920.625	033432165 9.84950940894218	
6.12978722839102	-51.5	920.625	2216	0000	385	920.625	033432167 9.85145961506367	
3.28271888607527	-52.5	920.625	2215	0000	386	920.625	033432169 9.8542121809157	
3.35021404074224	-52.5	920.625	2215	0000	387	920.625	033432174 9.85908222129421	
6.14205907469411	-52	920.625	2216	0000	388	920.625	033432176 9.86075452776316	
6.09297168948177	-51.5	920.625	2216	0000	389	920.625	033432177 9.86182723552524	
3.35021404074224	-52.5	920.625	2215	0000	390	920.625	033432178 9.86325600221716	
3.3011266555299	-53	920.625	2215	0000	391	920.625	033432180 9.86478331756303	
6.09910761263331	-51.5	920.625	2216	0000	392	920.625	033432181 9.86568271562332	
3.3440781175907	-53	920.625	2215	0000	393	920.625	033432182 9.86654964171334	
6.05002022742097	-51.5	920.625	2216	0000	394	920.625	033432183 9.86737692179315	
3.30726257868144	-52.5	920.625	2215	0000	395	920.625	033432410 10.0950896339654	
6.14819499784565	-52	920.625	2216	0000	396	920.625	033432414 10.0990447954606	
6.06229207372405	-52.5	920.625	2216	0000	397	920.625	033432416 10.1012887596387	
0.141126232485479	-54	920.625	2215	0000	398	920.625	033432418 10.1033658329929	
3.33180627128761	-52.5	920.625	2215	0000	399	920.625	033432421 10.1057676260498	
6.06229207372405	-51.5	920.625	2216	0000	400	920.625	033432426 10.1112852179285	
6.11751538208794	-52	920.625	2216	0000	401	920.625	033432428 10.1136473649751	
3.33180627128761	-52.5	920.625	2215	0000	402	920.625	033432430 10.1148597777256	
6.15433092099719	-52	920.625	2216	0000	403	920.625	033432660 10.3453741412863	
3.28271888607527	-52.5	920.625	2215	0000	404	920.625	033432664 10.3486001937746	
6.09297168948177	-52	920.625	2216	0000	405	920.625	033432665 10.3498375268743	
3.25203927031756	-52.5	920.625	2215	0000	406	920.625	033432666 10.3513810782053	
6.0684279968756	-52	920.625	2216	0000	407	920.625	033432667 10.3521343523994	
3.32567034813607	-53	920.625	2215	0000	408	920.625	033432668 10.352952570534	
3.33180627128761	-52.5	920.625	2215	0000	409	920.625	033432669 10.353758328494	
6.12365130523948	-51.5	920.625	2216	0000	410	920.625	033432669 10.354480263461	
3.29499073237836	-52.5	920.625	2215	0000	411	920.625	033432670 10.3552127706973	
6.09910761263331	-52	920.625	2216	0000	412	920.625	033432673 10.3583576432599	
3.31339850183298	-53	920.625	2215	0000	413	920.625	033432675 10.3596387757614	
6.08683576633022	-51.5	920.625	2216	0000	414	920.625	033432676 10.3604286753173	
3.36248588704533	-53	920.625	2215	0000	415	920.625	033432911 10.5952806899765	
6.11751538208794	-52	920.625	2216	0000	416	920.625	033432914 10.5984368899706	
3.28885480922681	-53	920.625	2215	0000	417	920.625	033432915 10.5996908366365	
6.09910761263331	-51.5	920.625	2216	0000	418	920.625	033432916 10.600903626968	
3.31339850183298	-53	920.625	2215	0000	419	920.625	033432918 10.602188157699	
6.05615615057251	-52	920.625	2216	0000	420	920.625	033432919 10.6038529125469	
3.28885480922681	-52.5	920.625	2215	0000	421	920.625	033432920 10.6048093253457	
6.09297168948177	-51.5	920.625	2216	0000	422	920.625	033432925 10.6093482271437	
3.33180627128761	-52.5	920.625	2215	0000	423	920.625	033432926 10.6110605572039	
6.05615615057251	-52	920.625	2216	0000	424	920.625	033432929 10.6138395537294	
3.33794219443916	-53	920.625	2215	0000	425	920.625	033433160 10.8451011501874	
6.10524353578485	-51.5	920.625	2216	0000	426	920.625	033433164 10.8488342940254	
6.10524353578485	-52	920.625	2216	0000	427	920.625	033433166 10.8504450547832	
3.31953442498453	-53	920.625	2215	0000	428	920.625	033433167 10.8518798627719	
6.08683576633022	-51.5	920.625	2216	0000	429	920.625	033433168 10.8530046767189	
3.28885480922681	-52.5	920.625	2215	0000	430	920.625	033433169 10.8541902812148	
3.32567034813607	-52.5	920.625	2215	0000	431	920.625	033433170 10.8549405347605	
6.11137945893639	-52	920.625	2216	0000	432	920.625	033433174 10.8591165811697	
6.10524353578485	-51.5	920.625	2216	0000	433	920.625	033433176 10.8609327460186	
3.31339850183298	-52.5	920.625	2215	0000	434	920.625	033433177 10.8619895953766	
3.28271888607527	-52.5	920.625	2215	0000	435	920.625	033433410 11.0952248079812	
6.09297168948177	-51.5	920.625	2216	0000	436	920.625	033433414 11.0986211495229	
6.11751538208794	-51.5	920.625	2216	0000	437	920.625	033433415 11.1001284530731	
3.28271888607527	-52.5	920.625	2215	0000	438	920.625	033433417 11.1014137389661	
6.12365130523948	-52	920.625	2216	0000	439	920.625	033433418 11.103260110299	
0.223961195031304	-53.5	920.625	2215	0000	440	920.625	033433420 11.1044713903063	
6.08069984317868	-51.5	920.625	2216	0000	441	920.625	033433420 11.105313396047	
3.30726257868144	-52.5	920.625	2215	0000	442	920.625	033433424 11.1091382920801	
6.11137945893639	-52	920.625	2216	0000	443	920.625	033433426 11.1108600616665	
3.3011266555299	-52.5	920.625	2215	0000	444	920.625	033433428 11.1129639432752	
6.11137945893639	-51.5	920.625	2216	0000	445	920.625	033433430 11.1152060195481	
3.28885480922681	-52.5	920.625	2215	0000	446	920.625	033433431 11.116353488358	
6.08683576633022	-52	920.625	2216	0000	447	920.625	033433661 11.3451521236291	
3.35021404074224	-52.5	920.625	2215	0000	448	920.625	033433664 11.3480005950677	
6.08683576633022	-52	920.625	2216	0000	449	920.625	033433665 11.3491982821573	
3.27658296292373	-52.5	920.625	2215	0000	450	920.625	033433666 11.3504718630378	
6.09910761263331	-52	920.625	2216	0000	451	920.625	033433667 11.3516306592792	
3.31953442498453	-52.5	920.625	2215	0000	452	920.625	033433669 11.3533433669204	
3.31339850183298	-53	920.625	2215	0000	453	920.625	033433673 11.3578173247778	
6.08683576633022	-51.5	920.625	2216	0000	454	920.625	033433676 11.3599317786559	
6.13592315154256	-51.5	920.625	2216	0000	455	920.625	033433676 11.3607877548955	
3.33180627128761	-53	920.625	2215	0000	456	920.625	033433677 11.3615259258476	
3.33794219443916	-52.5	920.625	2215	0000	457	920.625	033433766 11.4504787350129	
6.04388430426943	-51.5	920.625	2216	0000	458	920.625	033433768 11.4530149469234	
3.28885480922681	-52.5	920.625	2215	0000	459	920.625	033433773 11.4578068280247	
6.07456392002714	-51.5	920.625	2216	0000	460	920.625	033433775 11.459383228907	
