5.45790364329711	-63.5	920.625	2215	0000	0	920.625	075528254 0.750447999915422	
2.46664110692011	-62	920.625	2215	0000	1	920.625	075528256 0.752088589576196	
2.19359252667647	-63.5	920.625	2215	0000	2	920.625	075528257 0.752408023144208	
2.12916533358527	-63	920.625	2215	0000	3	920.625	075528257 0.752629285639309	
5.41495218123631	-64	920.625	2215	0000	4	920.625	075528257 0.752851303296509	
2.08007794837293	-63	920.625	2215	0000	5	920.625	075528257 0.753082760479951	
2.22427214243418	-64	920.625	2215	0000	6	920.625	075528456 0.951056811599894	
2.1905245651007	-63	920.625	2215	0000	7	920.625	075528460 0.955675760580387	
5.39347645020591	-63.5	920.625	2215	0000	8	920.625	075528464 0.959153659628808	
2.40528187540469	-63	920.625	2215	0000	9	920.625	075528467 0.96196210747618	
5.41802014281208	-64	920.625	2215	0000	10	920.625	075528474 0.969027404077422	
5.44256383541826	-64	920.625	2215	0000	11	920.625	075528706 1.20100451662452	
2.29483525867692	-63	920.625	2215	0000	12	920.625	075528711 1.20592628560684	
1.9021361769782	-62	920.625	2215	0000	13	920.625	075528714 1.20904208442863	
2.16598087249453	-62	920.625	2215	0000	14	920.625	075528717 1.21183731693927	
2.23961195031304	-62.5	920.625	2215	0000	15	920.625	075528724 1.21889997047316	
2.20893233455532	-62.5	920.625	2215	0000	16	920.625	075528955 1.45098771426781	
2.25495175819189	-63.5	920.625	2215	0000	17	920.625	075528959 1.45498252177321	
2.22120418085841	-63	920.625	2215	0000	18	920.625	075528962 1.4576595714153	
5.43949587384248	-63.5	920.625	2215	0000	19	920.625	075528965 1.46076442038666	
2.16598087249453	-63	920.625	2215	0000	20	920.625	075528972 1.46790410045468	
2.33165079758617	-64	920.625	2215	0000	21	920.625	075529206 1.70099772016562	
2.34392264388926	-64	920.625	2215	0000	22	920.625	075529210 1.70538596712477	
5.39347645020591	-63.5	920.625	2215	0000	23	920.625	075529214 1.70874945911515	
2.30710710498	-62.5	920.625	2215	0000	24	920.625	075529217 1.71226813691693	
5.45790364329711	-64	920.625	2215	0000	25	920.625	075529225 1.71995342160171	
2.20279641140378	-63.5	920.625	2215	0000	26	920.625	075529228 1.72325725578624	
5.46097160487288	-64	920.625	2215	0000	27	920.625	075529456 1.95090162578848	
2.1475731030399	-63	920.625	2215	0000	28	920.625	075529461 1.95574636823667	
5.48551529747905	-64	920.625	2215	0000	29	920.625	075529464 1.95856199012399	
2.1905245651007	-63	920.625	2215	0000	30	920.625	075529466 1.96108385395467	
2.26722360449498	-63.5	920.625	2215	0000	31	920.625	075529472 1.96734905631168	
2.22734010400995	-63	920.625	2215	0000	32	920.625	075529705 2.20088369068862	
5.41188421966054	-64	920.625	2215	0000	33	920.625	075529709 2.20494608520192	
2.1905245651007	-63	920.625	2215	0000	34	920.625	075529712 2.20755365993087	
2.35312652861657	-63.5	920.625	2215	0000	35	920.625	075529715 2.21020163583214	
2.11689348728218	-62.5	920.625	2215	0000	36	920.625	075529721 2.2160809503564	
5.37506868075129	-64	920.625	2215	0000	37	920.625	075529956 2.45086311252142	
2.20893233455532	-62.5	920.625	2215	0000	38	920.625	075529959 2.45412465762838	
5.46710752802443	-64	920.625	2215	0000	39	920.625	075529961 2.45658044477537	
2.16598087249453	-62	920.625	2215	0000	40	920.625	075529964 2.45917140593814	
5.4272240275394	-63.5	920.625	2215	0000	41	920.625	075529969 2.46465161729291	
2.27642748922229	-63.5	920.625	2215	0000	42	920.625	075529972 2.46767188810914	
5.405748296509	-64	920.625	2215	0000	43	920.625	075530206 2.70081006238394	
2.22120418085841	-63	920.625	2215	0000	44	920.625	075530210 2.70501593769611	
5.37813664232706	-64	920.625	2215	0000	45	920.625	075530213 2.70747323516729	
2.39914595225314	-62.5	920.625	2215	0000	46	920.625	075530215 2.70989164179037	
5.3842725654786	-63.5	920.625	2215	0000	47	920.625	075530221 2.71587365836014	
2.25801971976766	-62.5	920.625	2215	0000	48	920.625	075530223 2.71819049568085	
2.34392264388926	-63.5	920.625	2215	0000	49	920.625	075530455 2.95089671723484	
2.30710710498	-63	920.625	2215	0000	50	920.625	075530460 2.9559959493105	
2.13530125673681	-63	920.625	2215	0000	51	920.625	075530464 2.95905435581275	
2.28869933552538	-62.5	920.625	2215	0000	52	920.625	075530469 2.9647701777425	
5.39961237335746	-63.5	920.625	2215	0000	53	920.625	075530473 2.96808345145327	
2.16598087249453	-63	920.625	2215	0000	54	920.625	075530706 3.20082478804488	
2.12302941043373	-63	920.625	2215	0000	55	920.625	075530710 3.20508163679875	
2.20279641140378	-63	920.625	2215	0000	56	920.625	075530713 3.20787460382308	
5.46097160487288	-64	920.625	2215	0000	57	920.625	075530715 3.21033076855112	
2.31324302813155	-62.5	920.625	2215	0000	58	920.625	075530721 3.2166907437516	
5.4701754896002	-64	920.625	2215	0000	59	920.625	075530956 3.45075172611177	
2.00644687055442	-62.5	920.625	2215	0000	60	920.625	075530961 3.45539332995524	
5.47937937432751	-64	920.625	2215	0000	61	920.625	075530963 3.45830750049652	
2.37460225964697	-63	920.625	2215	0000	62	920.625	075530967 3.46217921657973	
5.45790364329711	-63.5	920.625	2215	0000	63	920.625	075530973 3.46803059010632	
2.31937895128309	-63.5	920.625	2215	0000	64	920.625	075530976 3.47096326211903	
2.31324302813155	-63.5	920.625	2215	0000	65	920.625	075531205 3.70070547243319	
2.23347602716149	-62	920.625	2215	0000	66	920.625	075531209 3.70416789065857	
2.25495175819189	-63	920.625	2215	0000	67	920.625	075531211 3.70690422052546	
2.21506825770687	-63	920.625	2215	0000	68	920.625	075531214 3.70953898108999	
5.42415606596363	-63.5	920.625	2215	0000	69	920.625	075531220 3.71510377059988	
2.18438864194915	-63	920.625	2215	0000	70	920.625	075531223 3.71830376999575	
5.43642791226671	-63.5	920.625	2215	0000	71	920.625	075531456 3.95071019219631	
2.29483525867692	-62.5	920.625	2215	0000	72	920.625	075531459 3.95456189648389	
2.3500585670408	-63.5	920.625	2215	0000	73	920.625	075531462 3.95696973083757	
2.11075756413064	-62.5	920.625	2215	0000	74	920.625	075531464 3.95935453274723	
5.40268033493323	-64	920.625	2215	0000	75	920.625	075531470 3.96558877345817	
2.27642748922229	-63	920.625	2215	0000	76	920.625	075531473 3.96822504434689	
2.3285828360104	-63.5	920.625	2215	0000	77	920.625	075531706 4.20118273487996	
2.3500585670408	-63.5	920.625	2215	0000	78	920.625	075531711 4.20606674575731	
5.45483568172134	-63.5	920.625	2215	0000	79	920.625	075531714 4.20932715812113	
2.11689348728218	-62.5	920.625	2215	0000	80	920.625	075531721 4.21580154037965	
2.20893233455532	-63	920.625	2215	0000	81	920.625	075531955 4.45061881758229	
2.25801971976766	-62	920.625	2215	0000	82	920.625	075531960 4.45542164853397	
5.46403956644865	-64	920.625	2215	0000	83	920.625	075531962 4.45796125867398	
2.04326240946367	-62.5	920.625	2215	0000	84	920.625	075531966 4.46137119313346	
2.27335952764652	-63.5	920.625	2215	0000	85	920.625	075531971 4.46702773483842	
2.36846633649543	-62.5	920.625	2215	0000	86	920.625	075531974 4.47000949238759	
2.36846633649543	-63	920.625	2215	0000	87	920.625	075532205 4.70058993263199	
2.4789129532232	-62	920.625	2215	0000	88	920.625	075532210 4.70512015006581	
2.31017506655578	-64	920.625	2215	0000	89	920.625	075532213 4.70825482794009	
2.57095180049633	-62.5	920.625	2215	0000	90	920.625	075532220 4.71512944611125	
2.32551487443463	-64	920.625	2215	0000	91	920.625	075532223 4.71789711520526	
2.26415564291921	-62.5	920.625	2215	0000	92	920.625	075532225 4.72017128586737	
5.43642791226671	-64	920.625	2215	0000	93	920.625	075532456 4.95050101229479	
2.04939833261522	-63	920.625	2215	0000	94	920.625	075532460 4.95450450416434	
5.43642791226671	-63.5	920.625	2215	0000	95	920.625	075532462 4.95697841520172	
2.21506825770687	-62.5	920.625	2215	0000	96	920.625	075532464 4.95934131741049	
2.42982556801086	-62	920.625	2215	0000	97	920.625	075532470 4.96505185320555	
2.18438864194915	-63	920.625	2215	0000	98	920.625	075532705 5.20050497689582	
5.4701754896002	-63.5	920.625	2215	0000	99	920.625	075532709 5.20459795547413	
2.48504887637474	-62	920.625	2215	0000	100	920.625	075532712 5.207136432871	
5.46403956644865	-64	920.625	2215	0000	101	920.625	075532717 5.21267554686951	
2.21506825770687	-62.5	920.625	2215	0000	102	920.625	075532720 5.21558971741079	
2.28869933552538	-63.5	920.625	2215	0000	103	920.625	075532723 5.2184668850092	
2.01258279370596	-62.5	920.625	2215	0000	104	920.625	075532955 5.45045834563618	
5.51005899008522	-64	920.625	2215	0000	105	920.625	075532960 5.45494665157349	
2.08621387152447	-62.5	920.625	2215	0000	106	920.625	075532963 5.45783627934654	
5.47324345117597	-63.5	920.625	2215	0000	107	920.625	075532968 5.46335273848208	
2.32551487443463	-63	920.625	2215	0000	108	920.625	075532971 5.46656670837679	
2.3930100291016	-62.5	920.625	2215	0000	109	920.625	075533206 5.70042983826693	
2.14143717988836	-63	920.625	2215	0000	110	920.625	075533209 5.70422075200552	
2.30710710498	-63.5	920.625	2215	0000	111	920.625	075533212 5.70665803768108	
2.33778672073772	-63	920.625	2215	0000	112	920.625	075533214 5.70909683368083	
2.30403914340423	-63.5	920.625	2215	0000	113	920.625	075533220 5.71528123369322	
2.53413626158708	-62	920.625	2215	0000	114	920.625	075533223 5.71797527448254	
5.45483568172134	-63.5	920.625	2215	0000	115	920.625	075533455 5.95080307713452	
2.32551487443463	-62	920.625	2215	0000	116	920.625	075533459 5.95453659855356	
5.40268033493323	-64	920.625	2215	0000	117	920.625	075533461 5.95687722348041	
2.40528187540469	-63.5	920.625	2215	0000	118	920.625	075533464 5.95941192506678	
2.33778672073772	-64	920.625	2215	0000	119	920.625	075533470 5.96568581178793	
2.34392264388926	-63	920.625	2215	0000	120	920.625	075533705 6.20050120108532	
2.24574787346458	-64	920.625	2215	0000	121	920.625	075533709 6.20444767821637	
2.51572849213245	-62.5	920.625	2215	0000	122	920.625	075533712 6.20669541820499	
5.4701754896002	-63.5	920.625	2215	0000	123	920.625	075533714 6.20912364193536	
2.38687410595006	-63	920.625	2215	0000	124	920.625	075533719 6.21454759371373	
5.48858325905482	-63.5	920.625	2215	0000	125	920.625	075533722 6.21699847230707	
2.08621387152447	-62.5	920.625	2215	0000	126	920.625	075533956 6.45042436334171	
2.33778672073772	-63	920.625	2215	0000	127	920.625	075533959 6.45419488770362	
2.20893233455532	-63	920.625	2215	0000	128	920.625	075533962 6.45692404353056	
2.09234979467601	-63	920.625	2215	0000	129	920.625	075533966 6.46085730532487	
2.17825271879761	-62.5	920.625	2215	0000	130	920.625	075533972 6.46663240747943	
5.47631141275174	-64	920.625	2215	0000	131	920.625	075534205 6.70024671145785	
2.49732072267782	-62.5	920.625	2215	0000	132	920.625	075534208 6.70362794975756	
2.44823333746548	-63	920.625	2215	0000	133	920.625	075534211 6.7062408106212	
2.19666048825224	-63	920.625	2215	0000	134	920.625	075534213 6.70872453876587	
2.27642748922229	-63	920.625	2215	0000	135	920.625	075534219 6.71468843144525	
2.22120418085841	-63	920.625	2215	0000	136	920.625	075534222 6.71714270826804	
5.4486997585698	-63.5	920.625	2215	0000	137	920.625	075534455 6.95028352561019	
2.34392264388926	-63	920.625	2215	0000	138	920.625	075534459 6.95425114728002	
2.24574787346458	-63	920.625	2215	0000	139	920.625	075534462 6.95678849193374	
2.1475731030399	-63	920.625	2215	0000	140	920.625	075534464 6.95928052686149	
5.40881625808477	-64	920.625	2215	0000	141	920.625	075534470 6.96511717472714	
2.33778672073772	-62.5	920.625	2215	0000	142	920.625	075534472 6.96754577603856	
5.49471918220637	-64	920.625	2215	0000	143	920.625	075534706 7.20033279993717	
2.30710710498	-63	920.625	2215	0000	144	920.625	075534710 7.20472180205842	
5.42108810438786	-63.5	920.625	2215	0000	145	920.625	075534712 7.20723384878181	
2.38073818279852	-63	920.625	2215	0000	146	920.625	075534715 7.20981650316149	
5.37813664232706	-63.5	920.625	2215	0000	147	920.625	075534720 7.21526537528913	
2.28869933552538	-63	920.625	2215	0000	148	920.625	075534965 7.46021843818885	
5.42108810438786	-64	920.625	2215	0000	149	920.625	075534968 7.46396064397203	
2.46664110692011	-62.5	920.625	2215	0000	150	920.625	075534971 7.46634318039539	
5.48244733590328	-63.5	920.625	2215	0000	151	920.625	075534973 7.46898511499986	
2.1905245651007	-63.5	920.625	2215	0000	152	920.625	075534979 7.47418214056738	
5.41802014281208	-64	920.625	2215	0000	153	920.625	075534981 7.47672137312635	
2.26415564291921	-63	920.625	2215	0000	154	920.625	075535205 7.70014514215549	
2.20279641140378	-63	920.625	2215	0000	155	920.625	075535209 7.70452206168315	
2.1475731030399	-63.5	920.625	2215	0000	156	920.625	075535212 7.70696954204705	
2.27029156607075	-64	920.625	2215	0000	157	920.625	075535214 7.70929393098876	
2.12916533358527	-62.5	920.625	2215	0000	158	920.625	075535219 7.71458988279129	
2.21506825770687	-64	920.625	2215	0000	159	920.625	075535455 7.95005886488564	
2.27642748922229	-62.5	920.625	2215	0000	160	920.625	075535459 7.95418129478583	
5.43335995069094	-63.5	920.625	2215	0000	161	920.625	075535462 7.95667144180834	
2.12916533358527	-62.5	920.625	2215	0000	162	920.625	075535465 7.95940059763529	
2.27642748922229	-64	920.625	2215	0000	163	920.625	075535470 7.96507110983908	
2.27029156607075	-64	920.625	2215	0000	164	920.625	075535705 8.20008019821495	
5.40881625808477	-63.5	920.625	2215	0000	165	920.625	075535709 8.20407727120665	
2.12916533358527	-63	920.625	2215	0000	166	920.625	075535711 8.20668899932715	
5.45483568172134	-64	920.625	2215	0000	167	920.625	075535714 8.20939701061531	
2.26415564291921	-63	920.625	2215	0000	168	920.625	075535719 8.21482549336628	
5.39347645020591	-63.5	920.625	2215	0000	169	920.625	075535722 8.2173530209127	
2.04939833261522	-62.5	920.625	2215	0000	170	920.625	075535955 8.45011890027254	
2.28256341237383	-63.5	920.625	2215	0000	171	920.625	075535959 8.45417563107009	
2.1905245651007	-63	920.625	2215	0000	172	920.625	075535961 8.45659856866576	
5.44256383541826	-63.5	920.625	2215	0000	173	920.625	075535964 8.4589946980069	
2.1905245651007	-62.5	920.625	2215	0000	174	920.625	075535969 8.46459460255441	
5.44563179699403	-63.5	920.625	2215	0000	175	920.625	075536205 8.70030297103425	
2.39914595225314	-63	920.625	2215	0000	176	920.625	075536210 8.70511863974161	
2.3285828360104	-63.5	920.625	2215	0000	177	920.625	075536213 8.70809964212868	
2.27029156607075	-62.5	920.625	2215	0000	178	920.625	075536216 8.71118485688545	
2.25495175819189	-63.5	920.625	2215	0000	179	920.625	075536224 8.71836984667944	
2.11689348728218	-63	920.625	2215	0000	180	920.625	075536227 8.72193874276083	
5.43029198911517	-63.5	920.625	2215	0000	181	920.625	075536455 8.95008454039702	
2.27029156607075	-63	920.625	2215	0000	182	920.625	075536459 8.95465251593581	
5.39347645020591	-63.5	920.625	2215	0000	183	920.625	075536462 8.95724083403123	
2.41141779855623	-62.5	920.625	2215	0000	184	920.625	075536464 8.95977289255025	
5.41802014281208	-63.5	920.625	2215	0000	185	920.625	075536469 8.96495896826733	
2.00031094740288	-62.5	920.625	2215	0000	186	920.625	075536473 8.96824014758888	
5.39040848863014	-64	920.625	2215	0000	187	920.625	075536705 9.19991595045835	
2.18438864194915	-62.5	920.625	2215	0000	188	920.625	075536709 9.20401081694191	
2.19666048825224	-63	920.625	2215	0000	189	920.625	075536712 9.2066946630429	
2.16598087249453	-63	920.625	2215	0000	190	920.625	075536714 9.20942872742349	
5.38120460390283	-63.5	920.625	2215	0000	191	920.625	075536719 9.21411639615502	
2.19666048825224	-63	920.625	2215	0000	192	920.625	075536955 9.44992784426141	
5.35052498814512	-63.5	920.625	2215	0000	193	920.625	075536959 9.45420659271616	
2.1046216409791	-62.5	920.625	2215	0000	194	920.625	075536962 9.45665860405265	
5.46710752802443	-63.5	920.625	2215	0000	195	920.625	075536964 9.45910532925445	
2.1905245651007	-62.5	920.625	2215	0000	196	920.625	075536969 9.46413395367383	
5.43029198911517	-63.5	920.625	2215	0000	197	920.625	075537204 9.69984118941051	
2.14143717988836	-62.5	920.625	2215	0000	198	920.625	075537209 9.70439141863997	
5.42415606596363	-63.5	920.625	2215	0000	199	920.625	075537212 9.70719231486635	
2.34392264388926	-62.5	920.625	2215	0000	200	920.625	075537218 9.71350660275982	
2.24881583504035	-63.5	920.625	2215	0000	201	920.625	075537222 9.71734697961591	
2.23347602716149	-62.5	920.625	2215	0000	202	920.625	075537226 9.72131762193414	
1.98803910109979	-63.5	920.625	2215	0000	203	920.625	075537455 9.94987724840075	
2.18438864194915	-63	920.625	2215	0000	204	920.625	075537460 9.9551041028712	
5.40881625808477	-63.5	920.625	2215	0000	205	920.625	075537463 9.95791783685327	
2.16598087249453	-62.5	920.625	2215	0000	206	920.625	075537465 9.96062056200674	
2.26415564291921	-63.5	920.625	2215	0000	207	920.625	075537471 9.96568165839638	
2.04939833261522	-62.5	920.625	2215	0000	208	920.625	075537473 9.9682190030501	
2.22427214243418	-63.5	920.625	2215	0000	209	920.625	075537715 10.2097953586227	
2.22120418085841	-63.5	920.625	2215	0000	210	920.625	075537719 10.2138026263027	
5.39040848863014	-63.5	920.625	2215	0000	211	920.625	075537721 10.2162176346964	
2.14143717988836	-62.5	920.625	2215	0000	212	920.625	075537724 10.2186930560579	
2.19666048825224	-62.5	920.625	2215	0000	213	920.625	075537730 10.224533102153	
2.16598087249453	-62.5	920.625	2215	0000	214	920.625	075537732 10.2272962402745	
2.27335952764652	-63.5	920.625	2215	0000	215	920.625	075537954 10.4498217439865	
1.95122356219054	-61.5	920.625	2215	0000	216	920.625	075537959 10.4544010469567	
5.41188421966054	-64	920.625	2215	0000	217	920.625	075537961 10.456942922583	
2.17825271879761	-63	920.625	2215	0000	218	920.625	075537964 10.4596346978861	
1.96963133164516	-63	920.625	2215	0000	219	920.625	075537969 10.4648815641522	
2.3930100291016	-63	920.625	2215	0000	220	920.625	075538205 10.6997218737988	
2.0187187168575	-63	920.625	2215	0000	221	920.625	075538209 10.7036887403065	
2.21506825770687	-63	920.625	2215	0000	222	920.625	075538211 10.70632312329	
5.3627968344482	-63.5	920.625	2215	0000	223	920.625	075538214 10.708793636098	
2.14143717988836	-63	920.625	2215	0000	224	920.625	075538219 10.7139729153561	
2.28256341237383	-63.5	920.625	2215	0000	225	920.625	075538455 10.9496926112675	
2.55254403104171	-62.5	920.625	2215	0000	226	920.625	075538460 10.9544841147877	
5.41188421966054	-63.5	920.625	2215	0000	227	920.625	075538463 10.9574960788208	
2.18438864194915	-63	920.625	2215	0000	228	920.625	075538468 10.9626519480539	
2.17211679564607	-62.5	920.625	2215	0000	229	920.625	075538471 10.9661536347085	
2.13530125673681	-62.5	920.625	2215	0000	230	920.625	075538475 10.969875828696	
5.40881625808477	-64	920.625	2215	0000	231	920.625	075538704 11.1996746761676	
2.31937895128309	-63	920.625	2215	0000	232	920.625	075538708 11.2035667816275	
5.43335995069094	-63.5	920.625	2215	0000	233	920.625	075538711 11.2060369168544	
2.19666048825224	-62.5	920.625	2215	0000	234	920.625	075538713 11.2085923853985	
5.46710752802443	-64	920.625	2215	0000	235	920.625	075538718 11.2132675939554	
2.37460225964697	-63	920.625	2215	0000	236	920.625	075538722 11.2172065194654	
5.46403956644865	-63.5	920.625	2215	0000	237	920.625	075538955 11.4497515139112	
2.41141779855623	-63	920.625	2215	0000	238	920.625	075538959 11.4537791709679	
0.171805848243192	-67.5	920.625	2216	0000	239	920.625	075538961 11.4562485510327	
5.34745702656935	-63.5	920.625	2215	0000	240	920.625	075538964 11.4587590874319	
0.104310693576224	-67.5	920.625	2216	0000	241	920.625	075538969 11.464310284024	
2.09848571782756	-62.5	920.625	2215	0000	242	920.625	075538972 11.4673313100023	
2.27029156607075	-63	920.625	2215	0000	243	920.625	075539205 11.6996021806061	
2.15984494934298	-62.5	920.625	2215	0000	244	920.625	075539209 11.7035509232234	
2.04326240946367	-63	920.625	2215	0000	245	920.625	075539211 11.7060822265803	
2.15984494934298	-63	920.625	2215	0000	246	920.625	075539214 11.7087351110353	
5.46097160487288	-63.5	920.625	2215	0000	247	920.625	075539218 11.7130625674454	
2.16598087249453	-62.5	920.625	2215	0000	248	920.625	075539222 11.7172065194654	
5.41495218123631	-63.5	920.625	2215	0000	249	920.625	075539454 11.9495842455062	
0.190213617697819	-68	920.625	2216	0000	250	920.625	075539458 11.9539407756572	
2.1475731030399	-63	920.625	2215	0000	251	920.625	075539461 11.9564339433281	
0.110446616727766	-67.5	920.625	2216	0000	252	920.625	075539463 11.9588274296019	
2.30710710498	-64	920.625	2215	0000	253	920.625	075539469 11.9643971276654	
2.12916533358527	-63	920.625	2215	0000	254	920.625	075539472 11.9675589913753	
5.4272240275394	-63.5	920.625	2215	0000	255	920.625	075539705 12.1996138856186	
2.31937895128309	-62.5	920.625	2215	0000	256	920.625	075539709 12.204201495372	
2.34085468231349	-63.5	920.625	2215	0000	257	920.625	075539712 12.2072500847669	
2.15370902619144	-63	920.625	2215	0000	258	920.625	075539718 12.2127046206103	
5.4486997585698	-63.5	920.625	2215	0000	259	920.625	075539720 12.2155723486825	
2.30710710498	-63	920.625	2215	0000	260	920.625	075539954 12.4495162809173	
5.45176772014557	-63.5	920.625	2215	0000	261	920.625	075539959 12.4533415545314	
2.11075756413064	-63	920.625	2215	0000	262	920.625	075539961 12.4557550526008	
2.22427214243418	-63.5	920.625	2215	0000	263	920.625	075539963 12.4582097070047	
2.08007794837293	-62.5	920.625	2215	0000	264	920.625	075539970 12.4646489742256	
2.34392264388926	-64	920.625	2215	0000	265	920.625	075540204 12.699449637862	
2.0187187168575	-62.5	920.625	2215	0000	266	920.625	075540208 12.7039553125276	
5.36893275759974	-64	920.625	2215	0000	267	920.625	075540211 12.7064911468571	
2.18438864194915	-62.5	920.625	2215	0000	268	920.625	075540214 12.709523500267	
5.46710752802443	-64	920.625	2215	0000	269	920.625	075540220 12.7150342956867	
2.23961195031304	-63	920.625	2215	0000	270	920.625	075540222 12.7175958055276	
2.30710710498	-63.5	920.625	2215	0000	271	920.625	075540454 12.9494709711913	
2.47277703007165	-62.5	920.625	2215	0000	272	920.625	075540458 12.9535386518393	
5.46403956644865	-63.5	920.625	2215	0000	273	920.625	075540461 12.9559563033003	
1.79168956025043	-62	920.625	2215	0000	274	920.625	075540463 12.9585487747873	
5.44256383541826	-64	920.625	2215	0000	275	920.625	075540469 12.9636672634964	
2.28256341237383	-62.5	920.625	2215	0000	276	920.625	075540471 12.9662283957563	
5.42415606596363	-63.5	920.625	2215	0000	277	920.625	075540704 13.1994700272387	
2.22734010400995	-62.5	920.625	2215	0000	278	920.625	075540709 13.2033976253173	
5.405748296509	-63.5	920.625	2215	0000	279	920.625	075540711 13.2053365040073	
2.17211679564607	-62.5	920.625	2215	0000	280	920.625	075540713 13.2077401849694	
2.27029156607075	-63.5	920.625	2215	0000	281	920.625	075540719 13.213941198548	
2.05553425576676	-63	920.625	2215	0000	282	920.625	075540954 13.4494120685476	
5.43029198911517	-64	920.625	2215	0000	283	920.625	075540958 13.4538259910181	
2.15370902619144	-62.5	920.625	2215	0000	284	920.625	075540961 13.4566408577433	
5.42415606596363	-64	920.625	2215	0000	285	920.625	075540967 13.4628339421198	
2.15370902619144	-63.5	920.625	2215	0000	286	920.625	075540971 13.4662125373522	
5.46097160487288	-63.5	920.625	2215	0000	287	920.625	075540973 13.4685935634514	
2.18438864194915	-63	920.625	2215	0000	288	920.625	075541204 13.6993155965894	
2.36846633649543	-62.5	920.625	2215	0000	289	920.625	075541209 13.7039711709317	
2.17825271879761	-63.5	920.625	2215	0000	290	920.625	075541212 13.7066274536161	
5.4486997585698	-64	920.625	2215	0000	291	920.625	075541214 13.7092648572479	
2.22734010400995	-63	920.625	2215	0000	292	920.625	075541220 13.7147609270068	
2.28563137394961	-64	920.625	2215	0000	293	920.625	075541454 13.9496608944593	
2.30710710498	-63	920.625	2215	0000	294	920.625	075541458 13.9535907580242	
2.28563137394961	-64	920.625	2215	0000	295	920.625	075541461 13.9561428283388	
2.30710710498	-63	920.625	2215	0000	296	920.625	075541464 13.9588750048142	
5.39961237335746	-64	920.625	2215	0000	297	920.625	075541470 13.9644447028777	
2.11689348728218	-63	920.625	2215	0000	298	920.625	075541472 13.9668933159847	
2.46050518376857	-62.5	920.625	2215	0000	299	920.625	075541704 14.1992827470381	
2.27029156607075	-62.5	920.625	2215	0000	300	920.625	075541708 14.2033942270878	
2.28256341237383	-62	920.625	2215	0000	301	920.625	075541710 14.2057684567281	
2.18438864194915	-63	920.625	2215	0000	302	920.625	075541713 14.2080883146972	
5.43642791226671	-63.5	920.625	2215	0000	303	920.625	075541718 14.2138626616896	
2.15370902619144	-63	920.625	2215	0000	304	920.625	075541721 14.2164018942486	
5.43029198911517	-64	920.625	2215	0000	305	920.625	075541954 14.4493138974747	
2.3930100291016	-63.5	920.625	2215	0000	306	920.625	075541959 14.4538271237613	
5.44563179699403	-64	920.625	2215	0000	307	920.625	075541962 14.4566317957981	
2.36233041334389	-63	920.625	2215	0000	308	920.625	075541965 14.4601516063431	
5.44563179699403	-64	920.625	2215	0000	309	920.625	075541971 14.4658251391953	
2.30710710498	-62.5	920.625	2215	0000	310	920.625	075542203 14.6991524815759	
5.47324345117597	-64	920.625	2215	0000	311	920.625	075542208 14.7033258849178	
2.22734010400995	-63.5	920.625	2215	0000	312	920.625	075542210 14.705988208899	
2.24574787346458	-63	920.625	2215	0000	313	920.625	075542214 14.7086475122317	
2.14143717988836	-63	920.625	2215	0000	314	920.625	075542221 14.7155251510513	
5.45483568172134	-64	920.625	2215	0000	315	920.625	075542454 14.9491549358528	
2.30710710498	-62	920.625	2215	0000	316	920.625	075542456 14.9510296257643	
5.46403956644865	-63.5	920.625	2215	0000	317	920.625	075542459 14.954570203267	
2.15984494934298	-63	920.625	2215	0000	318	920.625	075542462 14.9571392647289	
5.4916512206306	-63.5	920.625	2215	0000	319	920.625	075542467 14.9625711457093	
2.12302941043373	-63	920.625	2215	0000	320	920.625	075542470 14.9657666141326	
5.51619491323677	-63.5	920.625	2215	0000	321	920.625	075542704 15.1992310184343	
2.29483525867692	-63.5	920.625	2215	0000	322	920.625	075542708 15.2033360796062	
5.51005899008522	-63.5	920.625	2215	0000	323	920.625	075542711 15.2059074065544	
2.44209741431394	-63	920.625	2215	0000	324	920.625	075542713 15.2083737659707	
2.28563137394961	-63.5	920.625	2215	0000	325	920.625	075542719 15.214518897554	
2.30710710498	-62.5	920.625	2215	0000	326	920.625	075542722 15.2171766905625	
5.40881625808477	-64	920.625	2215	0000	327	920.625	075542953 15.4491507824612	
1.97576725479671	-63	920.625	2215	0000	328	920.625	075542958 15.4535039143827	
5.38734052705437	-64	920.625	2215	0000	329	920.625	075542960 15.4559102384122	
2.3500585670408	-63	920.625	2215	0000	330	920.625	075542962 15.4582266981519	
1.99417502425133	-63	920.625	2215	0000	331	920.625	075542969 15.4638485024003	
2.31937895128309	-62.5	920.625	2215	0000	332	920.625	075543204 15.6990414727473	
5.38120460390283	-64	920.625	2215	0000	333	920.625	075543208 15.7036596665657	
2.24574787346458	-63	920.625	2215	0000	334	920.625	075543211 15.7066357603991	
5.4701754896002	-63.5	920.625	2215	0000	335	920.625	075543214 15.7091160903144	
2.27642748922229	-63.5	920.625	2215	0000	336	920.625	075543219 15.7142232515921	
2.36539837491966	-63.5	920.625	2215	0000	337	920.625	075543221 15.716876513628	
2.28869933552538	-63.5	920.625	2215	0000	338	920.625	075543454 15.948989177772	
2.25188379661612	-64	920.625	2215	0000	339	920.625	075543459 15.9540170470292	
2.27029156607075	-63	920.625	2215	0000	340	920.625	075543462 15.9567960435547	
2.23961195031304	-63.5	920.625	2215	0000	341	920.625	075543464 15.9595720194318	
2.37460225964697	-62	920.625	2215	0000	342	920.625	075543470 15.9653561835316	
2.23040806558572	-64	920.625	2215	0000	343	920.625	075543703 16.1989920096298	
2.55254403104171	-62	920.625	2215	0000	344	920.625	075543707 16.2024819912718	
2.31017506655578	-63.5	920.625	2215	0000	345	920.625	075543709 16.2049974362247	
2.04939833261522	-63	920.625	2215	0000	346	920.625	075543712 16.2074698369378	
2.22120418085841	-64	920.625	2215	0000	347	920.625	075543717 16.2119562549699	
2.12302941043373	-62.5	920.625	2215	0000	348	920.625	075543720 16.2149855877313	
5.45176772014557	-63.5	920.625	2215	0000	349	920.625	075543954 16.4495091068773	
2.19666048825224	-63.5	920.625	2215	0000	350	920.625	075543958 16.4538667697715	
5.34745702656935	-64	920.625	2215	0000	351	920.625	075543961 16.4562036188878	
2.19666048825224	-63	920.625	2215	0000	352	920.625	075543963 16.4586650697505	
5.4486997585698	-64	920.625	2215	0000	353	920.625	075543968 16.4636053402043	
2.11075756413064	-63	920.625	2215	0000	354	920.625	075543971 16.4661532571274	
5.45790364329711	-64	920.625	2215	0000	355	920.625	075544204 16.6990014491561	
2.22734010400995	-63	920.625	2215	0000	356	920.625	075544208 16.7035384630488	
1.81009732970506	-62.5	920.625	2215	0000	357	920.625	075544211 16.706475288453	
2.40528187540469	-62.5	920.625	2215	0000	358	920.625	075544216 16.7115122196555	
2.07394202522139	-62.5	920.625	2215	0000	359	920.625	075544220 16.7151218944903	
2.18438864194915	-62.5	920.625	2215	0000	360	920.625	075544464 16.9599507332246	
5.45483568172134	-64	920.625	2215	0000	361	920.625	075544469 16.964051641005	
1.92054394643282	-61.5	920.625	2215	0000	362	920.625	075544472 16.9672724073586	
5.4701754896002	-63.5	920.625	2215	0000	363	920.625	075544477 16.9719751793321	
2.18438864194915	-62.5	920.625	2215	0000	364	920.625	075544480 16.9751347775557	
2.25495175819189	-63.5	920.625	2215	0000	365	920.625	075544483 16.9775754614607	
2.28256341237383	-63	920.625	2215	0000	366	920.625	075544703 17.1988428651152	
1.93895171588745	-63	920.625	2215	0000	367	920.625	075544708 17.2029573658134	
2.41141779855623	-63	920.625	2215	0000	368	920.625	075544710 17.2054935777239	
2.35926245176812	-63.5	920.625	2215	0000	369	920.625	075544713 17.2083816951728	
2.12302941043373	-63	920.625	2215	0000	370	920.625	075544718 17.2132513579702	
5.4272240275394	-63.5	920.625	2215	0000	371	920.625	075544954 17.4488944049285	
2.1046216409791	-62.5	920.625	2215	0000	372	920.625	075544958 17.4528812832319	
5.47937937432751	-63.5	920.625	2215	0000	373	920.625	075544960 17.4552475836701	
2.35619449019234	-63.5	920.625	2215	0000	374	920.625	075544963 17.4576085979736	
2.23347602716149	-64	920.625	2215	0000	375	920.625	075544967 17.4625443374548	
2.1905245651007	-63	920.625	2215	0000	376	920.625	075545203 17.6987329890298	
5.43642791226671	-64	920.625	2215	0000	377	920.625	075545207 17.7027259086299	
2.25188379661612	-63	920.625	2215	0000	378	920.625	075545210 17.7056827458298	
5.48551529747905	-64	920.625	2215	0000	379	920.625	075545215 17.7109084675571	
2.25801971976766	-63	920.625	2215	0000	380	920.625	075545218 17.7141964433375	
2.27335952764652	-63.5	920.625	2215	0000	381	920.625	075545223 17.7178589795192	
2.1046216409791	-63	920.625	2215	0000	382	920.625	075545453 17.9487984993419	
2.28869933552538	-63	920.625	2215	0000	383	920.625	075545458 17.9530999026596	
2.29483525867692	-63	920.625	2215	0000	384	920.625	075545460 17.9554386396812	
5.45790364329711	-63.5	920.625	2215	0000	385	920.625	075545462 17.9578174002941	
2.39914595225314	-63	920.625	2215	0000	386	920.625	075545467 17.9626315586772	
2.26415564291921	-64	920.625	2215	0000	387	920.625	075545704 18.1988115258881	
2.13530125673681	-63.5	920.625	2215	0000	388	920.625	075545709 18.2037476429503	
2.08621387152447	-62.5	920.625	2215	0000	389	920.625	075545712 18.2070397721223	
2.37460225964697	-62.5	920.625	2215	0000	390	920.625	075545718 18.2127178359471	
5.46097160487288	-64	920.625	2215	0000	391	920.625	075545721 18.2162584134497	
2.22120418085841	-63	920.625	2215	0000	392	920.625	075545724 18.2192975633185	
2.25188379661612	-63.5	920.625	2215	0000	393	920.625	075545953 18.4487599860748	
2.27642748922229	-62.5	920.625	2215	0000	394	920.625	075545958 18.4536587226131	
5.43335995069094	-63.5	920.625	2215	0000	395	920.625	075545960 18.456235335696	
2.38073818279852	-63	920.625	2215	0000	396	920.625	075545963 18.459010933992	
2.26722360449498	-64	920.625	2215	0000	397	920.625	075545970 18.465526472585	
2.13530125673681	-63	920.625	2215	0000	398	920.625	075545973 18.4680649499818	
2.25188379661612	-62.5	920.625	2215	0000	399	920.625	075546203 18.6986144285802	
2.22734010400995	-62	920.625	2215	0000	400	920.625	075546208 18.7032224277102	
2.28256341237383	-64	920.625	2215	0000	401	920.625	075546210 18.7056468756301	
2.28256341237383	-63	920.625	2215	0000	402	920.625	075546213 18.7084281376419	
5.41495218123631	-63.5	920.625	2215	0000	403	920.625	075546218 18.7132808092921	
2.24574787346458	-62.5	920.625	2215	0000	404	920.625	075546454 18.948685602608	
2.24574787346458	-63	920.625	2215	0000	405	920.625	075546457 18.9523183098868	
2.1905245651007	-62.5	920.625	2215	0000	406	920.625	075546460 18.9550784273598	
2.30710710498	-63.5	920.625	2215	0000	407	920.625	075546463 18.9579216126638	
2.31324302813155	-61.5	920.625	2215	0000	408	920.625	075546469 18.9640070864411	
2.12302941043373	-63	920.625	2215	0000	409	920.625	075546472 18.9673754869852	
2.19666048825224	-62	920.625	2215	0000	410	920.625	075546703 19.198552127707	
2.32244691285886	-63.5	920.625	2215	0000	411	920.625	075546707 19.2025631711975	
2.41755372170777	-63	920.625	2215	0000	412	920.625	075546709 19.2051764096422	
5.40268033493323	-63.5	920.625	2215	0000	413	920.625	075546712 19.2076284209787	
2.41755372170777	-62.5	920.625	2215	0000	414	920.625	075546716 19.2122209392857	
2.36846633649543	-62	920.625	2215	0000	415	920.625	075546896 19.391576846428	
2.16598087249453	-62.5	920.625	2215	0000	416	920.625	075546899 19.394245966868	
5.38120460390283	-64	920.625	2215	0000	417	920.625	075546905 19.4006308624178	
2.24574787346458	-63	920.625	2215	0000	418	920.625	075546908 19.4037704488457	
