0.199407	10.333898
0.157063	7.500000
0.149593	7.000000
0.101946	6.755212
0.126683	6.500000
0.179735	6.558739
0.211800	7.296272
0.316306	7.896676
0.245399	8.267074
0.267650	7.963823
0.166803	7.485801
0.276690	7.847950
0.335735	7.828362
0.407981	7.500000
0.450364	7.500000
0.401840	7.500000
0.305018	7.500000
0.207078	7.500000
0.151248	7.332479
0.111542	7.014883
0.206323	7.500000
0.180648	7.120085
0.146775	7.509916
0.140951	8.099048
0.310861	7.888747
0.330012	7.891782
0.248889	7.281286
0.292508	7.000000
0.292249	7.168542
0.250502	7.500000
0.220795	7.500000
0.209671	7.500000
0.208573	7.748016
0.223750	8.000000
0.201775	7.878196
0.099915	7.500000
0.168322	7.500000
0.276070	7.500000
0.192203	7.500000
0.124471	7.500000
0.342291	7.000000
0.392819	7.308446
0.298146	8.407316
0.396220	8.500000
0.462894	8.178888
0.383238	7.672904
0.294426	7.349197
0.263964	7.000000
0.423656	7.000000
0.388934	7.000000
0.282841	7.000000
0.245526	7.000000
0.306279	7.000000
0.322134	7.000000
0.269879	7.500000
0.239077	7.165144
0.232789	7.367332
0.359449	7.321990
0.569119	6.896000
0.344101	6.806926
0.295756	7.421147
0.245490	7.497855
0.318291	6.506333
0.288681	6.853734
0.291706	7.181479
0.354521	7.138882
0.330401	7.000000
0.291191	7.000000
0.333759	7.000000
0.311611	7.009788
0.298440	7.516444
0.197266	7.493210
0.211105	7.500000
0.135176	7.500000
0.161648	7.500000
0.198183	7.500000
0.239761	7.500000
0.294404	7.754904
0.258499	7.594067
0.236082	7.500000
0.220798	7.500000
0.239678	7.500000
0.231750	7.192357
0.271854	7.000000
0.303024	7.138523
0.300544	7.798109
0.301548	8.000000
0.252937	7.611142
0.227338	7.170862
0.192172	7.000000
0.160853	6.997015
0.434912	6.500000
0.368477	6.773688
0.307795	7.420930
0.285506	7.265101
0.203080	7.000000
0.134990	7.000000
0.218441	7.219360
0.325204	7.500000
0.196350	6.500000
0.197243	6.506066
0.244665	6.994761
0.224802	7.280247
0.198553	7.500000
0.209876	7.678022
0.191850	8.348152
0.220506	8.392395
0.263845	7.320238
0.257526	7.257436
0.308148	7.444936
0.292587	8.000000
0.214757	7.019439
0.233386	7.000000
0.242415	7.492485
0.262889	8.000000
0.379907	7.500000
0.382346	7.236619
0.353828	7.166876
0.318769	7.245936
0.277487	6.685276
0.266262	6.500000
0.318399	7.000000
0.319099	7.002542
0.447851	7.494142
0.384333	7.500000
0.305038	7.500000
0.278670	7.500000
0.257633	7.601236
0.308159	7.677795
0.287618	8.006977
0.160435	8.500000
0.192779	8.161374
0.270457	7.541928
0.316669	7.000000
0.264603	7.244850
0.099424	8.506278
0.053831	9.000000
0.175463	8.631602
0.327336	7.500000
0.325204	7.500000
0.319068	7.500000
0.318764	7.500000
0.375273	8.000000
0.322182	7.646145
0.318796	7.711114
0.326246	8.000000
0.390366	7.500000
0.339735	7.292755
0.287959	7.000000
0.310896	7.025530
0.105618	7.983614
0.146386	8.000000
0.189515	7.500000
0.250132	7.500000
0.333159	7.851780
0.332888	7.873815
0.316086	7.243005
0.329556	7.213666
0.268892	7.852817
0.230761	8.000000
0.233224	7.500000
0.147089	7.514080
0.368275	7.990254
0.372159	8.000000
0.352852	7.708829
0.356585	7.500000
0.385748	7.500000
0.449316	7.806787
0.314311	7.683677
0.230263	7.263488
0.394359	7.635286
0.391497	7.495647
0.096054	6.514540
0.108555	6.500000
0.219213	7.039553
0.318268	7.686961
0.096778	7.877230
0.126561	7.939563
0.249353	7.072697
0.277735	7.000000
0.291899	8.000000
0.295135	7.996172
0.330398	7.505902
0.308448	7.500000
0.235258	7.215915
0.224877	7.000000
0.233400	7.000000
0.222985	6.371218
0.149021	5.000000
0.263800	7.044623
0.220930	7.273415
0.233207	7.500000
0.177739	6.500000
0.242395	7.156510
0.292031	7.500000
0.300153	6.778260
0.281661	6.102379
0.275312	5.500000
0.268059	7.500000
0.217495	7.500000
0.191539	8.000000
0.178070	7.996524
0.268283	7.011528
0.238565	7.004998
0.248124	7.000000
0.347084	7.000000
0.384423	7.087217
0.304303	7.851576
0.273046	8.000000
0.264139	7.500000
0.239301	7.663897
0.269981	7.246499
0.271034	7.505722
0.378594	7.490042
0.346365	7.808405
0.259758	7.407447
0.225385	6.826801
0.245437	6.902748
0.233235	7.248567
0.221038	7.501969
0.427408	8.000000
0.447032	8.000000
0.335837	7.500000
0.314437	7.698113
0.017669	7.838349
0.109748	7.785385
0.348744	7.135882
0.369908	7.000000
0.233185	7.000000
0.226944	7.000000
0.166036	7.492550
0.084794	7.170482
0.062048	6.610960
0.196295	7.011979
0.319068	7.500000
0.328658	7.369761
0.339298	7.141914
0.360366	7.173046
0.265484	7.326721
0.276502	7.501163
0.399423	7.506841
0.326474	7.500000
0.299616	7.500000
0.283528	7.229140
0.248991	7.112797
0.240105	7.000000
0.179227	7.500000
0.211744	7.124259
0.214369	7.588605
0.237723	7.225711
0.195656	7.611298
0.202871	7.500000
0.370612	7.500000
0.366746	7.807420
0.260111	8.296582
0.210580	8.168076
0.240109	7.907894
0.340295	7.500000
0.297060	8.000000
0.278621	7.646783
0.226517	7.955115
0.188601	7.500000
0.136514	8.000000
0.090924	8.000000
0.125603	7.500000
0.135999	7.500000
0.238025	7.876237
0.262077	8.000000
0.376122	7.000000
0.327651	7.000000
0.304856	7.000000
0.300873	6.995676
0.294205	7.006497
0.321635	6.754540
0.176413	7.124957
0.205637	7.000000
0.219312	7.000000
0.259082	7.175990
0.341950	7.447051
0.308036	7.500000
0.273400	7.500000
0.282441	7.500000
0.294120	7.500000
0.196797	6.854307
0.071480	6.000000
0.154039	6.374413
0.210242	6.721831
0.262862	7.000000
0.241756	7.000000
0.223228	7.345110
0.205920	8.389941
0.209150	8.497128
0.311930	7.505444
0.310835	7.500000
0.302768	7.500000
0.304737	7.500000
0.308495	7.500000
0.352331	7.500000
0.309317	7.500000
0.337622	7.500000
0.370011	7.500000
0.384783	7.500000
0.298869	7.500000
0.301172	7.500000
0.342441	7.500000
0.364328	7.500000
0.320466	7.500000
0.342552	7.500000
0.359968	7.832871
0.347163	8.000000
0.325646	7.709135
0.344895	7.495021
0.387536	7.000000
0.311244	7.227316
0.281777	7.390325
0.245437	7.500000
0.208621	7.500000
0.208621	7.640162
0.220893	7.963520
0.223792	8.000000
0.246974	7.500000
0.251416	7.496358
0.238792	6.500000
0.253331	6.728646
0.206060	6.858259
0.250004	7.000000
0.268177	7.330868
0.253555	7.176966
0.187561	7.341636
0.153677	7.564932
0.199079	7.651841
0.227342	7.497164
0.278404	7.007067
0.311993	7.281418
0.240182	7.849661
0.260979	8.000000
0.149172	8.000000
0.124343	8.000000
0.258466	7.500000
0.268982	7.572090
0.186135	7.455492
0.178299	7.502327
0.372261	8.486763
0.414656	8.134528
0.347563	7.721750
0.273829	7.500000
0.259671	7.500000
0.264327	7.500000
0.286426	7.605009
0.332351	8.000000
0.305009	8.000000
0.306556	8.000000
0.257573	8.000000
0.297155	8.000000
0.302619	8.000000
0.325586	8.000000
0.280720	8.000000
0.198718	8.268996
0.127017	8.383251
0.137424	8.500000
0.163526	8.000000
0.189866	8.000000
0.250548	8.493578
0.274925	8.500000
0.177141	7.500000
0.236811	7.792081
0.250276	8.000000
0.187675	8.000000
0.047421	8.000000
0.081835	7.644198
0.167887	7.175910
0.183979	7.000000
0.274629	7.987244
0.271758	8.000000
0.255797	7.807375
0.210952	7.500000
0.305383	7.500000
0.233523	8.121354
0.199467	8.500000
0.213757	8.139492
0.211525	8.078862
0.203338	8.000000
0.188593	7.683952
0.183896	7.501855
0.110892	8.490933
0.193629	8.101276
0.240925	8.000000
0.269925	8.000000
0.272143	8.000000
0.230243	8.000000
0.280497	8.000000
0.275727	8.000000
0.149607	8.000000
0.144351	7.525557
0.228620	7.259241
0.227029	7.000000
0.134990	8.000000
0.149287	8.000000
0.188952	8.000000
0.211568	8.000000
0.176924	8.000000
0.153651	8.000000
0.220498	8.000000
0.191276	8.000000
0.208442	8.000000
0.222967	8.000000
0.393188	7.685839
0.434207	7.360292
0.267318	8.222881
0.242371	7.750201
0.265378	7.624918
0.263121	7.505896
0.384894	8.495465
0.389012	8.500000
0.267248	8.000000
0.236041	8.000000
0.232823	7.500000
0.192466	7.500000
0.211856	7.500000
0.399037	7.155222
0.366632	7.000000
0.316825	6.761425
