5.37813664232706	-63	920.625	2215	0000	0	920.625	071622534 0.667075838664148	
1.68124294352266	-60.5	920.625	2216	0000	1	920.625	071622536 0.668768534509775	
4.92714629068868	-59.5	920.625	2216	0000	2	920.625	071622536 0.66905172029702	
2.14143717988836	-63	920.625	2215	0000	3	920.625	071622536 0.669291484263555	
4.85351521287017	-60.5	920.625	2216	0000	4	920.625	071622537 0.66951878805545	
5.35666091129666	-63	920.625	2215	0000	5	920.625	071622537 0.669748357333643	
4.91487444438559	-60	920.625	2216	0000	6	920.625	071622538 0.671327023702273	
2.15370902619144	-63	920.625	2215	0000	7	920.625	071622541 0.673985194291881	
4.93328221384022	-59	920.625	2216	0000	8	920.625	071622543 0.676345831014356	
2.19666048825224	-62.5	920.625	2215	0000	9	920.625	071622550 0.68286439025569	
2.19666048825224	-63	920.625	2215	0000	10	920.625	071622745 0.878685096649421	
4.89033075177942	-60	920.625	2216	0000	11	920.625	071622751 0.883966322791019	
2.11689348728218	-63	920.625	2215	0000	12	920.625	071622754 0.887748174584415	
4.92101036753714	-60	920.625	2216	0000	13	920.625	071622760 0.892995418431543	
4.90873852123405	-59.5	920.625	2216	0000	14	920.625	071622763 0.896759901496656	
2.1905245651007	-63	920.625	2215	0000	15	920.625	071622766 0.899612148745789	
4.89033075177942	-60	920.625	2216	0000	16	920.625	071622772 0.905563958831583	
2.23347602716149	-62.5	920.625	2215	0000	17	920.625	071622776 0.909433409428501	
4.90260259808251	-60	920.625	2216	0000	18	920.625	071622783 0.916766410993952	
2.30097118182846	-63	920.625	2215	0000	19	920.625	071622787 0.920784628524436	
2.19666048825224	-63	920.625	2215	0000	20	920.625	071622996 1.12880686653794	
4.90260259808251	-60	920.625	2216	0000	21	920.625	071623005 1.13848464642178	
4.93941813699176	-60	920.625	2216	0000	22	920.625	071623008 1.14126099987993	
2.07394202522139	-62.5	920.625	2215	0000	23	920.625	071623011 1.14392709967158	
4.828971520264	-59.5	920.625	2216	0000	24	920.625	071623017 1.15058800696864	
2.22734010400995	-63	920.625	2215	0000	25	920.625	071623021 1.15371475564087	
1.75487402134117	-61	920.625	2216	0000	26	920.625	071623027 1.15969035333279	
2.23347602716149	-63.5	920.625	2215	0000	27	920.625	071623032 1.1655198271585	
4.8719229823248	-59.5	920.625	2216	0000	28	920.625	071623039 1.17227512971797	
2.15984494934298	-63	920.625	2215	0000	29	920.625	071623042 1.17558689310454	
4.828971520264	-60	920.625	2216	0000	30	920.625	071623245 1.37878666595178	
2.18438864194915	-63	920.625	2215	0000	31	920.625	071623251 1.38426914279285	
4.82283559711246	-60	920.625	2216	0000	32	920.625	071623255 1.38843574967585	
2.25188379661612	-62	920.625	2215	0000	33	920.625	071623260 1.39399978402364	
2.31937895128309	-62	920.625	2215	0000	34	920.625	071623266 1.39839331711749	
4.8719229823248	-60	920.625	2216	0000	35	920.625	071623271 1.40406080867289	
4.83510744341554	-60	920.625	2216	0000	36	920.625	071623275 1.40821910877279	
2.18438864194915	-63	920.625	2215	0000	37	920.625	071623279 1.41227432924614	
2.32551487443463	-63	920.625	2215	0000	38	920.625	071623287 1.41939135445119	
4.86578705917325	-59.5	920.625	2216	0000	39	920.625	071623290 1.42235234504263	
4.90873852123405	-60.5	920.625	2216	0000	40	920.625	071623506 1.63982317124282	
2.25188379661612	-63	920.625	2215	0000	41	920.625	071623510 1.64338942425686	
2.17825271879761	-62.5	920.625	2215	0000	42	920.625	071623513 1.64691414335544	
5.25235021772044	-59.5	920.625	2216	0000	43	920.625	071623515 1.64889078015041	
4.81669967396091	-59.5	920.625	2216	0000	44	920.625	071623517 1.65053778868903	
1.85304879176585	-61.5	920.625	2215	0000	45	920.625	071623521 1.65438307409877	
4.93328221384022	-59.5	920.625	2216	0000	46	920.625	071623521 1.65494340437647	
2.1905245651007	-62.5	920.625	2215	0000	47	920.625	071623525 1.65856856003425	
2.23961195031304	-63	920.625	2215	0000	48	920.625	071623526 1.65925235931519	
4.8719229823248	-60	920.625	2216	0000	49	920.625	071623532 1.66599859992947	
2.12916533358527	-62.5	920.625	2215	0000	50	920.625	071623536 1.6697959325459	
4.85351521287017	-60	920.625	2216	0000	51	920.625	071623539 1.67264969011923	
2.28869933552538	-62.5	920.625	2215	0000	52	920.625	071623745 1.87858126186076	
4.89646667493097	-60	920.625	2216	0000	53	920.625	071623749 1.88237746173405	
4.84124336656708	-60	920.625	2216	0000	54	920.625	071623751 1.88449833448999	
2.07394202522139	-63	920.625	2215	0000	55	920.625	071623753 1.88593427522185	
2.15984494934298	-63	920.625	2215	0000	56	920.625	071623754 1.8876028058803	
4.97009775274948	-60	920.625	2216	0000	57	920.625	071623755 1.88839119511199	
2.17211679564607	-62	920.625	2215	0000	58	920.625	071623756 1.88922904746118	
4.87805890547634	-60	920.625	2216	0000	59	920.625	071623762 1.89548103448146	
2.14143717988836	-62.5	920.625	2215	0000	60	920.625	071623996 2.12883254204931	
4.87805890547634	-59.5	920.625	2216	0000	61	920.625	071623998 2.13188717274106	
4.92101036753714	-60	920.625	2216	0000	62	920.625	071624000 2.13422666492476	
2.33165079758617	-63	920.625	2215	0000	63	920.625	071624002 2.1356214493222	
4.90260259808251	-60	920.625	2216	0000	64	920.625	071624004 2.13766227489562	
2.20279641140378	-63	920.625	2215	0000	65	920.625	071624005 2.13856318328011	
4.90260259808251	-60	920.625	2216	0000	66	920.625	071624010 2.14350911744961	
2.32551487443463	-62.5	920.625	2215	0000	67	920.625	071624012 2.14583124090502	
4.92101036753714	-60	920.625	2216	0000	68	920.625	071624015 2.1475677361524	
2.22120418085841	-62.5	920.625	2215	0000	69	920.625	071624019 2.15131824871868	
4.81669967396091	-60	920.625	2216	0000	70	920.625	071624021 2.15373174678811	
2.20279641140378	-63	920.625	2215	0000	71	920.625	071624023 2.15601082600386	
5.00077736850719	-59.5	920.625	2216	0000	72	920.625	071624246 2.37851669550127	
2.15370902619144	-62.5	920.625	2215	0000	73	920.625	071624248 2.38119261240021	
4.8719229823248	-60	920.625	2216	0000	74	920.625	071624251 2.38372429333819	
2.35619449019234	-62.5	920.625	2215	0000	75	920.625	071624253 2.38566317202819	
4.77988413505166	-59.5	920.625	2216	0000	76	920.625	071624254 2.38647006273132	
2.25188379661612	-62.5	920.625	2215	0000	77	920.625	071624254 2.38680686502761	
2.14143717988836	-62	920.625	2215	0000	78	920.625	071624255 2.3878773073034	
4.89033075177942	-59.5	920.625	2216	0000	79	920.625	071624260 2.39311926501583	
4.93328221384022	-59.5	920.625	2216	0000	80	920.625	071624496 2.62861732085101	
2.25801971976766	-62.5	920.625	2215	0000	81	920.625	071624500 2.63263214015204	
2.20279641140378	-62.5	920.625	2215	0000	82	920.625	071624502 2.63508528423169	
4.85965113602171	-60	920.625	2216	0000	83	920.625	071624504 2.63643777955157	
4.92714629068868	-60	920.625	2216	0000	84	920.625	071624505 2.63824299455	
2.18438864194915	-62.5	920.625	2215	0000	85	920.625	071624509 2.64217323569591	
2.34392264388926	-62	920.625	2215	0000	86	920.625	071624512 2.64537361267283	
4.86578705917325	-60	920.625	2216	0000	87	920.625	071624513 2.64625111103224	
4.90260259808251	-60	920.625	2216	0000	88	920.625	071624514 2.64713502826949	
2.27642748922229	-62.5	920.625	2215	0000	89	920.625	071624516 2.64863893359029	
1.8162332528566	-61.5	920.625	2215	0000	90	920.625	071624520 2.65293051980073	
4.89033075177942	-59.5	920.625	2216	0000	91	920.625	071624523 2.65642050144274	
2.27642748922229	-62.5	920.625	2215	0000	92	920.625	071624745 2.87836755098666	
4.95168998329485	-60	920.625	2216	0000	93	920.625	071624750 2.88353474765126	
2.18438864194915	-62.5	920.625	2215	0000	94	920.625	071624754 2.88759412151615	
4.93328221384022	-60	920.625	2216	0000	95	920.625	071624760 2.89348174282351	
4.89646667493097	-60	920.625	2216	0000	96	920.625	071624764 2.8972628394548	
2.23961195031304	-60.5	920.625	2215	0000	97	920.625	071624767 2.90015246722785	
2.15984494934298	-62.5	920.625	2215	0000	98	920.625	071624773 2.90613901477022	
4.70625305723315	-59.5	920.625	2216	0000	99	920.625	071624776 2.90897238296687	
4.90260259808251	-60	920.625	2216	0000	100	920.625	071624996 3.12900245352166	
2.23961195031304	-62.5	920.625	2215	0000	101	920.625	071624999 3.13195287184371	
4.89646667493097	-60	920.625	2216	0000	102	920.625	071624999 3.13268235843165	
2.36233041334389	-63	920.625	2215	0000	103	920.625	071625001 3.13439091268136	
4.84737928971863	-60	920.625	2216	0000	104	920.625	071625003 3.13724429267364	
2.31324302813155	-63	920.625	2215	0000	105	920.625	071625007 3.14124438631374	
2.23961195031304	-63	920.625	2215	0000	106	920.625	071625010 3.14411966600691	
4.92714629068868	-60	920.625	2216	0000	107	920.625	071625012 3.14466224997527	
4.90873852123405	-60	920.625	2216	0000	108	920.625	071625012 3.14515386050193	
2.16598087249453	-62.5	920.625	2215	0000	109	920.625	071625013 3.14565944152742	
2.20279641140378	-62.5	920.625	2215	0000	110	920.625	071625013 3.14614236768994	
4.88419482862788	-60	920.625	2216	0000	111	920.625	071625014 3.14663057998715	
4.88419482862788	-59.5	920.625	2216	0000	112	920.625	071625246 3.3783717043782	
2.25801971976766	-62.5	920.625	2215	0000	113	920.625	071625249 3.38173595153068	
4.93328221384022	-60	920.625	2216	0000	114	920.625	071625251 3.38374770336327	
2.38687410595006	-63	920.625	2215	0000	115	920.625	071625253 3.38617630467468	
2.20893233455532	-63	920.625	2215	0000	116	920.625	071625256 3.38856752546218	
4.92714629068868	-59.5	920.625	2216	0000	117	920.625	071625261 3.39390501118017	
4.93328221384022	-60	920.625	2216	0000	118	920.625	071625263 3.39549009642665	
2.12302941043373	-62.5	920.625	2215	0000	119	920.625	071625264 3.39662283957563	
4.83510744341554	-59.5	920.625	2216	0000	120	920.625	071625265 3.39747579516681	
2.25188379661612	-63	920.625	2215	0000	121	920.625	071625266 3.39885811938962	
4.92101036753714	-60	920.625	2216	0000	122	920.625	071625495 3.62838435334337	
2.17825271879761	-62	920.625	2215	0000	123	920.625	071625497 3.63039383968966	
2.1905245651007	-63	920.625	2215	0000	124	920.625	071625499 3.63240181571175	
4.89033075177942	-60	920.625	2216	0000	125	920.625	071625501 3.63420363248073	
2.17211679564607	-63	920.625	2215	0000	126	920.625	071625503 3.63621462915122	
4.87805890547634	-60	920.625	2216	0000	127	920.625	071625503 3.63650196833001	
4.86578705917325	-59.5	920.625	2216	0000	128	920.625	071625508 3.64176544816228	
2.15370902619144	-62.5	920.625	2215	0000	129	920.625	071625511 3.64425257453639	
2.25801971976766	-62	920.625	2215	0000	130	920.625	071625512 3.64580216716419	
4.87805890547634	-60	920.625	2216	0000	131	920.625	071625513 3.6462971759203	
4.89033075177942	-59.5	920.625	2216	0000	132	920.625	071625745 3.87886218216171	
2.30710710498	-62.5	920.625	2215	0000	133	920.625	071625749 3.88227287178329	
4.8719229823248	-59.5	920.625	2216	0000	134	920.625	071625751 3.88437864129725	
2.21506825770687	-63	920.625	2215	0000	135	920.625	071625753 3.88678496532673	
4.81669967396091	-59.5	920.625	2216	0000	136	920.625	071625757 3.89050413866589	
2.18438864194915	-62.5	920.625	2215	0000	137	920.625	071625757 3.89099990258409	
4.8719229823248	-59.5	920.625	2216	0000	138	920.625	071625760 3.89390085778863	
2.22734010400995	-62.5	920.625	2215	0000	139	920.625	071625761 3.89484443283173	
4.99464144535565	-59	920.625	2216	0000	140	920.625	071625762 3.89574647395937	
2.23961195031304	-63	920.625	2215	0000	141	920.625	071625763 3.89658130566017	
2.1905245651007	-62.5	920.625	2215	0000	142	920.625	071625995 4.128176306185	
4.94555406014331	-59.5	920.625	2216	0000	143	920.625	071625999 4.13263553838149	
4.85351521287017	-60	920.625	2216	0000	144	920.625	071626000 4.13372939068236	
2.18438864194915	-62.5	920.625	2215	0000	145	920.625	071626002 4.13542208652798	
4.84737928971863	-59.5	920.625	2216	0000	146	920.625	071626005 4.13821731903862	
2.24574787346458	-62.5	920.625	2215	0000	147	920.625	071626011 4.14467168950151	
4.83510744341554	-59.5	920.625	2216	0000	148	920.625	071626013 4.14602456240244	
2.1475731030399	-62.5	920.625	2215	0000	149	920.625	071626014 4.14747485121419	
4.75534044244549	-59.5	920.625	2216	0000	150	920.625	071626015 4.14797741159129	
2.24574787346458	-62.5	920.625	2215	0000	151	920.625	071626016 4.14849016665672	
2.29483525867692	-62.5	920.625	2215	0000	152	920.625	071626246 4.37889427655093	
4.90260259808251	-59.5	920.625	2216	0000	153	920.625	071626249 4.38186583941176	
2.38073818279852	-63	920.625	2215	0000	154	920.625	071626251 4.38340788041857	
4.8719229823248	-60	920.625	2216	0000	155	920.625	071626252 4.38501599810907	
2.24574787346458	-62.5	920.625	2215	0000	156	920.625	071626254 4.38790487072002	
4.93941813699176	-60	920.625	2216	0000	157	920.625	071626260 4.39371546549325	
4.81669967396091	-60	920.625	2216	0000	158	920.625	071626264 4.39722281586354	
2.25801971976766	-62.5	920.625	2215	0000	159	920.625	071626265 4.39850206045979	
2.29483525867692	-62	920.625	2215	0000	160	920.625	071626266 4.39906805445323	
4.89033075177942	-60	920.625	2216	0000	161	920.625	071626268 4.40100731072428	
4.79829190450629	-59.5	920.625	2216	0000	162	920.625	071626272 4.40596155167688	
2.19666048825224	-62.5	920.625	2215	0000	163	920.625	071626274 4.40702972846636	
2.26415564291921	-62.5	920.625	2215	0000	164	920.625	071626495 4.62827145660952	
4.74920451929395	-59	920.625	2216	0000	165	920.625	071626499 4.63189434678101	
2.25188379661612	-62.5	920.625	2215	0000	166	920.625	071626501 4.63382944966052	
4.85965113602171	-59.5	920.625	2216	0000	167	920.625	071626503 4.6357909832135	
5.36893275759974	-62.5	920.625	2215	0000	168	920.625	071626507 4.64047525371559	
1.74873809818963	-60.5	920.625	2216	0000	169	920.625	071626511 4.6439089757812	
5.33211721869049	-63.5	920.625	2215	0000	170	920.625	071626512 4.64475249184614	
4.89033075177942	-61	920.625	2216	0000	171	920.625	071626512 4.64525354189904	
2.18438864194915	-63	920.625	2215	0000	172	920.625	071626755 4.88825035738046	
4.8719229823248	-60	920.625	2216	0000	173	920.625	071626758 4.89070765485165	
1.72419440558346	-61	920.625	2216	0000	174	920.625	071626760 4.89330956586486	
5.32598129553895	-63	920.625	2215	0000	175	920.625	071626762 4.89544025572809	
2.20279641140378	-62.5	920.625	2215	0000	176	920.625	071626763 4.8958744739352	
4.90260259808251	-60	920.625	2216	0000	177	920.625	071626763 4.89637514640705	
2.28256341237383	-63	920.625	2215	0000	178	920.625	071626769 4.90174548167637	
4.84124336656708	-59	920.625	2216	0000	179	920.625	071626770 4.90312742831813	
4.95782590644639	-59.5	920.625	2216	0000	180	920.625	071626771 4.90398529246295	
2.26415564291921	-63	920.625	2215	0000	181	920.625	071626772 4.90491112119672	
4.9885055222041	-60	920.625	2216	0000	182	920.625	071626995 5.12817592860395	
2.25801971976766	-62.5	920.625	2215	0000	183	920.625	071626999 5.13253434666018	
4.85965113602171	-60	920.625	2216	0000	184	920.625	071627002 5.13539527827346	
1.76714586764426	-62.5	920.625	2215	0000	185	920.625	071627005 5.13848804465122	
4.85351521287017	-59.5	920.625	2216	0000	186	920.625	071627011 5.14456294615921	
2.30097118182846	-63	920.625	2215	0000	187	920.625	071627014 5.14704818462807	
4.87805890547634	-59.5	920.625	2216	0000	188	920.625	071627016 5.14966935227481	
2.12916533358527	-62.5	920.625	2215	0000	189	920.625	071627023 5.15615732745112	
4.84124336656708	-60	920.625	2216	0000	190	920.625	071627027 5.16059541510883	
2.23347602716149	-63	920.625	2215	0000	191	920.625	071627033 5.16633464706367	
2.28256341237383	-63	920.625	2215	0000	192	920.625	071627245 5.37810437699504	
4.86578705917325	-59.5	920.625	2216	0000	193	920.625	071627249 5.38235442929002	
4.65102974886926	-59	920.625	2216	0000	194	920.625	071627250 5.38388854109479	
2.31324302813155	-62.5	920.625	2215	0000	195	920.625	071627252 5.38546041100452	
2.25801971976766	-62	920.625	2215	0000	196	920.625	071627255 5.38880200329402	
4.82283559711246	-60	920.625	2216	0000	197	920.625	071627262 5.39526656844525	
4.77374821190012	-59	920.625	2216	0000	198	920.625	071627263 5.39683428496344	
2.31937895128309	-62.5	920.625	2215	0000	199	920.625	071627264 5.3977623791835	
2.24574787346458	-62.5	920.625	2215	0000	200	920.625	071627265 5.39865233771755	
4.84737928971863	-59.5	920.625	2216	0000	201	920.625	071627267 5.40017210144244	
2.29483525867692	-62.5	920.625	2215	0000	202	920.625	071627495 5.62815704955147	
4.84124336656708	-58.5	920.625	2216	0000	203	920.625	071627498 5.63116674809831	
4.79829190450629	-59.5	920.625	2216	0000	204	920.625	071627500 5.63275485399318	
2.15984494934298	-63	920.625	2215	0000	205	920.625	071627501 5.63433087729447	
2.15984494934298	-62.5	920.625	2215	0000	206	920.625	071627502 5.63481342587593	
4.84124336656708	-60	920.625	2216	0000	207	920.625	071627503 5.63582458792692	
2.21506825770687	-62.5	920.625	2215	0000	208	920.625	071627508 5.64108504711079	
4.7860200582032	-59.5	920.625	2216	0000	209	920.625	071627509 5.642075064623	
4.828971520264	-60	920.625	2216	0000	210	920.625	071627511 5.64437679870173	
2.3500585670408	-62.5	920.625	2215	0000	211	920.625	071627512 5.64519539441739	
2.21506825770687	-62.5	920.625	2215	0000	212	920.625	071627745 5.87816894335454	
4.82283559711246	-59.5	920.625	2216	0000	213	920.625	071627748 5.88091924372026	
2.17825271879761	-63	920.625	2215	0000	214	920.625	071627749 5.88239332013813	
4.89033075177942	-59.5	920.625	2216	0000	215	920.625	071627752 5.88470109551366	
4.84124336656708	-60	920.625	2216	0000	216	920.625	071627753 5.88633337839134	
2.30097118182846	-62	920.625	2215	0000	217	920.625	071627754 5.88744497700154	
4.84124336656708	-60	920.625	2216	0000	218	920.625	071627755 5.88792488251566	
2.23961195031304	-62.5	920.625	2215	0000	219	920.625	071627755 5.88835721281752	
4.89033075177942	-59.5	920.625	2216	0000	220	920.625	071627761 5.89358029147747	
2.20279641140378	-63	920.625	2215	0000	221	920.625	071627761 5.8944838429293	
4.85351521287017	-59.5	920.625	2216	0000	222	920.625	071627995 6.12805170443862	
2.32551487443463	-62	920.625	2215	0000	223	920.625	071627998 6.13099343839652	
4.92714629068868	-59.5	920.625	2216	0000	224	920.625	071627999 6.13267329648646	
2.28869933552538	-63	920.625	2215	0000	225	920.625	071628001 6.1341798448746	
4.85965113602171	-60	920.625	2216	0000	226	920.625	071628002 6.13530314849734	
2.20279641140378	-61.5	920.625	2215	0000	227	920.625	071628004 6.13756901237635	
2.24574787346458	-63	920.625	2215	0000	228	920.625	071628010 6.14311756590111	
4.87805890547634	-59	920.625	2216	0000	229	920.625	071628010 6.1436231469266	
2.20279641140378	-62.5	920.625	2215	0000	230	920.625	071628011 6.14460712314202	
4.84124336656708	-60	920.625	2216	0000	231	920.625	071628013 6.14621788389987	
2.22734010400995	-62.5	920.625	2215	0000	232	920.625	071628245 6.37809229440145	
4.79829190450629	-59	920.625	2216	0000	233	920.625	071628248 6.38145389848658	
2.27029156607075	-63	920.625	2215	0000	234	920.625	071628250 6.38341505445852	
4.82283559711246	-60	920.625	2216	0000	235	920.625	071628253 6.38599921916239	
4.7860200582032	-60	920.625	2216	0000	236	920.625	071628260 6.393265011301	
2.19666048825224	-62.5	920.625	2215	0000	237	920.625	071628264 6.39716278047664	
2.22734010400995	-62.5	920.625	2215	0000	238	920.625	071628266 6.3988184733794	
4.94555406014331	-60	920.625	2216	0000	239	920.625	071628270 6.4029318413344	
4.89033075177942	-60	920.625	2216	0000	240	920.625	071628272 6.40457545164357	
2.25801971976766	-63	920.625	2215	0000	241	920.625	071628272 6.40552469040242	
1.71805848243192	-61	920.625	2215	0000	242	920.625	071628275 6.40774939794702	
4.86578705917325	-60	920.625	2216	0000	243	920.625	071628282 6.41555513098664	
2.23961195031304	-62.5	920.625	2215	0000	244	920.625	071628495 6.62812193451385	
4.81669967396091	-60	920.625	2216	0000	245	920.625	071628499 6.63193776860172	
4.81669967396091	-60	920.625	2216	0000	246	920.625	071628501 6.63426706609707	
2.1905245651007	-62.5	920.625	2215	0000	247	920.625	071628502 6.63528464702591	
2.27029156607075	-62.5	920.625	2215	0000	248	920.625	071628503 6.63632752588507	
4.81056375080937	-60	920.625	2216	0000	249	920.625	071628507 6.64043220947593	
2.17825271879761	-63	920.625	2215	0000	250	920.625	071628513 6.64597849751438	
4.90260259808251	-60	920.625	2216	0000	251	920.625	071628514 6.64649163016087	
2.25188379661612	-63	920.625	2215	0000	252	920.625	071628514 6.64731891024068	
4.84737928971863	-60	920.625	2216	0000	253	920.625	071628515 6.6481843260065	
2.23347602716149	-62	920.625	2215	0000	254	920.625	071628745 6.87794088440054	
4.84124336656708	-59.5	920.625	2216	0000	255	920.625	071628747 6.88043556239565	
2.16598087249453	-63.5	920.625	2215	0000	256	920.625	071628749 6.88199270664444	
4.81669967396091	-60	920.625	2216	0000	257	920.625	071628749 6.88252434076237	
4.84124336656708	-60	920.625	2216	0000	258	920.625	071628752 6.88486232262186	
2.29483525867692	-62.5	920.625	2215	0000	259	920.625	071628753 6.88618045806623	
1.76100994449272	-61.5	920.625	2215	0000	260	920.625	071628758 6.89071671679684	
4.8719229823248	-60	920.625	2216	0000	261	920.625	071628761 6.89425502881321	
2.27029156607075	-63	920.625	2215	0000	262	920.625	071628762 6.89521030886885	
4.83510744341554	-59.5	920.625	2216	0000	263	920.625	071628763 6.89597717598071	
4.85965113602171	-60	920.625	2216	0000	264	920.625	071628995 7.12794824723101	
2.22734010400995	-62.5	920.625	2215	0000	265	920.625	071628998 7.1308473145303	
4.7430685961424	-60	920.625	2216	0000	266	920.625	071629000 7.13236972132253	
2.23961195031304	-62.5	920.625	2215	0000	267	920.625	071629002 7.13466767959076	
2.21506825770687	-62	920.625	2215	0000	268	920.625	071629004 7.13672247566301	
4.85351521287017	-60	920.625	2216	0000	269	920.625	071629009 7.14147584349719	
2.33778672073772	-63	920.625	2215	0000	270	920.625	071629010 7.142850616099	
4.85351521287017	-60	920.625	2216	0000	271	920.625	071629010 7.14331994934373	
2.25801971976766	-63	920.625	2215	0000	272	920.625	071629011 7.14385875750159	
4.85351521287017	-59.5	920.625	2216	0000	273	920.625	071629011 7.14432960107052	
4.828971520264	-59.5	920.625	2216	0000	274	920.625	071629245 7.37789179886409	
2.24574787346458	-63	920.625	2215	0000	275	920.625	071629248 7.38114692509321	
2.17825271879761	-63	920.625	2215	0000	276	920.625	071629249 7.38220037622176	
4.828971520264	-59.5	920.625	2216	0000	277	920.625	071629251 7.38471544359354	
2.30097118182846	-62	920.625	2215	0000	278	920.625	071629254 7.38705871158774	
4.90260259808251	-59.5	920.625	2216	0000	279	920.625	071629259 7.39209526520915	
2.21506825770687	-62.5	920.625	2215	0000	280	920.625	071629260 7.39371886372269	
4.86578705917325	-60	920.625	2216	0000	281	920.625	071629261 7.39429391966133	
2.24574787346458	-63	920.625	2215	0000	282	920.625	071629261 7.39517783689858	
4.81056375080937	-59.5	920.625	2216	0000	283	920.625	071629262 7.3957064503681	
2.20893233455532	-62.5	920.625	2215	0000	284	920.625	071629494 7.62792710269223	
4.84737928971863	-60.5	920.625	2216	0000	285	920.625	071629497 7.6308533558271	
2.33165079758617	-63	920.625	2215	0000	286	920.625	071629499 7.63302104863319	
4.84737928971863	-60	920.625	2216	0000	287	920.625	071629501 7.63458838757033	
4.85351521287017	-60	920.625	2216	0000	288	920.625	071629502 7.63600582683076	
2.4359614911624	-62.5	920.625	2215	0000	289	920.625	071629507 7.64102992027754	
2.27029156607075	-63	920.625	2215	0000	290	920.625	071629511 7.64488124698407	
4.88419482862788	-60	920.625	2216	0000	291	920.625	071629513 7.64722413739721	
2.25801971976766	-62.5	920.625	2215	0000	292	920.625	071629514 7.64803140568139	
4.87805890547634	-60	920.625	2216	0000	293	920.625	071629515 7.64850149408821	
4.89646667493097	-60	920.625	2216	0000	294	920.625	071629516 7.6492898833199	
2.24574787346458	-62.5	920.625	2215	0000	295	920.625	071629522 7.65454505636908	
2.20279641140378	-62.5	920.625	2215	0000	296	920.625	071629744 7.87782005846465	
4.86578705917325	-60	920.625	2216	0000	297	920.625	071629748 7.88096908441882	
4.85965113602171	-59.5	920.625	2216	0000	298	920.625	071629750 7.88332632291185	
2.25801971976766	-63	920.625	2215	0000	299	920.625	071629751 7.88487213972915	
4.89033075177942	-59.5	920.625	2216	0000	300	920.625	071629754 7.88725392099041	
2.23961195031304	-62.5	920.625	2215	0000	301	920.625	071629757 7.89052528320467	
2.3500585670408	-61	920.625	2215	0000	302	920.625	071629760 7.8938162796335	
4.86578705917325	-60.5	920.625	2216	0000	303	920.625	071629762 7.8947111467212	
2.25188379661612	-63.5	920.625	2215	0000	304	920.625	071629763 7.89560752413309	
4.89646667493097	-60	920.625	2216	0000	305	920.625	071629764 7.89651409623333	
2.36233041334389	-63	920.625	2215	0000	306	920.625	071629994 8.12780778708054	
4.83510744341554	-60	920.625	2216	0000	307	920.625	071629997 8.13059471280808	
2.31324302813155	-62	920.625	2215	0000	308	920.625	071629998 8.13182222880052	
4.91487444438559	-60	920.625	2216	0000	309	920.625	071630000 8.13387438180543	
2.27029156607075	-62.5	920.625	2215	0000	310	920.625	071630002 8.13552214550614	
4.93941813699176	-60	920.625	2216	0000	311	920.625	071630006 8.1400701092493	
4.90260259808251	-60	920.625	2216	0000	312	920.625	071630009 8.142850616099	
2.22120418085841	-62.5	920.625	2215	0000	313	920.625	071630010 8.14413854505939	
2.20279641140378	-63	920.625	2215	0000	314	920.625	071630011 8.14458258037379	
4.8719229823248	-60	920.625	2216	0000	315	920.625	071630012 8.14564056247494	
4.88419482862788	-60	920.625	2216	0000	316	920.625	071630244 8.37777097292819	
2.1905245651007	-63	920.625	2215	0000	317	920.625	071630248 8.38141916103001	
4.85965113602171	-60	920.625	2216	0000	318	920.625	071630250 8.38324552056722	
2.21506825770687	-63	920.625	2215	0000	319	920.625	071630252 8.38522291252429	
4.86578705917325	-59.5	920.625	2216	0000	320	920.625	071630256 8.38922866988013	
2.23347602716149	-62.5	920.625	2215	0000	321	920.625	071630256 8.38971423911	
4.90260259808251	-59.5	920.625	2216	0000	322	920.625	071630259 8.39225535957421	
2.1905245651007	-62.5	920.625	2215	0000	323	920.625	071630260 8.39331560716166	
2.25801971976766	-62.5	920.625	2215	0000	324	920.625	071630261 8.39429165417503	
4.99464144535565	-59.5	920.625	2216	0000	325	920.625	071630261 8.39472549480109	
4.89033075177942	-60	920.625	2216	0000	326	920.625	071630494 8.62766543902481	
2.14143717988836	-62.5	920.625	2215	0000	327	920.625	071630499 8.63276202803313	
2.26415564291921	-62.5	920.625	2215	0000	328	920.625	071630503 8.63652877658454	
4.79829190450629	-60	920.625	2216	0000	329	920.625	071630508 8.64172127117947	
4.88419482862788	-60	920.625	2216	0000	330	920.625	071630511 8.64498394902958	
2.31937895128309	-62	920.625	2215	0000	331	920.625	071630515 8.64733288073952	
4.86578705917325	-60	920.625	2216	0000	332	920.625	071630519 8.65196126924625	
2.21506825770687	-63	920.625	2215	0000	333	920.625	071630522 8.65510312116047	
4.81056375080937	-60	920.625	2216	0000	334	920.625	071630526 8.65915834163382	
2.1475731030399	-62.5	920.625	2215	0000	335	920.625	071630532 8.6646279807192	
4.96396182959793	-60	920.625	2216	0000	336	920.625	071630745 8.87775624726726	
2.17825271879761	-62.5	920.625	2215	0000	337	920.625	071630747 8.88041932641051	
2.24574787346458	-62.5	920.625	2215	0000	338	920.625	071630749 8.8816517509566	
4.89033075177942	-59.5	920.625	2216	0000	339	920.625	071630750 8.88327232882174	
4.87805890547634	-60	920.625	2216	0000	340	920.625	071630753 8.88600828110758	
2.20279641140378	-63	920.625	2215	0000	341	920.625	071630754 8.88711950213673	
4.89646667493097	-60	920.625	2216	0000	342	920.625	071630759 8.89246076366523	
2.17211679564607	-63	920.625	2215	0000	343	920.625	071630762 8.89469642106026	
4.88419482862788	-60	920.625	2216	0000	344	920.625	071630763 8.896207500421	
2.09234979467601	-62	920.625	2215	0000	345	920.625	071630764 8.89707178344367	
1.8162332528566	-61.5	920.625	2215	0000	346	920.625	071630995 9.12762541543355	
4.87805890547634	-60	920.625	2216	0000	347	920.625	071630997 9.12972099025916	
2.23347602716149	-62.5	920.625	2215	0000	348	920.625	071630999 9.13182864767837	
4.87805890547634	-60	920.625	2216	0000	349	920.625	071631002 9.1347318683692	
4.84737928971863	-60	920.625	2216	0000	350	920.625	071631003 9.13606812770395	
2.16598087249453	-62	920.625	2215	0000	351	920.625	071631004 9.13736851683898	
2.14143717988836	-62.5	920.625	2215	0000	352	920.625	071631010 9.14250588460066	
4.63875790256618	-59.5	920.625	2216	0000	353	920.625	071631010 9.14298503495268	
4.92101036753714	-60	920.625	2216	0000	354	920.625	071631011 9.14432695800317	
2.16598087249453	-62	920.625	2215	0000	355	920.625	071631012 9.14523164219816	
4.84124336656708	-60	920.625	2216	0000	356	920.625	071631245 9.37813080766852	
2.12302941043373	-63	920.625	2215	0000	357	920.625	071631248 9.38139650616703	
4.828971520264	-60	920.625	2216	0000	358	920.625	071631249 9.38246543811862	
2.29483525867692	-62.5	920.625	2215	0000	359	920.625	071631251 9.38457649376727	
2.15984494934298	-63	920.625	2215	0000	360	920.625	071631253 9.38651612761937	
4.84737928971863	-60	920.625	2216	0000	361	920.625	071631258 9.39148698213815	
2.25801971976766	-63	920.625	2215	0000	362	920.625	071631259 9.39206543630623	
4.80442782765783	-60	920.625	2216	0000	363	920.625	071631260 9.39388197873614	
4.828971520264	-59.5	920.625	2216	0000	364	920.625	071631261 9.39441512317827	
2.1475731030399	-62.5	920.625	2215	0000	365	920.625	071631262 9.39492901098685	
4.79215598135474	-59.5	920.625	2216	0000	366	920.625	071631262 9.39580084563052	
2.23347602716149	-62.5	920.625	2215	0000	367	920.625	071631263 9.39670892805495	
4.83510744341554	-59.5	920.625	2216	0000	368	920.625	071631495 9.62750987563235	
2.15984494934298	-62.5	920.625	2215	0000	369	920.625	071631499 9.63232705466392	
2.08621387152447	-62.5	920.625	2215	0000	370	920.625	071631501 9.63393894816492	
4.81669967396091	-60	920.625	2216	0000	371	920.625	071631503 9.6357932486998	
4.83510744341554	-60	920.625	2216	0000	372	920.625	071631509 9.64145432137736	
2.31324302813155	-62	920.625	2215	0000	373	920.625	071631512 9.64501944164825	
4.84737928971863	-60	920.625	2216	0000	374	920.625	071631515 9.64783430837346	
2.34392264388926	-62.5	920.625	2215	0000	375	920.625	071631518 9.6510750865227	
2.15984494934298	-62.5	920.625	2215	0000	376	920.625	071631520 9.652962991771	
4.85965113602171	-60	920.625	2216	0000	377	920.625	071631521 9.65395791783685	
4.88419482862788	-60	920.625	2216	0000	378	920.625	071631744 9.87740962786367	
2.0616701789183	-62.5	920.625	2215	0000	379	920.625	071631748 9.88089507853308	
2.22120418085841	-63	920.625	2215	0000	380	920.625	071631750 9.88327308398384	
5.14190360099267	-59.5	920.625	2216	0000	381	920.625	071631753 9.88581307170491	
4.828971520264	-60	920.625	2216	0000	382	920.625	071631757 9.89040407968773	
2.1905245651007	-62.5	920.625	2215	0000	383	920.625	071631761 9.89409229138081	
2.17825271879761	-62.5	920.625	2215	0000	384	920.625	071631763 9.8965480785278	
4.89033075177942	-59.5	920.625	2216	0000	385	920.625	071631765 9.8983782138755	
2.29483525867692	-62.5	920.625	2215	0000	386	920.625	071631770 9.90342043121266	
4.85351521287017	-60	920.625	2216	0000	387	920.625	071631772 9.90533741020179	
2.23961195031304	-62.5	920.625	2215	0000	388	920.625	071631994 10.1274706072032	
4.90873852123405	-60	920.625	2216	0000	389	920.625	071631997 10.1308095564253	
4.79215598135474	-60	920.625	2216	0000	390	920.625	071631999 10.1331294143944	
2.17825271879761	-62.5	920.625	2215	0000	391	920.625	071632002 10.1355500865038	
4.81056375080937	-60	920.625	2216	0000	392	920.625	071632006 10.1398945340612	
2.15984494934298	-63	920.625	2215	0000	393	920.625	071632010 10.1433029581965	
4.87805890547634	-60	920.625	2216	0000	394	920.625	071632011 10.1450605979827	
1.83464102231123	-62	920.625	2215	0000	395	920.625	071632013 10.1472260253025	
2.31937895128309	-63	920.625	2215	0000	396	920.625	071632018 10.1513046558009	
4.85351521287017	-60	920.625	2216	0000	397	920.625	071632021 10.1540239945205	
2.20279641140378	-63	920.625	2215	0000	398	920.625	071632245 10.3774904302083	
4.8719229823248	-59.5	920.625	2216	0000	399	920.625	071632248 10.3809437864885	
2.23961195031304	-63	920.625	2215	0000	400	920.625	071632251 10.3836030898212	
4.89646667493097	-60	920.625	2216	0000	401	920.625	071632252 10.3851088830473	
4.82283559711246	-60	920.625	2216	0000	402	920.625	071632258 10.3906004218335	
2.20279641140378	-63.5	920.625	2215	0000	403	920.625	071632260 10.3926393595017	
2.20279641140378	-62.5	920.625	2215	0000	404	920.625	071632262 10.3948338605623	
4.90873852123405	-60	920.625	2216	0000	405	920.625	071632264 10.3972549102528	
2.22734010400995	-62.5	920.625	2215	0000	406	920.625	071632266 10.399218709292	
4.88419482862788	-59.5	920.625	2216	0000	407	920.625	071632270 10.4033819179456	
4.8719229823248	-60	920.625	2216	0000	408	920.625	071632494 10.6273267488233	
2.36846633649543	-62.5	920.625	2215	0000	409	920.625	071632499 10.6318456388256	
5.36893275759974	-63	920.625	2215	0000	410	920.625	071632502 10.6348542046293	
4.85351521287017	-61	920.625	2216	0000	411	920.625	071632508 10.6411881267373	
4.85965113602171	-60	920.625	2216	0000	412	920.625	071632512 10.6450190640672	
2.27029156607075	-62	920.625	2215	0000	413	920.625	071632515 10.6477557715151	
4.84737928971863	-60	920.625	2216	0000	414	920.625	071632520 10.6533103663367	
2.32551487443463	-62.5	920.625	2215	0000	415	920.625	071632524 10.6575351207013	
2.21506825770687	-62.5	920.625	2215	0000	416	920.625	071632531 10.6639830722864	
4.84124336656708	-60	920.625	2216	0000	417	920.625	071632535 10.6678434609381	
2.22734010400995	-62.5	920.625	2215	0000	418	920.625	071632744 10.8778491322055	
4.86578705917325	-59.5	920.625	2216	0000	419	920.625	071632749 10.882856234505	
2.38687410595006	-61.5	920.625	2215	0000	420	920.625	071632752 10.8860128120802	
4.85351521287017	-60	920.625	2216	0000	421	920.625	071632758 10.8921039495733	
4.85351521287017	-60	920.625	2216	0000	422	920.625	071632762 10.8954580020374	
2.23961195031304	-62.5	920.625	2215	0000	423	920.625	071632764 10.8981029572903	
5.3627968344482	-63	920.625	2215	0000	424	920.625	071632769 10.9030164194895	
4.85351521287017	-61	920.625	2216	0000	425	920.625	071632772 10.9059683481358	
4.71238898038469	-60	920.625	2216	0000	426	920.625	071632777 10.9102942942217	
2.27029156607075	-62	920.625	2215	0000	427	920.625	071632784 10.9165436381747	
4.828971520264	-59.5	920.625	2216	0000	428	920.625	071632994 11.1273562001451	
2.17211679564607	-62	920.625	2215	0000	429	920.625	071632998 11.1314956211926	
4.89033075177942	-60	920.625	2216	0000	430	920.625	071633001 11.1339498980154	
2.28869933552538	-63	920.625	2215	0000	431	920.625	071633004 11.1371106289821	
2.28869933552538	-62.5	920.625	2215	0000	432	920.625	071633010 11.1434419080228	
4.84737928971863	-59.5	920.625	2216	0000	433	920.625	071633013 11.145952444422	
4.87805890547634	-59.5	920.625	2216	0000	434	920.625	071633017 11.1508398535288	
2.26415564291921	-63.5	920.625	2215	0000	435	920.625	071633021 11.1545265548976	
4.90260259808251	-60	920.625	2216	0000	436	920.625	071633025 11.1584443358689	
2.1905245651007	-63	920.625	2215	0000	437	920.625	071633031 11.1642322757792	
2.27642748922229	-62.5	920.625	2215	0000	438	920.625	071633244 11.3772725659426	
4.90873852123405	-60	920.625	2216	0000	439	920.625	071633249 11.382210193329	
2.30710710498	-62.5	920.625	2215	0000	440	920.625	071633252 11.3853886706051	
4.87805890547634	-60	920.625	2216	0000	441	920.625	071633255 11.3884259325686	
4.88419482862788	-60	920.625	2216	0000	442	920.625	071633261 11.3945997603116	
2.31324302813155	-62.5	920.625	2215	0000	443	920.625	071633264 11.3974682435458	
2.1905245651007	-62.5	920.625	2215	0000	444	920.625	071633267 11.4005243845618	
4.90260259808251	-60	920.625	2216	0000	445	920.625	071633274 11.4075825071231	
2.27642748922229	-62.5	920.625	2215	0000	446	920.625	071633277 11.4107689136011	
4.91487444438559	-60	920.625	2216	0000	447	920.625	071633283 11.4169876734891	
4.87805890547634	-60	920.625	2216	0000	448	920.625	071633493 11.6271591028372	
2.36233041334389	-62	920.625	2215	0000	449	920.625	071633498 11.6319906299487	
2.27029156607075	-62.5	920.625	2215	0000	450	920.625	071633502 11.6357343460561	
4.88419482862788	-60	920.625	2216	0000	451	920.625	071633508 11.642136232753	
2.28256341237383	-62	920.625	2215	0000	452	920.625	071633510 11.6441211763311	
4.90260259808251	-59.5	920.625	2216	0000	453	920.625	071633513 11.6465905563959	
2.32551487443463	-62.5	920.625	2215	0000	454	920.625	071633518 11.6513699773225	
4.89646667493097	-60	920.625	2216	0000	455	920.625	071633521 11.6553119234809	
2.42368964485931	-61	920.625	2215	0000	456	920.625	071633526 11.6599765597684	
4.82283559711246	-60	920.625	2216	0000	457	920.625	071633533 11.6663512606299	
2.20279641140378	-63	920.625	2215	0000	458	920.625	071633744 11.8772336750945	
4.83510744341554	-60	920.625	2216	0000	459	920.625	071633749 11.8819307833523	
4.92714629068868	-60	920.625	2216	0000	460	920.625	071633752 11.8854887295832	
2.01258279370596	-60.5	920.625	2215	0000	461	920.625	071633757 11.8905951356989	
4.89646667493097	-60	920.625	2216	0000	462	920.625	071633762 11.8947851526069	
1.92667986958437	-61.5	920.625	2215	0000	463	920.625	071633764 11.8974795709773	
2.22120418085841	-63	920.625	2215	0000	464	920.625	071633766 11.8990831576952	
4.90260259808251	-60	920.625	2216	0000	465	920.625	071633771 11.9041102717904	
2.31937895128309	-63	920.625	2215	0000	466	920.625	071633774 11.9072996989169	
4.8719229823248	-60	920.625	2216	0000	467	920.625	071633780 11.9136049248651	
2.36233041334389	-61.5	920.625	2215	0000	468	920.625	071633993 12.1270854745325	
4.92101036753714	-60	920.625	2216	0000	469	920.625	071633997 12.1310104295438	
4.88419482862788	-60.5	920.625	2216	0000	470	920.625	071634000 12.1336980514552	
2.27642748922229	-62.5	920.625	2215	0000	471	920.625	071634003 12.1368176260875	
2.04939833261522	-61	920.625	2215	0000	472	920.625	071634010 12.1433898018379	
1.74873809818963	-61.5	920.625	2216	0000	473	920.625	071634013 12.1456836067146	
2.12302941043373	-61.5	920.625	2215	0000	474	920.625	071634015 12.1475548983967	
4.89033075177942	-61	920.625	2216	0000	475	920.625	071634020 12.1526684785523	
2.20279641140378	-62.5	920.625	2215	0000	476	920.625	071634244 12.3770641412032	
4.90260259808251	-61.5	920.625	2216	0000	477	920.625	071634248 12.3811801522256	
2.31937895128309	-63	920.625	2215	0000	478	920.625	071634251 12.3839753847362	
4.87805890547634	-60	920.625	2216	0000	479	920.625	071634254 12.3865346290908	
2.19666048825224	-62.5	920.625	2215	0000	480	920.625	071634259 12.3915047284475	
4.91487444438559	-61.5	920.625	2216	0000	481	920.625	071634260 12.3938819787361	
2.24574787346458	-63.5	920.625	2215	0000	482	920.625	071634262 12.395348503533	
4.90873852123405	-61	920.625	2216	0000	483	920.625	071634266 12.3997850808665	
4.89033075177942	-60	920.625	2216	0000	484	920.625	071634269 12.4025652101352	
2.24574787346458	-63	920.625	2215	0000	485	920.625	071634272 12.4055507434948	
2.22120418085841	-62.5	920.625	2215	0000	486	920.625	071634493 12.6270783004926	
1.69965071297729	-61.5	920.625	2216	0000	487	920.625	071634498 12.6312898395205	
2.24574787346458	-63	920.625	2215	0000	488	920.625	071634500 12.6339706649731	
4.89646667493097	-61	920.625	2216	0000	489	920.625	071634503 12.6371283752914	
2.21506825770687	-62.5	920.625	2215	0000	490	920.625	071634508 12.6418579555194	
4.83510744341554	-60	920.625	2216	0000	491	920.625	071634511 12.6444047396994	
1.74260217503809	-62	920.625	2216	0000	492	920.625	071634513 12.6469356654753	
4.90260259808251	-60.5	920.625	2216	0000	493	920.625	071634517 12.6510131632306	
2.26415564291921	-63	920.625	2215	0000	494	920.625	071634520 12.6540474045456	
4.90260259808251	-60	920.625	2216	0000	495	920.625	071634744 12.8770452621507	
2.3500585670408	-62	920.625	2215	0000	496	920.625	071634748 12.8815097804819	
2.27642748922229	-62	920.625	2215	0000	497	920.625	071634752 12.8853890481861	
1.75487402134117	-61.5	920.625	2216	0000	498	920.625	071634758 12.890664988193	
4.87805890547634	-60.5	920.625	2216	0000	499	920.625	071634761 12.8938974595592	
2.26415564291921	-63	920.625	2215	0000	500	920.625	071634764 12.8969660607498	
4.89646667493097	-61.5	920.625	2216	0000	501	920.625	071634769 12.9025655877162	
2.30710710498	-63	920.625	2215	0000	502	920.625	071634772 12.9050024958107	
4.92101036753714	-60	920.625	2216	0000	503	920.625	071634775 12.9080121943576	
4.83510744341554	-60	920.625	2216	0000	504	920.625	071634782 12.9156623640047	
2.36233041334389	-62.5	920.625	2215	0000	505	920.625	071634786 12.918986965147	
4.84124336656708	-60	920.625	2216	0000	506	920.625	071634993 13.1269212267759	
2.41755372170777	-63	920.625	2215	0000	507	920.625	071634998 13.131673839448	
2.17825271879761	-63	920.625	2215	0000	508	920.625	071635001 13.1347043049526	
4.89646667493097	-61.5	920.625	2216	0000	509	920.625	071635004 13.137543336865	
2.28256341237383	-62.5	920.625	2215	0000	510	920.625	071635009 13.1426338845765	
4.83510744341554	-60	920.625	2216	0000	511	920.625	071635013 13.1453532232961	
4.81669967396091	-59.5	920.625	2216	0000	512	920.625	071635016 13.1486664970069	
2.31324302813155	-63	920.625	2215	0000	513	920.625	071635021 13.1541406670649	
4.7860200582032	-59	920.625	2216	0000	514	920.625	071635244 13.3769961766143	
2.30097118182846	-63	920.625	2215	0000	515	920.625	071635248 13.3812522702061	
4.89033075177942	-61.5	920.625	2216	0000	516	920.625	071635251 13.3844114908486	
4.77374821190012	-60	920.625	2216	0000	517	920.625	071635256 13.3894076432977	
2.23961195031304	-62.5	920.625	2215	0000	518	920.625	071635259 13.3925287282542	
2.23961195031304	-63	920.625	2215	0000	519	920.625	071635262 13.3949739431318	
4.88419482862788	-60	920.625	2216	0000	520	920.625	071635265 13.3983559365936	
4.81056375080937	-60	920.625	2216	0000	521	920.625	071635270 13.4034646081955	
2.38687410595006	-62.5	920.625	2215	0000	522	920.625	071635273 13.4067080294121	
2.35619449019234	-62.5	920.625	2215	0000	523	920.625	071635276 13.4096391911006	
4.84737928971863	-59.5	920.625	2216	0000	524	920.625	071635283 13.4163012311408	
4.93328221384022	-60.5	920.625	2216	0000	525	920.625	071635494 13.6270231736593	
2.29483525867692	-62	920.625	2215	0000	526	920.625	071635498 13.6314873144095	
4.77988413505166	-60	920.625	2216	0000	527	920.625	071635501 13.6343014259726	
2.25188379661612	-62.5	920.625	2215	0000	528	920.625	071635506 13.6391216256526	
2.30710710498	-62	920.625	2215	0000	529	920.625	071635509 13.6419580144976	
4.828971520264	-60.5	920.625	2216	0000	530	920.625	071635511 13.6445848458601	
4.88419482862788	-60.5	920.625	2216	0000	531	920.625	071635517 13.649663310978	
2.17211679564607	-63	920.625	2215	0000	532	920.625	071635520 13.6529131510724	
2.17825271879761	-62.5	920.625	2215	0000	533	920.625	071635523 13.6559908142082	
4.84737928971863	-60	920.625	2216	0000	534	920.625	071635528 13.660969597929	
2.33165079758617	-63	920.625	2215	0000	535	920.625	071635532 13.6653884289532	
4.828971520264	-60	920.625	2216	0000	536	920.625	071635535 13.6677962633069	
2.40528187540469	-63	920.625	2215	0000	537	920.625	071635754 13.8870658856277	
4.91487444438559	-60	920.625	2216	0000	538	920.625	071635755 13.8886468174826	
2.37460225964697	-62	920.625	2215	0000	539	920.625	071635757 13.8903285634778	
1.73646625188655	-61.5	920.625	2216	0000	540	920.625	071635758 13.8912509939821	
2.38073818279852	-63	920.625	2215	0000	541	920.625	071635759 13.892177955459	
1.74260217503809	-61.5	920.625	2216	0000	542	920.625	071635760 13.8932963505281	
2.17825271879761	-62.5	920.625	2215	0000	543	920.625	071635762 13.8949743207128	
4.89033075177942	-61.5	920.625	2216	0000	544	920.625	071635768 13.9008200305237	
2.18438864194915	-63	920.625	2215	0000	545	920.625	071635993 14.1268932857783	
4.89033075177942	-61.5	920.625	2216	0000	546	920.625	071635999 14.1318373320425	
2.33778672073772	-63	920.625	2215	0000	547	920.625	071636002 14.1347541456511	
4.90873852123405	-61.5	920.625	2216	0000	548	920.625	071636005 14.1375350300819	
2.3500585670408	-60.5	920.625	2215	0000	549	920.625	071636008 14.1410589940184	
4.89646667493097	-61.5	920.625	2216	0000	550	920.625	071636016 14.1484935648862	
2.21506825770687	-62.5	920.625	2215	0000	551	920.625	071636019 14.1519574934358	
4.88419482862788	-61.5	920.625	2216	0000	552	920.625	071636021 14.1539594281611	
