4.82283559711246	-64.5	920.625	2216	0000	0	920.625	071959637 0.672102197597225	
0.328271888607527	-64	920.625	2215	0000	1	920.625	071959639 0.673729194340211	
0.355883542789469	-63.5	920.625	2215	0000	2	920.625	071959639 0.673979152995086	
1.67510702037112	-62	920.625	2216	0000	3	920.625	071959639 0.67420872227328	
0.257708772364788	-63.5	920.625	2215	0000	4	920.625	071959640 0.67449719419522	
1.57693224994644	-63.5	920.625	2216	0000	5	920.625	071959640 0.674718079109271	
1.730330328735	-64	920.625	2216	0000	6	920.625	071959641 0.676069064104955	
0.319068003880213	-63.5	920.625	2215	0000	7	920.625	071959644 0.678890349708017	
0.0920388472731385	-64	920.625	2215	0000	8	920.625	071959647 0.681770160373775	
1.60147594255261	-63.5	920.625	2216	0000	9	920.625	071959654 0.688638359667094	
0.392699081698724	-63.5	920.625	2215	0000	10	920.625	071959845 0.880752352896311	
1.81009732970506	-63	920.625	2216	0000	11	920.625	071959850 0.885196481850812	
1.66283517406803	-63	920.625	2216	0000	12	920.625	071959852 0.8877655433127	
0.208621387152447	-64	920.625	2215	0000	13	920.625	071959855 0.890694817095964	
1.71805848243192	-63	920.625	2216	0000	14	920.625	071959862 0.897471641775265	
0.208621387152447	-63.5	920.625	2215	0000	15	920.625	071959865 0.900370709074556	
0.26384469551633	-64	920.625	2215	0000	16	920.625	071959871 0.906657433551399	
1.730330328735	-63	920.625	2216	0000	17	920.625	071959876 0.91174571577662	
0.331339850183298	-63.5	920.625	2215	0000	18	920.625	071959883 0.91840246968213	
1.61374778885569	-62	920.625	2216	0000	19	920.625	071959890 0.925851388629826	
0.325203927031756	-64	920.625	2215	0000	20	920.625	072000096 1.13083863016616	
1.27627201552085	-62	920.625	2216	0000	21	920.625	072000113 1.1484018126911	
1.74873809818963	-63.5	920.625	2216	0000	22	920.625	072000117 1.15249479126942	
0.269980618667873	-63.5	920.625	2215	0000	23	920.625	072000124 1.15885891986144	
1.65669925091649	-63	920.625	2216	0000	24	920.625	072000128 1.16333665352936	
0.306796157577128	-64	920.625	2215	0000	25	920.625	072000135 1.16961091783157	
0.312932080728671	-63.5	920.625	2215	0000	26	920.625	072000138 1.17304501747823	
1.62601963515878	-64	920.625	2216	0000	27	920.625	072000145 1.17978861502516	
1.67510702037112	-63.5	920.625	2216	0000	28	920.625	072000149 1.18418026021376	
0.306796157577128	-63.5	920.625	2215	0000	29	920.625	072000153 1.18841143345625	
1.71192255928038	-64	920.625	2216	0000	30	920.625	072000161 1.19599288335238	
0.325203927031756	-64	920.625	2215	0000	31	920.625	072000164 1.19895576184906	
1.62601963515878	-63.5	920.625	2216	0000	32	920.625	072000346 1.3807682113004	
0.202485464000905	-63.5	920.625	2215	0000	33	920.625	072000352 1.38633073532399	
0.392699081698724	-64	920.625	2215	0000	34	920.625	072000355 1.38985469926047	
1.68124294352266	-64	920.625	2216	0000	35	920.625	072000362 1.39638307560909	
0.325203927031756	-63.5	920.625	2215	0000	36	920.625	072000365 1.39996367670302	
1.65056332776495	-63.5	920.625	2216	0000	37	920.625	072000369 1.40367869665063	
1.64442740461341	-63.5	920.625	2216	0000	38	920.625	072000377 1.41158939722206	
0.331339850183298	-63.5	920.625	2215	0000	39	920.625	072000381 1.41527232278045	
1.65056332776495	-63.5	920.625	2216	0000	40	920.625	072000387 1.42142651630886	
0.392699081698724	-64	920.625	2215	0000	41	920.625	072000390 1.42441809096532	
0.362019465941011	-64	920.625	2215	0000	42	920.625	072000596 1.63074310216059	
1.730330328735	-64	920.625	2216	0000	43	920.625	072000599 1.6336765293354	
0.306796157577128	-63.5	920.625	2215	0000	44	920.625	072000600 1.63498182702408	
1.68124294352266	-63.5	920.625	2216	0000	45	920.625	072000602 1.63709854638848	
0.398835004850267	-63.5	920.625	2215	0000	46	920.625	072000603 1.63813840459924	
1.66897109721958	-63.5	920.625	2216	0000	47	920.625	072000605 1.63945540730045	
1.65669925091649	-64	920.625	2216	0000	48	920.625	072000605 1.63999270513412	
0.245436926061703	-63.5	920.625	2215	0000	49	920.625	072000609 1.64422501111976	
0.576776776245001	-64	920.625	2215	0000	50	920.625	072000612 1.64699079230852	
1.70578663612883	-64.5	920.625	2216	0000	51	920.625	072000615 1.65004391267608	
0.368155389092554	-63.5	920.625	2215	0000	52	920.625	072000845 1.88066362134964	
1.730330328735	-63.5	920.625	2216	0000	53	920.625	072000850 1.88528898920798	
1.7732817907958	-63.5	920.625	2216	0000	54	920.625	072000853 1.88833531311664	
0.45405831321415	-63.5	920.625	2215	0000	55	920.625	072000856 1.89156098802388	
1.70578663612883	-63.5	920.625	2216	0000	56	920.625	072000863 1.89891400138497	
0.325203927031756	-64.5	920.625	2215	0000	57	920.625	072000867 1.90278685021133	
0.392699081698724	-63.5	920.625	2215	0000	58	920.625	072000875 1.9104932794349	
1.7732817907958	-64	920.625	2216	0000	59	920.625	072000878 1.91382996317074	
1.66897109721958	-63.5	920.625	2216	0000	60	920.625	072000884 1.91946460517482	
0.220893233455532	-63	920.625	2215	0000	61	920.625	072000888 1.9227718375888	
0.306796157577128	-63.5	920.625	2215	0000	62	920.625	072000892 1.92664393125306	
1.66897109721958	-63.5	920.625	2216	0000	63	920.625	072000898 1.9322751750277	
0.398835004850267	-63.5	920.625	2215	0000	64	920.625	072001095 2.13069514936729	
1.71192255928038	-63.5	920.625	2216	0000	65	920.625	072001099 2.13452910734554	
0.257708772364788	-63	920.625	2215	0000	66	920.625	072001101 2.13585479441089	
1.730330328735	-63.5	920.625	2216	0000	67	920.625	072001103 2.13800738397501	
0.374291312244096	-63.5	920.625	2215	0000	68	920.625	072001105 2.13993606797667	
1.62601963515878	-60.5	920.625	2216	0000	69	920.625	072001109 2.14455766002451	
1.49716524897639	-63.5	920.625	2216	0000	70	920.625	072001111 2.14616464497187	
0.398835004850267	-63	920.625	2215	0000	71	920.625	072001111 2.14669439118454	
0.380427235395639	-63.5	920.625	2215	0000	72	920.625	072001112 2.1476300370256	
1.69351478982575	-63.5	920.625	2216	0000	73	920.625	072001114 2.1490746621216	
0.337475773334841	-64	920.625	2215	0000	74	920.625	072001346 2.38065002843185	
1.71192255928038	-64	920.625	2216	0000	75	920.625	072001349 2.38374090690437	
0.312932080728671	-64	920.625	2215	0000	76	920.625	072001351 2.38557141983312	
1.54011671103718	-64.5	920.625	2216	0000	77	920.625	072001352 2.38683518360634	
1.71805848243192	-64	920.625	2216	0000	78	920.625	072001354 2.38824167301632	
0.355883542789469	-63.5	920.625	2215	0000	79	920.625	072001354 2.38873781451557	
1.70578663612883	-63.5	920.625	2216	0000	80	920.625	072001359 2.39353498175151	
0.294524311274043	-64	920.625	2215	0000	81	920.625	072001360 2.39490446821863	
0.276116541819415	-63.5	920.625	2215	0000	82	920.625	072001362 2.39650956526073	
1.69965071297729	-64	920.625	2216	0000	83	920.625	072001363 2.39739386007904	
1.58920409624952	-63.5	920.625	2216	0000	84	920.625	072001596 2.630571302783	
0.349747619637926	-64.5	920.625	2215	0000	85	920.625	072001600 2.63423421654575	
1.58920409624952	-63.5	920.625	2216	0000	86	920.625	072001601 2.63559426348663	
0.386563158547182	-64.5	920.625	2215	0000	87	920.625	072001602 2.63700075289661	
1.65056332776495	-63.5	920.625	2216	0000	88	920.625	072001605 2.63936592059168	
0.319068003880213	-64	920.625	2215	0000	89	920.625	072001610 2.64468037386565	
0.233165079758617	-63.5	920.625	2215	0000	90	920.625	072001611 2.64606722906105	
1.61988371200724	-63.5	920.625	2216	0000	91	920.625	072001612 2.64698852682222	
0.343611696486384	-64.5	920.625	2215	0000	92	920.625	072001614 2.6490731517974	
1.4419419406125	-63.5	920.625	2216	0000	93	920.625	072001616 2.6507345084159	
0.343611696486384	-63.5	920.625	2215	0000	94	920.625	072001846 2.8805416626706	
1.66897109721958	-63.5	920.625	2216	0000	95	920.625	072001847 2.88231327295561	
1.63829148146186	-63	920.625	2216	0000	96	920.625	072001850 2.88501750843327	
0.349747619637926	-63.5	920.625	2215	0000	97	920.625	072001851 2.88690654642472	
1.60147594255261	-63.5	920.625	2216	0000	98	920.625	072001852 2.88739626904613	
0.368155389092554	-61.5	920.625	2215	0000	99	920.625	072001853 2.88875027469021	
0.337475773334841	-63.5	920.625	2215	0000	100	920.625	072001854 2.8892634073367	
1.74260217503809	-62.5	920.625	2216	0000	101	920.625	072001854 2.88975615060651	
0.349747619637926	-63.5	920.625	2215	0000	102	920.625	072001860 2.89502076318192	
1.62601963515878	-63.5	920.625	2216	0000	103	920.625	072001861 2.89678897523748	
0.374291312244096	-63.5	920.625	2215	0000	104	920.625	072002096 3.13051995176025	
1.69351478982575	-63.5	920.625	2216	0000	105	920.625	072002100 3.13472016335667	
0.392699081698724	-63	920.625	2215	0000	106	920.625	072002103 3.13772117753936	
1.60761186570415	-63.5	920.625	2216	0000	107	920.625	072002106 3.14061193805556	
1.65056332776495	-64	920.625	2216	0000	108	920.625	072002111 3.14603740015813	
0.331339850183298	-64	920.625	2215	0000	109	920.625	072002112 3.14706177754586	
1.62601963515878	-64	920.625	2216	0000	110	920.625	072002112 3.14760322877107	
0.343611696486384	-64	920.625	2215	0000	111	920.625	072002113 3.14870198962558	
1.66897109721958	-63.5	920.625	2216	0000	112	920.625	072002115 3.15013793035744	
0.23930100291016	-63.5	920.625	2215	0000	113	920.625	072002117 3.15193446099172	
0.374291312244096	-63.5	920.625	2215	0000	114	920.625	072002124 3.15989537984276	
1.56466040364335	-64	920.625	2216	0000	115	920.625	072002126 3.16166812287091	
0.325203927031756	-63.5	920.625	2215	0000	116	920.625	072002346 3.38052504910442	
1.61988371200724	-64	920.625	2216	0000	117	920.625	072002349 3.38375563256531	
1.65669925091649	-63.5	920.625	2216	0000	118	920.625	072002351 3.38541661160276	
0.386563158547182	-63.5	920.625	2215	0000	119	920.625	072002352 3.38714215699971	
1.82850509915968	-62.5	920.625	2216	0000	120	920.625	072002353 3.3881000801227	
0.276116541819415	-63.5	920.625	2215	0000	121	920.625	072002354 3.38869514785696	
1.63215555831032	-64	920.625	2216	0000	122	920.625	072002355 3.38966100018199	
0.288388388122501	-63.5	920.625	2215	0000	123	920.625	072002361 3.39594168336204	
1.60761186570415	-63.5	920.625	2216	0000	124	920.625	072002363 3.39782807828614	
0.374291312244096	-64	920.625	2215	0000	125	920.625	072002365 3.40021967665469	
1.63215555831032	-64	920.625	2216	0000	126	920.625	072002596 3.63039232936546	
0.337475773334841	-63	920.625	2215	0000	127	920.625	072002599 3.63345300135401	
1.62601963515878	-64	920.625	2216	0000	128	920.625	072002600 3.63483079460422	
0.288388388122501	-63.5	920.625	2215	0000	129	920.625	072002601 3.63591407463569	
1.62601963515878	-64	920.625	2216	0000	130	920.625	072002602 3.63693165556453	
0.398835004850267	-63.5	920.625	2215	0000	131	920.625	072002602 3.63741193865969	
0.165669925091649	-64	920.625	2215	0000	132	920.625	072002603 3.63791903000939	
1.69351478982575	-63	920.625	2216	0000	133	920.625	072002605 3.64076070498913	
1.67510702037112	-63.5	920.625	2216	0000	134	920.625	072002610 3.64508174252144	
0.325203927031756	-64	920.625	2215	0000	135	920.625	072002611 3.64605590162956	
1.54625263418873	-64	920.625	2216	0000	136	920.625	072002846 3.88044386917874	
0.325203927031756	-63.5	920.625	2215	0000	137	920.625	072002849 3.88328101318589	
1.57693224994644	-62.5	920.625	2216	0000	138	920.625	072002851 3.88545021631618	
0.411106851153352	-63.5	920.625	2215	0000	139	920.625	072002852 3.88658409220831	
1.74873809818963	-63	920.625	2216	0000	140	920.625	072002853 3.88747782655286	
0.343611696486384	-63.5	920.625	2215	0000	141	920.625	072002853 3.88805628072094	
0.411106851153352	-63.5	920.625	2215	0000	142	920.625	072002854 3.88856828062428	
1.67510702037112	-63.5	920.625	2216	0000	143	920.625	072002860 3.89494260390464	
1.70578663612883	-64	920.625	2216	0000	144	920.625	072002862 3.89630793698021	
0.257708772364788	-61.5	920.625	2215	0000	145	920.625	072002862 3.89720280406791	
1.70578663612883	-64	920.625	2216	0000	146	920.625	072002863 3.89814298088156	
0.312932080728671	-64	920.625	2215	0000	147	920.625	072002864 3.89903747038821	
0.312932080728671	-63	920.625	2215	0000	148	920.625	072003095 4.13054222904217	
1.63215555831032	-64.5	920.625	2216	0000	149	920.625	072003099 4.13362593347475	
0.392699081698724	-63.5	920.625	2215	0000	150	920.625	072003100 4.13485080639985	
1.50943709527947	-63.5	920.625	2216	0000	151	920.625	072003101 4.13609418079638	
0.245436926061703	-63.5	920.625	2215	0000	152	920.625	072003102 4.13741495930809	
1.65669925091649	-64	920.625	2216	0000	153	920.625	072003103 4.13830982639579	
1.61374778885569	-64	920.625	2216	0000	154	920.625	072003109 4.14400827959726	
0.50314569842649	-63.5	920.625	2215	0000	155	920.625	072003110 4.14528148289671	
0.288388388122501	-63.5	920.625	2215	0000	156	920.625	072003111 4.14638062133227	
1.29467978497548	-62	920.625	2216	0000	157	920.625	072003112 4.14721469787097	
0.251572849213245	-63.5	920.625	2215	0000	158	920.625	072003346 4.38034985149737	
1.68124294352266	-64	920.625	2216	0000	159	920.625	072003349 4.3833214143582	
1.73646625188655	-64	920.625	2216	0000	160	920.625	072003351 4.38616988579684	
0.269980618667873	-64	920.625	2215	0000	161	920.625	072003354 4.38917392062793	
1.68737886667421	-64	920.625	2216	0000	162	920.625	072003360 4.39502604931662	
0.288388388122501	-63.5	920.625	2215	0000	163	920.625	072003361 4.39607950044517	
0.208621387152447	-63.5	920.625	2215	0000	164	920.625	072003363 4.3982132109568	
1.5278448647341	-63.5	920.625	2216	0000	165	920.625	072003365 4.39946413697432	
0.331339850183298	-63	920.625	2215	0000	166	920.625	072003366 4.40075886239361	
1.62601963515878	-63.5	920.625	2216	0000	167	920.625	072003373 4.40759232423036	
0.306796157577128	-63.5	920.625	2215	0000	168	920.625	072003596 4.63077179832037	
1.65056332776495	-64.5	920.625	2216	0000	169	920.625	072003598 4.6333510544706	
0.26384469551633	-63	920.625	2215	0000	170	920.625	072003601 4.63589255251586	
1.63829148146186	-63.5	920.625	2216	0000	171	920.625	072003602 4.63726845786082	
1.7732817907958	-64	920.625	2216	0000	172	920.625	072003605 4.64005274052102	
0.331339850183298	-63.5	920.625	2215	0000	173	920.625	072003610 4.64463997269334	
1.68737886667421	-63.5	920.625	2216	0000	174	920.625	072003612 4.64669967731924	
0.325203927031756	-63	920.625	2215	0000	175	920.625	072003613 4.64756131727456	
1.66283517406803	-63	920.625	2216	0000	176	920.625	072003613 4.64803404874873	
0.325203927031756	-64	920.625	2215	0000	177	920.625	072003615 4.64971126377132	
1.53398078788564	-62	920.625	2216	0000	178	920.625	072003845 4.88025470107286	
0.386563158547182	-63.5	920.625	2215	0000	179	920.625	072003847 4.88200554440013	
1.76714586764426	-64	920.625	2216	0000	180	920.625	072003849 4.88451041708358	
0.184077694546277	-64	920.625	2215	0000	181	920.625	072003851 4.8863178975683	
0.288388388122501	-63.5	920.625	2215	0000	182	920.625	072003853 4.88822619219329	
1.71805848243192	-63.5	920.625	2216	0000	183	920.625	072003857 4.89240337134568	
0.411106851153352	-63.5	920.625	2215	0000	184	920.625	072003858 4.8937113121017	
1.65669925091649	-63	920.625	2216	0000	185	920.625	072003862 4.89676367730715	
0.319068003880213	-63.5	920.625	2215	0000	186	920.625	072003863 4.89840426696793	
1.70578663612883	-64	920.625	2216	0000	187	920.625	072003865 4.90066408955014	
0.386563158547182	-63.5	920.625	2215	0000	188	920.625	072004095 5.13027943263161	
1.91440802328128	-62.5	920.625	2216	0000	189	920.625	072004098 5.13354362080592	
1.71805848243192	-63.5	920.625	2216	0000	190	920.625	072004100 5.13547721336123	
0.325203927031756	-63	920.625	2215	0000	191	920.625	072004102 5.13752861120404	
1.63829148146186	-64	920.625	2216	0000	192	920.625	072004107 5.14267994946455	
0.288388388122501	-64	920.625	2215	0000	193	920.625	072004109 5.14448629720613	
1.69965071297729	-64.5	920.625	2216	0000	194	920.625	072004110 5.14548650940668	
0.208621387152447	-63.5	920.625	2215	0000	195	920.625	072004111 5.14611178362491	
0.288388388122501	-63	920.625	2215	0000	196	920.625	072004111 5.14664379532389	
1.49102932582484	-64	920.625	2216	0000	197	920.625	072004114 5.14905125209652	
0.257708772364788	-63.5	920.625	2215	0000	198	920.625	072004115 5.15006165898541	
1.68124294352266	-63.5	920.625	2216	0000	199	920.625	072004115 5.15065899220597	
0.306796157577128	-63.5	920.625	2215	0000	200	920.625	072004346 5.38027773351689	
1.71192255928038	-64.5	920.625	2216	0000	201	920.625	072004347 5.3820470783156	
0.251572849213245	-64	920.625	2215	0000	202	920.625	072004351 5.38594484749124	
1.61988371200724	-63.5	920.625	2216	0000	203	920.625	072004355 5.39005783786519	
0.202485464000905	-63.5	920.625	2215	0000	204	920.625	072004359 5.39368110561773	
1.60761186570415	-64	920.625	2216	0000	205	920.625	072004361 5.39555655069139	
0.294524311274043	-63.5	920.625	2215	0000	206	920.625	072004362 5.39626111693005	
1.84691286861431	-64	920.625	2216	0000	207	920.625	072004362 5.39681200768151	
1.67510702037112	-63.5	920.625	2216	0000	208	920.625	072004363 5.39730852676181	
0.306796157577128	-63.5	920.625	2215	0000	209	920.625	072004364 5.39821660918625	
0.312932080728671	-64	920.625	2215	0000	210	920.625	072004596 5.63028811699575	
1.65669925091649	-64	920.625	2216	0000	211	920.625	072004599 5.63331405152773	
1.71192255928038	-64.5	920.625	2216	0000	212	920.625	072004600 5.63502789191214	
0.227029156607075	-63	920.625	2215	0000	213	920.625	072004602 5.63706003312141	
0.300660234425586	-63	920.625	2215	0000	214	920.625	072004605 5.64008105909974	
1.69351478982575	-63.5	920.625	2216	0000	215	920.625	072004608 5.64308886974133	
0.392699081698724	-63	920.625	2215	0000	216	920.625	072004610 5.64488237972722	
1.68737886667421	-64	920.625	2216	0000	217	920.625	072004611 5.64587806095517	
0.257708772364788	-63.5	920.625	2215	0000	218	920.625	072004612 5.64681937051198	
1.79782548340197	-64	920.625	2216	0000	219	920.625	072004614 5.64817035550766	
1.64442740461341	-63.5	920.625	2216	0000	220	920.625	072004846 5.88053562137381	
0.233165079758617	-63.5	920.625	2215	0000	221	920.625	072004849 5.8834361989973	
1.69965071297729	-64	920.625	2216	0000	222	920.625	072004850 5.88429708379052	
0.325203927031756	-63.5	920.625	2215	0000	223	920.625	072004851 5.88599468818979	
1.67510702037112	-63.5	920.625	2216	0000	224	920.625	072004852 5.88688993285854	
0.282252464970958	-63	920.625	2215	0000	225	920.625	072004855 5.88927964332184	
1.57693224994644	-63.5	920.625	2216	0000	226	920.625	072004859 5.89346399651417	
0.300660234425586	-64	920.625	2215	0000	227	920.625	072004860 5.89488483400404	
0.337475773334841	-63.5	920.625	2215	0000	228	920.625	072004861 5.89576006687716	
1.74260217503809	-63.5	920.625	2216	0000	229	920.625	072004862 5.89664322895231	
0.21475731030399	-63.5	920.625	2215	0000	230	920.625	072004862 5.89714918755886	
1.87145656122048	-63.5	920.625	2216	0000	231	920.625	072004863 5.89766798392109	
0.319068003880213	-63.5	920.625	2215	0000	232	920.625	072005095 6.1301212261718	
1.64442740461341	-63.5	920.625	2216	0000	233	920.625	072005097 6.131901898402	
1.64442740461341	-64	920.625	2216	0000	234	920.625	072005099 6.13414095402649	
0.202485464000905	-63.5	920.625	2215	0000	235	920.625	072005100 6.13505016919407	
1.75487402134117	-62.5	920.625	2216	0000	236	920.625	072005102 6.13691315409309	
0.343611696486384	-63	920.625	2215	0000	237	920.625	072005104 6.13943010937013	
1.74873809818963	-63.5	920.625	2216	0000	238	920.625	072005108 6.14277056891647	
0.288388388122501	-63.5	920.625	2215	0000	239	920.625	072005109 6.14461165411461	
1.86532063806894	-63	920.625	2216	0000	240	920.625	072005110 6.14569342382189	
0.26384469551633	-64	920.625	2215	0000	241	920.625	072005111 6.14656223781716	
0.288388388122501	-63.5	920.625	2215	0000	242	920.625	072005345 6.38008667750576	
1.730330328735	-63	920.625	2216	0000	243	920.625	072005348 6.38302878904471	
0.276116541819415	-63.5	920.625	2215	0000	244	920.625	072005350 6.38464332561306	
1.67510702037112	-63.5	920.625	2216	0000	245	920.625	072005351 6.38556198030688	
1.66283517406803	-64.5	920.625	2216	0000	246	920.625	072005354 6.38852183815517	
0.306796157577128	-64.5	920.625	2215	0000	247	920.625	072005354 6.38930871706266	
0.21475731030399	-63	920.625	2215	0000	248	920.625	072005358 6.39291574883006	
1.61374778885569	-64	920.625	2216	0000	249	920.625	072005361 6.39579631465792	
0.300660234425586	-63.5	920.625	2215	0000	250	920.625	072005362 6.39707253860577	
1.69351478982575	-64.5	920.625	2216	0000	251	920.625	072005363 6.39807161806318	
1.56466040364335	-63.5	920.625	2216	0000	252	920.625	072005596 6.63005212883972	
0.368155389092554	-64	920.625	2215	0000	253	920.625	072005598 6.63277146755937	
0.300660234425586	-64	920.625	2215	0000	254	920.625	072005600 6.63410055285417	
1.69965071297729	-64.5	920.625	2216	0000	255	920.625	072005601 6.63569054665429	
0.288388388122501	-63.5	920.625	2215	0000	256	920.625	072005604 6.63893321270877	
1.71805848243192	-62.5	920.625	2216	0000	257	920.625	072005610 6.64439076920056	
1.61988371200724	-64	920.625	2216	0000	258	920.625	072005612 6.6467906743522	
0.325203927031756	-63.5	920.625	2215	0000	259	920.625	072005613 6.64785960630379	
0.497009775274948	-64	920.625	2215	0000	260	920.625	072005615 6.64918453820705	
1.63215555831032	-64	920.625	2216	0000	261	920.625	072005615 6.65010092741457	
0.196349540849362	-64	920.625	2215	0000	262	920.625	072005845 6.88004099019875	
1.65056332776495	-63.5	920.625	2216	0000	263	920.625	072005847 6.88257229355567	
1.68124294352266	-64.5	920.625	2216	0000	264	920.625	072005849 6.88399086555925	
0.509281621578033	-63	920.625	2215	0000	265	920.625	072005851 6.88551176202728	
0.300660234425586	-64.5	920.625	2215	0000	266	920.625	072005853 6.88747480590446	
1.63829148146186	-64	920.625	2216	0000	267	920.625	072005855 6.88968780843652	
1.56466040364335	-64	920.625	2216	0000	268	920.625	072005861 6.89538739438114	
0.26384469551633	-64	920.625	2215	0000	269	920.625	072005862 6.89723187780873	
1.61988371200724	-64	920.625	2216	0000	270	920.625	072005864 6.89903784796926	
0.300660234425586	-63.5	920.625	2215	0000	271	920.625	072005866 6.90075735206941	
0.202485464000905	-63.5	920.625	2215	0000	272	920.625	072006095 7.13007365095955	
1.60761186570415	-63.5	920.625	2216	0000	273	920.625	072006098 7.13308637015479	
0.337475773334841	-63.5	920.625	2215	0000	274	920.625	072006099 7.13427348497492	
1.61374778885569	-64.5	920.625	2216	0000	275	920.625	072006100 7.13572264104351	
1.63215555831032	-63.5	920.625	2216	0000	276	920.625	072006102 7.13725259945674	
0.159534001940107	-63	920.625	2215	0000	277	920.625	072006102 7.13772533093091	
1.69351478982575	-63.5	920.625	2216	0000	278	920.625	072006103 7.13825923053513	
0.343611696486384	-63.5	920.625	2215	0000	279	920.625	072006108 7.14355707024291	
1.60147594255261	-65	920.625	2216	0000	280	920.625	072006111 7.14613934704154	
0.294524311274043	-64	920.625	2215	0000	281	920.625	072006111 7.14656488088451	
1.73646625188655	-63.5	920.625	2216	0000	282	920.625	072006112 7.14705460350592	
0.355883542789469	-64	920.625	2215	0000	283	920.625	072006113 7.14798685111753	
1.60147594255261	-62.5	920.625	2216	0000	284	920.625	072006345 7.37995301381418	
0.190213617697819	-64	920.625	2215	0000	285	920.625	072006348 7.38291438198667	
1.65669925091649	-63.5	920.625	2216	0000	286	920.625	072006350 7.38463690673522	
0.300660234425586	-64.5	920.625	2215	0000	287	920.625	072006352 7.38711346083994	
0.294524311274043	-64	920.625	2215	0000	288	920.625	072006353 7.387881838276	
1.66897109721958	-64.5	920.625	2216	0000	289	920.625	072006354 7.38871969062519	
0.466330159517235	-63	920.625	2215	0000	290	920.625	072006358 7.39274092880407	
1.65056332776495	-64	920.625	2216	0000	291	920.625	072006360 7.3946518664964	
0.282252464970958	-63.5	920.625	2215	0000	292	920.625	072006595 7.62989958609565	
1.68737886667421	-64.5	920.625	2216	0000	293	920.625	072006598 7.63272426992816	
1.62601963515878	-64	920.625	2216	0000	294	920.625	072006601 7.63544511897201	
0.269980618667873	-64.5	920.625	2215	0000	295	920.625	072006602 7.63674626326914	
0.417242774304894	-63.5	920.625	2215	0000	296	920.625	072006603 7.63796131908695	
1.74260217503809	-63.5	920.625	2216	0000	297	920.625	072006604 7.63895964338225	
1.14741762933846	-61.5	920.625	2216	0000	298	920.625	072006609 7.64399393151737	
0.245436926061703	-63.5	920.625	2215	0000	299	920.625	072006613 7.64729210198615	
1.74873809818963	-62	920.625	2216	0000	300	920.625	072006617 7.65161389468056	
0.202485464000905	-63	920.625	2215	0000	301	920.625	072006621 7.65608634221379	
0.380427235395639	-64	920.625	2215	0000	302	920.625	072006845 7.87985635306547	
1.27013609236931	-62	920.625	2216	0000	303	920.625	072006847 7.88248922572475	
1.63829148146186	-64.5	920.625	2216	0000	304	920.625	072006850 7.88521875913274	
0.392699081698724	-63.5	920.625	2215	0000	305	920.625	072006851 7.88639983265608	
0.306796157577128	-63.5	920.625	2215	0000	306	920.625	072006853 7.88783199757744	
1.68737886667421	-63.5	920.625	2216	0000	307	920.625	072006854 7.88958321848576	
0.288388388122501	-63	920.625	2215	0000	308	920.625	072006858 7.89297427389276	
1.65056332776495	-64.5	920.625	2216	0000	309	920.625	072006859 7.89440832671937	
1.60147594255261	-64	920.625	2216	0000	310	920.625	072006860 7.89550293418234	
0.325203927031756	-64	920.625	2215	0000	311	920.625	072006861 7.89623430867553	
1.66283517406803	-64	920.625	2216	0000	312	920.625	072007094 8.12976063626938	
0.177941771394734	-63	920.625	2215	0000	313	920.625	072007098 8.13383020482262	
0.380427235395639	-63.5	920.625	2215	0000	314	920.625	072007102 8.13710572042842	
1.66283517406803	-64.5	920.625	2216	0000	315	920.625	072007104 8.13956792645325	
1.5707963267949	-63.5	920.625	2216	0000	316	920.625	072007110 8.14508136494039	
0.220893233455532	-63	920.625	2215	0000	317	920.625	072007112 8.14776407829823	
0.343611696486384	-63.5	920.625	2215	0000	318	920.625	072007115 8.1503557946231	
1.71805848243192	-63.5	920.625	2216	0000	319	920.625	072007122 8.1570140588528	
1.64442740461341	-63.5	920.625	2216	0000	320	920.625	072007125 8.16027182814927	
0.251572849213245	-63.5	920.625	2215	0000	321	920.625	072007131 8.16644565589227	
1.66283517406803	-64	920.625	2216	0000	322	920.625	072007345 8.3797683766809	
0.288388388122501	-64	920.625	2215	0000	323	920.625	072007347 8.38218942637132	
1.64442740461341	-63	920.625	2216	0000	324	920.625	072007350 8.38473130199763	
0.26384469551633	-63.5	920.625	2215	0000	325	920.625	072007351 8.38606491826503	
1.66897109721958	-63.5	920.625	2216	0000	326	920.625	072007353 8.38811858159413	
0.196349540849362	-63.5	920.625	2215	0000	327	920.625	072007354 8.38918184982998	
1.55852448049181	-63	920.625	2216	0000	328	920.625	072007358 8.39323782546542	
0.23930100291016	-63	920.625	2215	0000	329	920.625	072007361 8.39592771286321	
1.70578663612883	-65	920.625	2216	0000	330	920.625	072007362 8.3968263557614	
0.337475773334841	-63.5	920.625	2215	0000	331	920.625	072007363 8.3979874174891	
0.220893233455532	-64	920.625	2215	0000	332	920.625	072007596 8.63012537956335	
1.66897109721958	-64	920.625	2216	0000	333	920.625	072007599 8.63366671222811	
1.64442740461341	-63	920.625	2216	0000	334	920.625	072007602 8.63610135483632	
0.368155389092554	-63.5	920.625	2215	0000	335	920.625	072007602 8.63667716593705	
1.68124294352266	-64	920.625	2216	0000	336	920.625	072007603 8.6376256495338	
0.171805848243192	-64	920.625	2215	0000	337	920.625	072007604 8.63814595622023	
1.59534001940107	-64	920.625	2216	0000	338	920.625	072007604 8.63905026283417	
0.386563158547182	-63.5	920.625	2215	0000	339	920.625	072007605 8.63959851051828	
1.65056332776495	-64.5	920.625	2216	0000	340	920.625	072007605 8.64008521249129	
0.159534001940107	-63.5	920.625	2215	0000	341	920.625	072007609 8.64380287550624	
1.63829148146186	-64	920.625	2216	0000	342	920.625	072007612 8.64642177766668	
0.380427235395639	-63	920.625	2215	0000	343	920.625	072007613 8.64739027305906	
1.61988371200724	-63.5	920.625	2216	0000	344	920.625	072007845 8.87975553892521	
0.220893233455532	-63.5	920.625	2215	0000	345	920.625	072007847 8.88158793975921	
1.71805848243192	-64.5	920.625	2216	0000	346	920.625	072007849 8.88344563852354	
0.349747619637926	-63	920.625	2215	0000	347	920.625	072007853 8.88712894166297	
1.66897109721958	-63.5	920.625	2216	0000	348	920.625	072007857 8.89189741273913	
0.368155389092554	-63.5	920.625	2215	0000	349	920.625	072007859 8.89367355399673	
1.61374778885569	-62	920.625	2216	0000	350	920.625	072007862 8.89614519954781	
0.337475773334841	-63.5	920.625	2215	0000	351	920.625	072007862 8.89660773633364	
1.68737886667421	-64	920.625	2216	0000	352	920.625	072007863 8.89746220224902	
0.300660234425586	-63.5	920.625	2215	0000	353	920.625	072007863 8.89795268003253	
1.55238855734027	-64	920.625	2216	0000	354	920.625	072008095 9.12967681327635	
0.116582539879309	-63.5	920.625	2215	0000	355	920.625	072008098 9.13252792778234	
1.59534001940107	-64	920.625	2216	0000	356	920.625	072008100 9.13526199216293	
0.269980618667873	-63	920.625	2215	0000	357	920.625	072008102 9.13669189159799	
0.337475773334841	-63.5	920.625	2215	0000	358	920.625	072008104 9.13897814485368	
1.60147594255261	-64	920.625	2216	0000	359	920.625	072008109 9.14392672209053	
1.72419440558346	-63.5	920.625	2216	0000	360	920.625	072008111 9.14615445028353	
0.184077694546277	-62	920.625	2215	0000	361	920.625	072008112 9.1474034883958	
1.38058270909708	-62	920.625	2216	0000	362	920.625	072008113 9.14843466224242	
0.319068003880213	-63.5	920.625	2215	0000	363	920.625	072008114 9.1489058833924	
0.423378697456437	-62.5	920.625	2215	0000	364	920.625	072008345 9.37984313772873	
1.64442740461341	-64.5	920.625	2216	0000	365	920.625	072008348 9.38268367996532	
1.5278448647341	-64	920.625	2216	0000	366	920.625	072008349 9.38364839954721	
0.325203927031756	-63.5	920.625	2215	0000	367	920.625	072008351 9.38638850522459	
1.65056332776495	-64	920.625	2216	0000	368	920.625	072008352 9.38728639296068	
0.227029156607075	-63.5	920.625	2215	0000	369	920.625	072008353 9.38824393850262	
0.355883542789469	-64	920.625	2215	0000	370	920.625	072008354 9.38925510055361	
1.66897109721958	-64	920.625	2216	0000	371	920.625	072008359 9.39402848018341	
0.441786466911065	-62.5	920.625	2215	0000	372	920.625	072008360 9.39487426173465	
1.62601963515878	-64	920.625	2216	0000	373	920.625	072008361 9.39577630286229	
0.269980618667873	-63.5	920.625	2215	0000	374	920.625	072008362 9.39719072147432	
1.5707963267949	-64.5	920.625	2216	0000	375	920.625	072008363 9.3980946505072	
0.171805848243192	-61.5	920.625	2215	0000	376	920.625	072008595 9.62961149175476	
1.63215555831032	-64	920.625	2216	0000	377	920.625	072008597 9.63202347949999	
1.58306817309798	-64.5	920.625	2216	0000	378	920.625	072008599 9.63410055285417	
0.791534086548991	-62.5	920.625	2215	0000	379	920.625	072008602 9.63675419247119	
0.294524311274043	-63.5	920.625	2215	0000	380	920.625	072008603 9.63798208604468	
1.61988371200724	-63	920.625	2216	0000	381	920.625	072008604 9.63849710659642	
1.55852448049181	-64	920.625	2216	0000	382	920.625	072008604 9.63898720679888	
0.294524311274043	-63.5	920.625	2215	0000	383	920.625	072008608 9.64264596717008	
0.251572849213245	-63.5	920.625	2215	0000	384	920.625	072008610 9.64525618496638	
1.62601963515878	-63.5	920.625	2216	0000	385	920.625	072008611 9.64569493414609	
1.62601963515878	-64.5	920.625	2216	0000	386	920.625	072008845 9.87961017022109	
0.288388388122501	-63.5	920.625	2215	0000	387	920.625	072008848 9.88321002794855	
1.78555363709889	-63	920.625	2216	0000	388	920.625	072008851 9.88624049345312	
0.380427235395639	-63.5	920.625	2215	0000	389	920.625	072008854 9.88912068169993	
1.69965071297729	-62.5	920.625	2216	0000	390	920.625	072008858 9.89286213232101	
0.276116541819415	-63.5	920.625	2215	0000	391	920.625	072008860 9.89464204938911	
1.68124294352266	-64.5	920.625	2216	0000	392	920.625	072008861 9.89564226158966	
0.300660234425586	-64	920.625	2215	0000	393	920.625	072008862 9.89674668615992	
0.417242774304894	-63.5	920.625	2215	0000	394	920.625	072008863 9.89813693958477	
1.68124294352266	-64	920.625	2216	0000	395	920.625	072008871 9.90589283192584	
1.58306817309798	-63.5	920.625	2216	0000	396	920.625	072009095 10.1295990315801	
0.312932080728671	-63	920.625	2215	0000	397	920.625	072009099 10.1331426297312	
1.67510702037112	-63.5	920.625	2216	0000	398	920.625	072009100 10.1345445881686	
0.349747619637926	-63	920.625	2215	0000	399	920.625	072009102 10.136151950697	
1.5707963267949	-64	920.625	2216	0000	400	920.625	072009103 10.1375085994084	
0.460194236365692	-63.5	920.625	2215	0000	401	920.625	072009105 10.1395426285229	
0.282252464970958	-63.5	920.625	2215	0000	402	920.625	072009109 10.1433112649796	
1.70578663612883	-64	920.625	2216	0000	403	920.625	072009110 10.1448940847398	
1.61374778885569	-64.5	920.625	2216	0000	404	920.625	072009112 10.146249600708	
0.441786466911065	-63.5	920.625	2215	0000	405	920.625	072009114 10.148393128327	
0.312932080728671	-63	920.625	2215	0000	406	920.625	072009344 10.3795520227394	
1.61988371200724	-64	920.625	2216	0000	407	920.625	072009347 10.3824374971209	
0.466330159517235	-63	920.625	2215	0000	408	920.625	072009348 10.3828826651785	
1.69965071297729	-63.5	920.625	2216	0000	409	920.625	072009350 10.3849937208271	
1.70578663612883	-64.5	920.625	2216	0000	410	920.625	072009351 10.3865100863226	
0.23930100291016	-63	920.625	2215	0000	411	920.625	072009353 10.3880105934139	
1.71192255928038	-64.5	920.625	2216	0000	412	920.625	072009353 10.3885331655867	
0.392699081698724	-63.5	920.625	2215	0000	413	920.625	072009358 10.3933544980098	
0.306796157577128	-63.5	920.625	2215	0000	414	920.625	072009360 10.3953315123858	
1.67510702037112	-64	920.625	2216	0000	415	920.625	072009362 10.397446721426	
0.331339850183298	-63	920.625	2215	0000	416	920.625	072009595 10.629529934248	
1.64442740461341	-64	920.625	2216	0000	417	920.625	072009597 10.6324380634925	
0.380427235395639	-63	920.625	2215	0000	418	920.625	072009599 10.6337656384631	
1.56466040364335	-64	920.625	2216	0000	419	920.625	072009600 10.6347522577459	
1.47262155637022	-64.5	920.625	2216	0000	420	920.625	072009602 10.6367458856881	
0.411106851153352	-63	920.625	2215	0000	421	920.625	072009603 10.6381183928036	
0.398835004850267	-63.5	920.625	2215	0000	422	920.625	072009605 10.6399186992484	
1.58306817309798	-64	920.625	2216	0000	423	920.625	072009609 10.6444258842382	
0.325203927031756	-63	920.625	2215	0000	424	920.625	072009610 10.6452946982334	
1.60761186570415	-62.5	920.625	2216	0000	425	920.625	072009613 10.6475658482472	
0.460194236365692	-63.5	920.625	2215	0000	426	920.625	072009613 10.6480823791231	
1.56466040364335	-63.5	920.625	2216	0000	427	920.625	072009614 10.648964030874	
1.65669925091649	-64	920.625	2216	0000	428	920.625	072009845 10.8794368605193	
0.386563158547182	-63.5	920.625	2215	0000	429	920.625	072009847 10.8820074323054	
1.56466040364335	-64	920.625	2216	0000	430	920.625	072009849 10.884277827157	
0.0920388472731385	-62.5	920.625	2215	0000	431	920.625	072009851 10.8855106292841	
0.26384469551633	-64	920.625	2215	0000	432	920.625	072009852 10.8868434903894	
1.70578663612883	-64.5	920.625	2216	0000	433	920.625	072009853 10.8879263928399	
0.349747619637926	-63	920.625	2215	0000	434	920.625	072009858 10.8924418846127	
1.66897109721958	-64	920.625	2216	0000	435	920.625	072009859 10.8937841852443	
0.355883542789469	-63.5	920.625	2215	0000	436	920.625	072009860 10.8951940728837	
1.54625263418873	-64	920.625	2216	0000	437	920.625	072009862 10.8970993468603	
0.165669925091649	-63.5	920.625	2215	0000	438	920.625	072010064 11.0982386599195	
1.62601963515878	-64.5	920.625	2216	0000	439	920.625	072010066 11.1001941521757	
1.53398078788564	-64	920.625	2216	0000	440	920.625	072010069 11.1032155557351	
0.349747619637926	-63	920.625	2215	0000	441	920.625	072010073 11.1075611360357	
0.196349540849362	-62.5	920.625	2215	0000	442	920.625	072010076 11.1108857371779	
1.65056332776495	-64.5	920.625	2216	0000	443	920.625	072010078 11.113091188089	
1.44807786376405	-64	920.625	2216	0000	444	920.625	072010081 11.1153461021176	
0.312932080728671	-63.5	920.625	2215	0000	445	920.625	072010082 11.1166064676613	
1.55852448049181	-64	920.625	2216	0000	446	920.625	072010085 11.1196425968816	
0.460194236365692	-63	920.625	2215	0000	447	920.625	072010092 11.1269393506663	
