171	-57	922750	C00000000000000000095417	010F	0	000B	105147488 9483394	
8	-57	922750	C00000000000000000095417	011B	1	000A	105147769 2293965	
11	-57	922750	C00000000000000000095417	011B	2	000A	105147860 3198813	
8	-56	922750	C00000000000000000095417	0136	3	000B	105147956 4156304	
8	-56	922750	C00000000000000000095417	0136	4	000B	105148048 5073333	
177	-56	922750	C00000000000000000095417	0136	5	000B	105148140 6001536	
168	-56	922750	C00000000000000000095417	0131	6	000B	105148263 7227809	
0	-56	922750	C00000000000000000095417	0131	7	000B	105148358 8175408	
5	-56	922750	C00000000000000000095417	0124	8	000A	105148451 9103587	
171	-56	922750	C00000000000000000095417	0124	9	000A	105148546 006066	
165	-56	922750	C00000000000000000095417	0124	10	000A	105148669 1287434	
171	-56	922750	C00000000000000000095417	0122	11	000A	105148763 2224919	
174	-56	922750	C00000000000000000095417	0122	12	000A	105148855 31425	
2	-56	922750	C00000000000000000095417	012D	13	000A	105148947 4069379	
177	-56	922750	C00000000000000000095417	012D	14	000A	105149068 527611	
177	-56	922750	C00000000000000000095417	012D	15	000A	105149162 6214038	
171	-56	922750	C00000000000000000095417	0137	16	000A	105149254 7141506	
171	-56	922750	C00000000000000000095417	0137	17	000A	105149347 8068871	
2	-56	922750	C00000000000000000095417	012D	18	000A	105149439 898578	
0	-56	922750	C00000000000000000095417	012D	19	000A	105149565 0243236	
157	-56	922750	C00000000000000000095417	012D	20	000A	105149658 1180923	
2	-56	922750	C00000000000000000095417	0120	21	000B	105149754 2138351	
5	-56	922750	C00000000000000000095417	0120	22	000B	105149847 3065777	
14	-56	922750	C00000000000000000095417	011E	23	000B	105149940 3992481	
0	-56	922750	C00000000000000000095417	011E	24	000B	105150063 5229868	
2	-56	922750	C00000000000000000095417	011E	25	000B	105150156 6157773	
177	-56	922750	C00000000000000000095417	011A	26	000A	105150249 7086369	
8	-56	922750	C00000000000000000095417	011A	27	000A	105150343 8023668	
165	-56	922750	C00000000000000000095417	0130	28	000B	105150438 8980208	
174	-56	922750	C00000000000000000095417	0130	29	000B	105150562 0217649	
174	-56	922750	C00000000000000000095417	0130	30	000B	105150656 1155256	
2	-56	922750	C00000000000000000095417	0129	31	000B	105150749 2082717	
5	-56	922750	C00000000000000000095417	0129	32	000B	105150844 3040444	
177	-56	922750	C00000000000000000095417	011C	33	000A	105150968 4276824	
5	-56	922750	C00000000000000000095417	011C	34	000A	105151061 5204653	
0	-57	922750	C00000000000000000095417	011C	35	000A	105151153 6122	
0	-56	922750	C00000000000000000095417	0124	36	000A	105151247 7069846	
171	-56	922750	C00000000000000000095417	0124	37	000A	105151340 7997017	
177	-56	922750	C00000000000000000095417	0124	38	000A	105151466 925473	
177	-56	922750	C00000000000000000095417	0128	39	000A	105151559 0191818	
174	-56	922750	C00000000000000000095417	0128	40	000A	105151653 1129645	
0	-56	922750	C00000000000000000095417	0128	41	000A	105151683 1428104	
171	-56	922750	C00000000000000000095417	0133	42	000A	105151714 1737782	
171	-56	922750	C00000000000000000095417	0133	43	000A	105151841 3004523	
174	-56	922750	C00000000000000000095417	0133	44	000A	105151933 3932647	
177	-56	922750	C00000000000000000095417	0135	45	000B	105152025 4849181	
174	-56	922750	C00000000000000000095417	0135	46	000B	105152118 5777695	
0	-56	922750	C00000000000000000095417	0133	47	000A	105152212 6714066	
174	-56	922750	C00000000000000000095417	0133	48	000A	105152335 7951191	
165	-56	922750	C00000000000000000095417	0133	49	000A	105152427 8868502	
174	-56	922750	C00000000000000000095417	0137	50	000A	105152519 9786106	
174	-56	922750	C00000000000000000095417	0137	51	000A	105152611 0703601	
171	-56	922750	C00000000000000000095417	0121	52	000A	105152734 1939853	
5	-56	922750	C00000000000000000095417	0121	53	000A	105152830 2897824	
174	-56	922750	C00000000000000000095417	0121	54	000A	105152924 3835371	
174	-56	922750	C00000000000000000095417	0126	55	000A	105153018 47733	
2	-56	922750	C00000000000000000095417	0126	56	000A	105153111 5710953	
2	-56	922750	C00000000000000000095417	0123	57	000A	105153237 6967711	
171	-56	922750	C00000000000000000095417	0123	58	000A	105153330 7895405	
0	-56	922750	C00000000000000000095417	0123	59	000A	105153423 8822334	
2	-56	922750	C00000000000000000095417	0130	60	000A	105153516 9760029	
2	-56	922750	C00000000000000000095417	0130	61	000A	105153640 0996898	
168	-56	922750	C00000000000000000095417	0126	62	000A	105153733 1923934	
171	-56	922750	C00000000000000000095417	0126	63	000A	105153824 2841396	
2	-56	922750	C00000000000000000095417	0126	64	000A	105153915 3748573	
8	-56	922750	C00000000000000000095417	0123	65	000A	105154009 4686375	
0	-56	922750	C00000000000000000095417	0123	66	000A	105154131 5903332	
5	-56	922750	C00000000000000000095417	0123	67	000A	105154223 6830825	
174	-56	922750	C00000000000000000095417	0130	68	000A	105154316 775909	
2	-56	922750	C00000000000000000095417	0130	69	000A	105154410 8695808	
0	-56	922750	C00000000000000000095417	012C	70	000A	105154534 9933589	
177	-56	922750	C00000000000000000095417	012C	71	000A	105154625 0850347	
8	-56	922750	C00000000000000000095417	012C	72	000A	105154719 1788115	
177	-56	922750	C00000000000000000095417	0120	73	000A	105154813 2725029	
177	-56	922750	C00000000000000000095417	0120	74	000A	105154936 3961947	
0	-56	922750	C00000000000000000095417	012D	75	000A	105155030 4899981	
177	-56	922750	C00000000000000000095417	012D	76	000A	105155125 5843184	
171	-56	922750	C00000000000000000095417	012D	77	000A	105155215 6750647	
177	-57	922750	C00000000000000000095417	0111	78	000A	105155337 796756	
2	-57	922750	C00000000000000000095417	0111	79	000A	105155429 8885069	
168	-56	922750	C00000000000000000095417	0132	80	000A	105155521 9802959	
171	-56	922750	C00000000000000000095417	0132	81	000A	105155616 0758295	
2	-56	922750	C00000000000000000095417	0132	82	000A	105155739 1984641	
2	-57	922750	C00000000000000000095417	011B	83	000A	105155830 2903095	
8	-57	922750	C00000000000000000095417	011B	84	000A	105155926 385953	
177	-56	922750	C00000000000000000095417	011A	85	000A	105156020 4796988	
0	-57	922750	C00000000000000000095417	011A	86	000A	105156114 573439	
11	-57	922750	C00000000000000000095417	011A	87	000A	105156235 6951444	
174	-56	922750	C00000000000000000095417	011F	88	000A	105156327 7868766	
19	-57	922750	C00000000000000000095417	011F	89	000A	105156419 8787088	
171	-57	922750	C00000000000000000095417	011C	90	000A	105156511 9703582	
171	-56	922750	C00000000000000000095417	011C	91	000A	105156633 .0930548	
11	-57	922750	C00000000000000000095417	011C	92	000A	105156694 .153966	
5	-57	922750	C00000000000000000095417	011C	93	000A	105156724 .1838184	
177	-56	922750	C00000000000000000095417	0130	94	000A	105156817 .2765673	
177	-56	922750	C00000000000000000095417	0130	95	000A	105156911 .3704252	
5	-57	922750	C00000000000000000095417	0127	96	000A	105157033 .4930392	
174	-57	922750	C00000000000000000095417	0127	97	000A	105157128 .588018	
174	-56	922750	C00000000000000000095417	0127	98	000A	105157219 .6785693	
0	-56	922750	C00000000000000000095417	013B	99	000B	105157311 .7703272	
0	-57	922750	C00000000000000000095417	013B	100	000B	105157432 .8920215	
2	-57	922750	C00000000000000000095417	0122	101	0009	105157526 .9858184	
168	-57	922750	C00000000000000000095417	0122	102	0009	105157620 .0795045	
2	-57	922750	C00000000000000000095417	0122	103	0009	105157716 .1752995	
177	-57	922750	C00000000000000000095417	0125	104	0009	105157809 .2689655	
174	-57	922750	C00000000000000000095417	0125	105	0009	105157930 .3901731	
174	-57	922750	C00000000000000000095417	0125	106	0009	105158022 .4819584	
0	-57	922750	C00000000000000000095417	0129	107	0009	105158114 .5738215	
171	-56	922750	C00000000000000000095417	0129	108	0009	105158239 .6984572	
0	-56	922750	C00000000000000000095417	0123	109	000A	105158330 .790195	
168	-56	922750	C00000000000000000095417	0123	110	000A	105158426 .8860596	
171	-57	922750	C00000000000000000095417	0123	111	000A	105158519 .9791739	
177	-57	922750	C00000000000000000095417	0132	112	000A	105158614 .0739149	
171	-57	922750	C00000000000000000095417	0132	113	000A	105158739 .1986157	
168	-57	922750	C00000000000000000095417	012A	114	0009	105158829 .2884261	
2	-57	922750	C00000000000000000095417	012A	115	0009	105158921 .381124	
174	-57	922750	C00000000000000000095417	012A	116	0009	105159016 .4759268	
11	-57	922750	C00000000000000000095417	0121	117	000A	105159112 .5716322	
171	-57	922750	C00000000000000000095417	0121	118	000A	105159238 .6972913	
177	-57	922750	C00000000000000000095417	011F	119	000A	105159329 .789079	
0	-57	922750	C00000000000000000095417	011F	120	000A	105159423 .8827884	
168	-57	922750	C00000000000000000095417	011F	121	000A	105159513 .9725147	
0	-57	922750	C00000000000000000095417	0133	122	000A	105159636 .0962014	
174	-57	922750	C00000000000000000095417	0133	123	000A	105159730 .1900387	
168	-57	922750	C00000000000000000095417	0120	124	0009	105159824 .2837196	
2	-57	922750	C00000000000000000095417	0120	125	0009	105159918 .377465	
168	-57	922750	C00000000000000000095417	0120	126	0009	105200011 .4711868	
2	-57	922750	C00000000000000000095417	0131	127	0009	105200135 .5948715	
168	-57	922750	C00000000000000000095417	0131	128	0009	105200229 .6886733	
174	-56	922750	C00000000000000000095417	0121	129	000B	105200324 .7839694	
0	-57	922750	C00000000000000000095417	0121	130	000B	105200418 .8776288	
177	-57	922750	C00000000000000000095417	0121	131	000B	105200512 .971393	
5	-57	922750	C00000000000000000095417	011D	132	000A	105200634 .0940325	
2	-57	922750	C00000000000000000095417	011D	133	000A	105200727 .1868433	
168	-57	922750	C00000000000000000095417	0129	134	0009	105200823 .2825777	
177	-57	922750	C00000000000000000095417	0129	135	0009	105200916 .3754326	
5	-57	922750	C00000000000000000095417	0129	136	0009	105201008 .4680308	
8	-57	922750	C00000000000000000095417	012C	137	000A	105201133 .5927689	
165	-57	922750	C00000000000000000095417	012C	138	000A	105201227 .6865458	
174	-56	922750	C00000000000000000095417	012C	139	000A	105201319 .7792582	
0	-56	922750	C00000000000000000095417	011F	140	000B	105201411 .8709731	
177	-55	922750	C00000000000000000095417	011F	141	000B	105201533 .9926797	
171	-55	922750	C00000000000000000095417	012D	142	000C	105201627 .0864096	
174	-56	922750	C00000000000000000095417	012D	143	000C	105201688 .1483166	
2	-56	922750	C00000000000000000095417	012D	144	000C	105201718 .1783363	
177	-56	922750	C00000000000000000095417	012D	145	000C	105201811 .2710392	
168	-56	922750	C00000000000000000095417	0138	146	000B	105201936 .3956131	
174	-56	922750	C00000000000000000095417	0138	147	000B	105202032 .4913745	
177	-56	922750	C00000000000000000095417	0136	148	000B	105202127 .587119	
0	-56	922750	C00000000000000000095417	0136	149	000B	105202221 .6808241	
5	-55	922750	C00000000000000000095417	0136	150	000B	105202313 .7726132	
174	-56	922750	C00000000000000000095417	0124	151	000B	105202436 .8962633	
0	-56	922750	C00000000000000000095417	0124	152	000B	105202528 .987957	
174	-56	922750	C00000000000000000095417	012A	153	000A	105202620 .079775	
0	-56	922750	C00000000000000000095417	012A	154	000A	105202714 .1735255	
177	-57	922750	C00000000000000000095417	012A	155	000A	105202839 .2991399	
174	-57	922750	C00000000000000000095417	0125	156	000A	105202931 .3909031	
177	-56	922750	C00000000000000000095417	0125	157	000A	105203027 .4866561	
171	-57	922750	C00000000000000000095417	012E	158	000A	105203121 .5804554	
0	-56	922750	C00000000000000000095417	012E	159	000A	105203213 .6732206	
174	-56	922750	C00000000000000000095417	012E	160	000A	105203338 .7978635	
2	-56	922750	C00000000000000000095417	013A	161	000A	105203431 .8905973	
5	-56	922750	C00000000000000000095417	013A	162	000A	105203525 .9843881	
5	-56	922750	C00000000000000000095417	012C	163	000A	105203618 .0781148	
174	-56	922750	C00000000000000000095417	012C	164	000A	105203710 .169912	
171	-56	922750	C00000000000000000095417	012C	165	000A	105203835 .2945523	
177	-56	922750	C00000000000000000095417	0134	166	000A	105203926 .3853753	
177	-56	922750	C00000000000000000095417	0134	167	000A	105204019 .4791839	
177	-56	922750	C00000000000000000095417	012C	168	000A	105204112 .5718773	
177	-56	922750	C00000000000000000095417	012C	169	000A	105204235 .694557	
174	-56	922750	C00000000000000000095417	012C	170	000A	105204329 .7883378	
174	-55	922750	C00000000000000000095417	011F	171	000B	105204420 .8801453	
0	-56	922750	C00000000000000000095417	011F	172	000B	105204512 .9718167	
5	-55	922750	C00000000000000000095417	0119	173	000B	105204635 .0944862	
5	-56	922750	C00000000000000000095417	0119	174	000B	105204730 .1893804	
5	-56	922750	C00000000000000000095417	0119	175	000B	105204823 .2829831	
174	-56	922750	C00000000000000000095417	011B	176	000B	105204915 .3747413	
0	-56	922750	C00000000000000000095417	011B	177	000B	105205011 .4704542	
0	-56	922750	C00000000000000000095417	012C	178	000B	105205134 .5942184	
2	-57	922750	C00000000000000000095417	012C	179	000B	105205227 .6869782	
174	-56	922750	C00000000000000000095417	012C	180	000B	105205321 .7807638	
0	-56	922750	C00000000000000000095417	013B	181	000A	105205417 .8765167	
171	-56	922750	C00000000000000000095417	013B	182	000A	105205510 .9701927	
171	-57	922750	C00000000000000000095417	012F	183	000A	105205636 .0958771	
0	-57	922750	C00000000000000000095417	012F	184	000A	105205728 .1876286	
168	-57	922750	C00000000000000000095417	012F	185	000A	105205823 .2824243	
5	-57	922750	C00000000000000000095417	012A	186	000A	105205915 .3751417	
171	-57	922750	C00000000000000000095417	012A	187	000A	105206038 .4978425	
168	-57	922750	C00000000000000000095417	012B	188	0008	105206131 .5906406	
0	-57	922750	C00000000000000000095417	012B	189	0008	105206226 .6853535	
177	-57	922750	C00000000000000000095417	012B	190	0008	105206317 .7776768	
177	-57	922750	C00000000000000000095417	0134	191	0009	105206438 .8977717	
0	-57	922750	C00000000000000000095417	0134	192	0009	105206533 .9925534	
5	-56	922750	C00000000000000000095417	0126	193	000A	105206625 .084239	
171	-56	922750	C00000000000000000095417	0126	194	000A	105206686 .1461046	
14	-56	922750	C00000000000000000095417	0126	195	000A	105206748 .2079261	
5	-56	922750	C00000000000000000095417	0126	196	000A	105206843 .3026519	
16	-56	922750	C00000000000000000095417	012D	197	000A	105206934 .3933859	
8	-56	922750	C00000000000000000095417	012D	198	000A	105207027 .4871541	
0	-56	922750	C00000000000000000095417	011E	199	000B	105207119 .578924	
