163	-53	922750	C00000000000000000095417	0186	0	000C	114527068 7724624	
168	-53	922750	C00000000000000000095417	0176	1	000C	114527316 0205936	
171	-53	922750	C00000000000000000095417	017E	2	000C	114527504 2080973	
168	-53	922750	C00000000000000000095417	017E	3	000C	114527630 334865	
160	-53	922750	C00000000000000000095417	0173	4	0000	114527723 4276535	
157	-53	922750	C00000000000000000095417	0184	5	000C	114527816 520308	
174	-53	922750	C00000000000000000095417	0184	6	000C	114527908 613025	
168	-53	922750	C00000000000000000095417	017F	7	000C	114528002 7068264	
171	-53	922750	C00000000000000000095417	017F	8	000C	114528128 8324027	
168	-53	922750	C00000000000000000095417	017F	9	000C	114528221 9258228	
168	-55	922750	C00000000000000000095417	0185	10	000C	114528409 1133852	
0	-54	922750	C00000000000000000095417	015F	11	0000	114528630 3347467	
168	-53	922750	C00000000000000000095417	0176	12	0000	114528908 612474	
160	-53	922750	C00000000000000000095417	016E	13	000C	114529003 7072528	
157	-55	922750	C00000000000000000095417	016E	14	000C	114529125 8298994	
171	-56	922750	C00000000000000000095417	017D	15	0000	114529217 9217734	
165	-54	922750	C00000000000000000095417	017B	16	000B	114529529 2334443	
0	-55	922750	C00000000000000000095417	0164	17	0000	114529714 4189118	
163	-55	922750	C00000000000000000095417	0169	18	000A	114529806 5106585	
160	-55	922750	C00000000000000000095417	0174	19	0000	114530116 8208377	
160	-53	922750	C00000000000000000095417	0170	20	000A	114530429 1339783	
2	-54	922750	C00000000000000000095417	017A	21	000B	114530708 4123411	
157	-53	922750	C00000000000000000095417	017D	22	0000	114531019 7234738	
174	-53	922750	C00000000000000000095417	0176	23	000C	114531113 8172361	
165	-53	922750	C00000000000000000095417	0176	24	000C	114531209 9130408	
160	-54	922750	C00000000000000000095417	0171	25	000C	114531302 006664	
157	-54	922750	C00000000000000000095417	0171	26	000C	114531424 1284056	
168	-54	922750	C00000000000000000095417	0171	27	000C	114531456 160278	
165	-54	922750	C00000000000000000095417	0173	28	000C	114531581 2850052	
157	-54	922750	C00000000000000000095417	0173	29	000C	114531673 3777595	
163	-54	922750	C00000000000000000095417	0173	30	000C	114531763 4674975	
157	-54	922750	C00000000000000000095417	016A	31	000C	114531858 5622138	
171	-55	922750	C00000000000000000095417	0152	32	0000	114532268 9721789	
168	-54	922750	C00000000000000000095417	0174	33	000B	114532581 2853683	
171	-54	922750	C00000000000000000095417	0174	34	000B	114532675 3790845	
174	-55	922750	C00000000000000000095417	0169	35	0000	114533173 8783116	
174	-54	922750	C00000000000000000095417	0166	36	000B	114533359 0632448	
174	-53	922750	C00000000000000000095417	0166	37	000B	114533571 2757005	
165	-53	922750	C00000000000000000095417	0176	38	000D	114533665 3693978	
160	-55	922750	C00000000000000000095417	0175	39	0000	114533761 4651834	
165	-54	922750	C00000000000000000095417	0174	40	000A	114533976 6806113	
163	-55	922750	C00000000000000000095417	016D	41	000B	114534163 8670073	
163	-55	922750	C00000000000000000095417	016D	42	000B	114534254 9588436	
165	-55	922750	C00000000000000000095417	0175	43	000A	114534476 1802158	
163	-54	922750	C00000000000000000095417	0170	44	000B	114534752 4565191	
160	-54	922750	C00000000000000000095417	0186	45	000C	114534878 5822509	
174	-54	922750	C00000000000000000095417	0186	46	000C	114534969 673941	
163	-54	922750	C00000000000000000095417	0186	47	000C	114535064 7687507	
168	-54	922750	C00000000000000000095417	016B	48	000B	114535159 8634269	
165	-54	922750	C00000000000000000095417	016B	49	000B	114535253 9572023	
171	-54	922750	C00000000000000000095417	0175	50	0000	114535475 1794091	
171	-54	922750	C00000000000000000095417	0177	51	0000	114535569 2730863	
174	-54	922750	C00000000000000000095417	0187	52	000B	114535752 4566616	
168	-54	922750	C00000000000000000095417	0175	53	000B	114535878 582888	
160	-54	922750	C00000000000000000095417	0175	54	000B	114535971 6756032	
171	-54	922750	C00000000000000000095417	0175	55	000B	114536065 76935	
165	-54	922750	C00000000000000000095417	0181	56	000B	114536155 8591708	
165	-54	922750	C00000000000000000095417	0179	57	0000	114536281 9853458	
168	-54	922750	C00000000000000000095417	0177	58	000B	114536377 .0811665	
168	-54	922750	C00000000000000000095417	0156	59	0000	114536438 .1430111	
171	-54	922750	C00000000000000000095417	0156	60	0000	114536562 .2666612	
168	-54	922750	C00000000000000000095417	016F	61	000B	114536653 .357403	
171	-54	922750	C00000000000000000095417	0166	62	0000	114536774 .478097	
163	-54	922750	C00000000000000000095417	018D	63	000B	114537057 .7613362	
171	-54	922750	C00000000000000000095417	0170	64	000B	114537275 .9794172	
0	-54	922750	C00000000000000000095417	0157	65	000B	114537464 .1689483	
165	-54	922750	C00000000000000000095417	0172	66	000B	114537653 .3574748	
171	-54	922750	C00000000000000000095417	0172	67	000B	114537779 .4831166	
163	-54	922750	C00000000000000000095417	017E	68	0000	114537963 .6676293	
174	-54	922750	C00000000000000000095417	017B	69	000B	114538183 .8870517	
165	-54	922750	C00000000000000000095417	017D	70	0000	114538370 .0745967	
171	-54	922750	C00000000000000000095417	0179	71	000B	114538465 .1692855	
171	-54	922750	C00000000000000000095417	0179	72	000B	114538557 .2620253	
171	-54	922750	C00000000000000000095417	0173	73	000B	114538962 .6669424	
168	-54	922750	C00000000000000000095417	0173	74	000B	114539057 .7617538	
168	-54	922750	C00000000000000000095417	0182	75	000B	114539152 .8564332	
163	-54	922750	C00000000000000000095417	017D	76	0000	114539277 .9810783	
177	-54	922750	C00000000000000000095417	016A	77	000B	114539557 .2613407	
168	-54	922750	C00000000000000000095417	0172	78	000B	114539682 .3860803	
171	-54	922750	C00000000000000000095417	016E	79	0000	114540051 .7549772	
171	-54	922750	C00000000000000000095417	0185	80	000B	114540171 .8757266	
171	-54	922750	C00000000000000000095417	0185	81	000B	114540264 .9684403	
171	-54	922750	C00000000000000000095417	0185	82	000B	114540356 .0601731	
174	-54	922750	C00000000000000000095417	0173	83	000B	114540481 .1858712	
163	-54	922750	C00000000000000000095417	0173	84	000B	114540577 .2816548	
174	-54	922750	C00000000000000000095417	016F	85	000B	114540669 .3733596	
165	-54	922750	C00000000000000000095417	016F	86	000B	114540762 .4661557	
160	-54	922750	C00000000000000000095417	0176	87	000B	114541076 .7803128	
165	-54	922750	C00000000000000000095417	0167	88	0000	114541169 .873029	
174	-54	922750	C00000000000000000095417	017D	89	000B	114541261 .9657631	
174	-54	922750	C00000000000000000095417	016C	90	000B	114541446 .1503511	
0	-54	922750	C00000000000000000095417	016F	91	0000	114541662 .3667129	
165	-54	922750	C00000000000000000095417	0176	92	000B	114541785 .4894743	
168	-54	922750	C00000000000000000095417	0168	93	0000	114541973 .6769866	
168	-54	922750	C00000000000000000095417	0168	94	0000	114542066 .7708183	
177	-54	922750	C00000000000000000095417	0168	95	0000	114542162 .8665407	
165	-54	922750	C00000000000000000095417	016E	96	000B	114542287 .991179	
177	-54	922750	C00000000000000000095417	0178	97	000B	114542566 .2703827	
165	-55	922750	C00000000000000000095417	0178	98	000B	114542690 .3941112	
174	-54	922750	C00000000000000000095417	0175	99	000B	114542781 .485788	
168	-54	922750	C00000000000000000095417	0166	100	000B	114543092 .7960483	
168	-54	922750	C00000000000000000095417	0166	101	000B	114543183 .8877041	
163	-54	922750	C00000000000000000095417	0173	102	0000	114543279 .9835693	
165	-54	922750	C00000000000000000095417	0173	103	0000	114543375 .0793526	
171	-55	922750	C00000000000000000095417	0179	104	000B	114543563 .2677731	
171	-54	922750	C00000000000000000095417	0179	105	000B	114543689 .3934974	
174	-55	922750	C00000000000000000095417	015C	106	000B	114543877 .5819917	
8	-54	922750	C00000000000000000095417	0162	107	000B	114544063 .7675299	
157	-54	922750	C00000000000000000095417	0175	108	0000	114544186 .890171	
165	-54	922750	C00000000000000000095417	016D	109	000B	114544278 .9824797	
165	-54	922750	C00000000000000000095417	016D	110	000B	114544371 .0752562	
174	-54	922750	C00000000000000000095417	017A	111	000B	114544778 .4822276	
177	-54	922750	C00000000000000000095417	0170	112	000B	114544963 .6677197	
165	-54	922750	C00000000000000000095417	0170	113	000B	114545089 .7933613	
168	-54	922750	C00000000000000000095417	0170	114	000B	114545183 .8871571	
168	-54	922750	C00000000000000000095417	0176	115	000B	114545278 .9828237	
171	-54	922750	C00000000000000000095417	0176	116	000B	114545371 .0756746	
174	-54	922750	C00000000000000000095417	016F	117	000B	114545682 .3869425	
168	-54	922750	C00000000000000000095417	017E	118	000B	114545870 .5743576	
163	-54	922750	C00000000000000000095417	017B	119	000B	114546085 .7898392	
163	-54	922750	C00000000000000000095417	017B	120	000B	114546177 .8815346	
160	-54	922750	C00000000000000000095417	0178	121	000B	114546269 .9733336	
165	-54	922750	C00000000000000000095417	0174	122	0000	114546363 .0671184	
160	-54	922750	C00000000000000000095417	0174	123	0000	114546424 .1289747	
174	-54	922750	C00000000000000000095417	0174	124	0000	114546486 .1908012	
163	-54	922750	C00000000000000000095417	015E	125	000B	114546578 .2825346	
171	-54	922750	C00000000000000000095417	015E	126	000B	114546670 .3742874	
154	-54	922750	C00000000000000000095417	0179	127	000B	114547076 .7801859	
160	-54	922750	C00000000000000000095417	0179	128	000B	114547169 .8739215	
160	-54	922750	C00000000000000000095417	0193	129	000B	114547263 .9678183	
174	-54	922750	C00000000000000000095417	0193	130	000B	114547386 .0903637	
163	-54	922750	C00000000000000000095417	0166	131	000B	114547574 .2787843	
174	-54	922750	C00000000000000000095417	0166	132	000B	114547668 .3726411	
177	-54	922750	C00000000000000000095417	0164	133	000B	114547885 .5899972	
171	-54	922750	C00000000000000000095417	015B	134	0000	114548166 .8702952	
0	-54	922750	C00000000000000000095417	0167	135	000B	114548262 .9660279	
177	-54	922750	C00000000000000000095417	0167	136	000B	114548385 .0897037	
174	-54	922750	C00000000000000000095417	0162	137	0000	114548476 .1804677	
177	-54	922750	C00000000000000000095417	015B	138	0000	114548572 .2761839	
165	-54	922750	C00000000000000000095417	0176	139	0000	114548665 .3699689	
171	-54	922750	C00000000000000000095417	016C	140	000B	114548789 .4936473	
168	-54	922750	C00000000000000000095417	0180	141	000B	114549072 .7768427	
0	-54	922750	C00000000000000000095417	0171	142	000B	114549387 .0910056	
163	-54	922750	C00000000000000000095417	0169	143	000B	114549574 .2785685	
160	-54	922750	C00000000000000000095417	0177	144	0000	114549666 .3702668	
174	-54	922750	C00000000000000000095417	0177	145	0000	114549791 .4956515	
174	-54	922750	C00000000000000000095417	0168	146	000B	114549979 .6831177	
177	-54	922750	C00000000000000000095417	016C	147	000B	114550073 .7778061	
177	-54	922750	C00000000000000000095417	016C	148	000B	114550167 .8716487	
163	-54	922750	C00000000000000000095417	0174	149	0000	114550261 .9652934	
174	-54	922750	C00000000000000000095417	0160	150	0000	114550477 .181414	
168	-54	922750	C00000000000000000095417	0177	151	0000	114550662 .3664123	
157	-54	922750	C00000000000000000095417	0177	152	0000	114550784 .4881375	
171	-54	922750	C00000000000000000095417	0176	153	000B	114550878 .5824116	
163	-54	922750	C00000000000000000095417	018B	154	0000	114551185 .8896348	
168	-54	922750	C00000000000000000095417	018B	155	0000	114551279 .9833779	
174	-54	922750	C00000000000000000095417	017E	156	000B	114551435 .1400244	
171	-54	922750	C00000000000000000095417	017E	157	000B	114551467 .1718893	
177	-54	922750	C00000000000000000095417	0173	158	000B	114551691 .3953267	
160	-54	922750	C00000000000000000095417	0184	159	0000	114551785 .4896756	
177	-54	922750	C00000000000000000095417	0175	160	000B	114551878 .5825451	
168	-54	922750	C00000000000000000095417	0175	161	000B	114551968 .6721741	
165	-54	922750	C00000000000000000095417	0175	162	000B	114552062 .7661534	
174	-54	922750	C00000000000000000095417	0165	163	0000	114552184 .8887446	
171	-54	922750	C00000000000000000095417	0165	164	0000	114552277 .9815351	
168	-54	922750	C00000000000000000095417	017C	165	000B	114552371 .0751584	
163	-54	922750	C00000000000000000095417	017C	166	000B	114552464 .1689188	
171	-54	922750	C00000000000000000095417	017C	167	000B	114552590 .2945769	
171	-54	922750	C00000000000000000095417	0172	168	000B	114552779 .4831657	
171	-54	922750	C00000000000000000095417	016B	169	000B	114552874 .5789124	
168	-54	922750	C00000000000000000095417	016B	170	000B	114552967 .6716956	
163	-54	922750	C00000000000000000095417	0174	171	0000	114553091 .7952921	
165	-54	922750	C00000000000000000095417	016C	172	000B	114553185 .8891024	
168	-54	922750	C00000000000000000095417	016C	173	000B	114553278 .9828125	
165	-54	922750	C00000000000000000095417	016C	174	000B	114553371 .0755705	
2	-54	922750	C00000000000000000095417	016C	175	000B	114553464 .168245	
168	-54	922750	C00000000000000000095417	016C	176	000B	114553587 .2909919	
174	-54	922750	C00000000000000000095417	017D	177	000B	114553769 .4734888	
168	-54	922750	C00000000000000000095417	017C	178	0000	114554082 .7866767	
154	-54	922750	C00000000000000000095417	017A	179	000B	114554269 .9732054	
168	-54	922750	C00000000000000000095417	017B	180	0000	114554362 .0669432	
165	-55	922750	C00000000000000000095417	0192	181	000B	114554483 .1876138	
163	-55	922750	C00000000000000000095417	0166	182	000B	114554665 .3690661	
160	-55	922750	C00000000000000000095417	0166	183	000B	114554885 .5895325	
165	-54	922750	C00000000000000000095417	0176	184	0000	114555069 .7739798	
177	-54	922750	C00000000000000000095417	0174	185	000B	114555163 .8677198	
163	-54	922750	C00000000000000000095417	0174	186	000B	114555289 .993459	
174	-54	922750	C00000000000000000095417	017B	187	000C	114555474 .1789348	
168	-53	922750	C00000000000000000095417	017B	188	000C	114555566 .2706106	
174	-54	922750	C00000000000000000095417	0169	189	000C	114555688 .3923525	
171	-55	922750	C00000000000000000095417	0169	190	000C	114555780 .4840644	
168	-54	922750	C00000000000000000095417	0169	191	000C	114555873 .5778664	
163	-54	922750	C00000000000000000095417	018A	192	000B	114555965 .6695604	
171	-54	922750	C00000000000000000095417	018A	193	000B	114556091 .7952923	
171	-53	922750	C00000000000000000095417	016A	194	000C	114556183 .8879554	
174	-54	922750	C00000000000000000095417	016A	195	000C	114556278 .9822574	
171	-55	922750	C00000000000000000095417	016A	196	000C	114556370 .0740359	
165	-55	922750	C00000000000000000095417	0172	197	000A	114556463 .1678439	
163	-54	922750	C00000000000000000095417	017E	198	000B	114556683 .3871562	
157	-54	922750	C00000000000000000095417	017E	199	000B	114556776 .4809619	
