160	-55	922750	C00000000000000000095417	01DA	0	000B	121418164 9235214	
163	-55	922750	C00000000000000000095417	01DD	1	0000	121418515 2728233	
168	-55	922750	C00000000000000000095417	01D7	2	000B	121418638 3965544	
165	-55	922750	C00000000000000000095417	01D5	3	0000	121418734 4923126	
165	-55	922750	C00000000000000000095417	01DD	4	000B	121418916 6747004	
165	-55	922750	C00000000000000000095417	01DF	5	000B	121419135 893142	
157	-54	922750	C00000000000000000095417	01D4	6	0000	121419229 9868883	
163	-55	922750	C00000000000000000095417	01DE	7	000B	121419413 1714096	
160	-55	922750	C00000000000000000095417	01DE	8	000B	121419509 2671393	
163	-55	922750	C00000000000000000095417	01DA	9	000B	121419634 3918549	
168	-55	922750	C00000000000000000095417	01DC	10	000B	121419911 6691155	
151	-55	922750	C00000000000000000095417	01DC	11	000B	121420036 7947369	
163	-55	922750	C00000000000000000095417	01D3	12	000B	121420129 8875548	
165	-55	922750	C00000000000000000095417	01D3	13	000B	121420225 9833322	
157	-55	922750	C00000000000000000095417	01D3	14	000B	121420319 0769805	
157	-55	922750	C00000000000000000095417	01D4	15	000B	121420412 1707154	
171	-55	922750	C00000000000000000095417	01CD	16	000B	121420819 577653	
174	-55	922750	C00000000000000000095417	01D2	17	0000	121421009 7672326	
165	-55	922750	C00000000000000000095417	01D6	18	000B	121421133 8908351	
160	-55	922750	C00000000000000000095417	01D6	19	000B	121421226 9845984	
165	-55	922750	C00000000000000000095417	01D6	20	000B	121421318 0763641	
160	-55	922750	C00000000000000000095417	01DD	21	000B	121421410 1680528	
154	-55	922750	C00000000000000000095417	01DD	22	000B	121421630 3885163	
168	-55	922750	C00000000000000000095417	01CE	23	000B	121421724 4822396	
165	-55	922750	C00000000000000000095417	01CE	24	000B	121421815 5729406	
163	-55	922750	C00000000000000000095417	01CC	25	000B	121421908 6667291	
160	-55	922750	C00000000000000000095417	01CC	26	000B	121422127 8852036	
157	-55	922750	C00000000000000000095417	01D6	27	0000	121422314 0726379	
163	-55	922750	C00000000000000000095417	01D6	28	0000	121422378 1365163	
151	-55	922750	C00000000000000000095417	01D1	29	000B	121422502 2601811	
151	-55	922750	C00000000000000000095417	01D1	30	000B	121422628 3858722	
157	-55	922750	C00000000000000000095417	01D6	31	0000	121422813 5713648	
163	-55	922750	C00000000000000000095417	01D6	32	0000	121422909 6670701	
165	-54	922750	C00000000000000000095417	01D0	33	0000	121423126 8845212	
165	-55	922750	C00000000000000000095417	01D4	34	000B	121423219 977247	
165	-55	922750	C00000000000000000095417	01D4	35	000B	121423315 0729782	
165	-55	922750	C00000000000000000095417	01D4	36	000B	121423408 166797	
157	-55	922750	C00000000000000000095417	01CE	37	000B	121423500 2585134	
163	-55	922750	C00000000000000000095417	01D6	38	0000	121423626 3841759	
163	-55	922750	C00000000000000000095417	01CC	39	000B	121423722 4800139	
154	-55	922750	C00000000000000000095417	01CC	40	000B	121423814 5726724	
160	-55	922750	C00000000000000000095417	01CC	41	000B	121423910 668373	
160	-55	922750	C00000000000000000095417	01D5	42	000B	121424006 7641367	
165	-55	922750	C00000000000000000095417	01D5	43	000B	121424413 171049	
154	-55	922750	C00000000000000000095417	01D9	44	000B	121424628 3864557	
163	-55	922750	C00000000000000000095417	01DF	45	000B	121424723 4812659	
154	-55	922750	C00000000000000000095417	01DF	46	000B	121424816 5739469	
157	-55	922750	C00000000000000000095417	01DF	47	000B	121424909 6677683	
171	-55	922750	C00000000000000000095417	01D5	48	000B	121425003 7614301	
177	-55	922750	C00000000000000000095417	01D6	49	000B	121425315 0736006	
165	-55	922750	C00000000000000000095417	01CF	50	000B	121425503 2611994	
160	-55	922750	C00000000000000000095417	01D6	51	000B	121425813 5715189	
168	-55	922750	C00000000000000000095417	01D9	52	000B	121426122 8802728	
157	-54	922750	C00000000000000000095417	01D9	53	0000	121426400 158582	
160	-55	922750	C00000000000000000095417	01D3	54	000B	121426524 2821546	
163	-55	922750	C00000000000000000095417	01D2	55	000B	121426805 5633873	
171	-55	922750	C00000000000000000095417	01D7	56	0000	121426899 6571646	
168	-55	922750	C00000000000000000095417	01D9	57	000B	121427024 7828795	
163	-55	922750	C00000000000000000095417	01C1	58	0000	121427212 9703719	
165	-55	922750	C00000000000000000095417	01DF	59	000B	121427368 .1259694	
165	-55	922750	C00000000000000000095417	01D9	60	000B	121427520 .2786044	
168	-55	922750	C00000000000000000095417	01D9	61	000B	121427615 .3733285	
163	-55	922750	C00000000000000000095417	01DD	62	0000	121427709 .4670466	
157	-55	922750	C00000000000000000095417	01DC	63	000B	121428103 .8609349	
165	-55	922750	C00000000000000000095417	01DA	64	0000	121428227 .9855596	
163	-55	922750	C00000000000000000095417	01CD	65	000B	121428321 .0793659	
157	-55	922750	C00000000000000000095417	01CD	66	000B	121428417 .1750939	
151	-55	922750	C00000000000000000095417	01DE	67	000B	121428512 .2699233	
171	-55	922750	C00000000000000000095417	01DE	68	000B	121428606 .3646013	
163	-55	922750	C00000000000000000095417	01DE	69	000B	121428699 .4573794	
165	-55	922750	C00000000000000000095417	01DE	70	000B	121428821 .5790824	
157	-55	922750	C00000000000000000095417	01DE	71	000B	121428914 .6728256	
163	-55	922750	C00000000000000000095417	01DC	72	000B	121429008 .766569	
165	-55	922750	C00000000000000000095417	01CF	73	000B	121429319 .077747	
160	-55	922750	C00000000000000000095417	01CF	74	000B	121429509 .2672514	
154	-55	922750	C00000000000000000095417	01D5	75	000B	121429604 .3619996	
160	-55	922750	C00000000000000000095417	01D5	76	000B	121429698 .4566991	
163	-55	922750	C00000000000000000095417	01DD	77	000B	121429822 .5804247	
163	-55	922750	C00000000000000000095417	01DD	78	000B	121429916 .6742076	
160	-55	922750	C00000000000000000095417	01DD	79	000B	121430008 .7659741	
163	-55	922750	C00000000000000000095417	01D3	80	000B	121430099 .8577261	
157	-55	922750	C00000000000000000095417	01D7	81	0000	121430222 .9802112	
163	-55	922750	C00000000000000000095417	01D8	82	000B	121430314 .071919	
163	-55	922750	C00000000000000000095417	01D8	83	000B	121430407 .1658442	
160	-55	922750	C00000000000000000095417	01D8	84	000B	121430498 .2564904	
160	-55	922750	C00000000000000000095417	01D3	85	000B	121430624 .381856	
163	-55	922750	C00000000000000000095417	01DC	86	000B	121430809 .567399	
163	-55	922750	C00000000000000000095417	01D1	87	000B	121431122 .8805529	
160	-55	922750	C00000000000000000095417	01D1	88	000B	121431216 .9742464	
163	-55	922750	C00000000000000000095417	01CB	89	000B	121431526 .2844733	
163	-55	922750	C00000000000000000095417	01DB	90	000B	121431713 .4708851	
154	-55	922750	C00000000000000000095417	01DB	91	000B	121431804 .5626761	
168	-55	922750	C00000000000000000095417	01D8	92	000B	121431928 .6864227	
165	-55	922750	C00000000000000000095417	01D8	93	000B	121432023 .7811241	
163	-55	922750	C00000000000000000095417	01D2	94	000B	121432206 .9646317	
163	-55	922750	C00000000000000000095417	01CE	95	000B	121432390 .1480918	
165	-55	922750	C00000000000000000095417	01DD	96	0000	121432422 .1801136	
154	-55	922750	C00000000000000000095417	01D5	97	0000	121432827 .5849772	
165	-55	922750	C00000000000000000095417	01D4	98	000B	121433016 .7744145	
168	-55	922750	C00000000000000000095417	01D3	99	000B	121433111 .8692364	
165	-55	922750	C00000000000000000095417	01D3	100	000B	121433235 .9928892	
168	-55	922750	C00000000000000000095417	01DD	101	0000	121433330 .0886918	
163	-55	922750	C00000000000000000095417	01D8	102	000B	121433518 .2762037	
160	-55	922750	C00000000000000000095417	01DA	103	000B	121433826 .5842684	
165	-54	922750	C00000000000000000095417	01D7	104	0000	121434039 .797707	
165	-55	922750	C00000000000000000095417	01DD	105	000B	121434131 .8894229	
168	-55	922750	C00000000000000000095417	01DD	106	000B	121434227 .9852595	
165	-55	922750	C00000000000000000095417	01DD	107	000B	121434319 .0770195	
165	-55	922750	C00000000000000000095417	01D5	108	000B	121434414 .1727523	
168	-55	922750	C00000000000000000095417	01D5	109	000B	121434510 .2684976	
157	-55	922750	C00000000000000000095417	01D4	110	000B	121434634 .3921808	
168	-55	922750	C00000000000000000095417	01D4	111	000B	121434727 .4849212	
157	-55	922750	C00000000000000000095417	01D4	112	000B	121434816 .5746806	
160	-55	922750	C00000000000000000095417	01D2	113	000B	121435125 .8837422	
163	-55	922750	C00000000000000000095417	01D2	114	000B	121435219 .97754	
163	-55	922750	C00000000000000000095417	01DC	115	0000	121435315 .0733002	
157	-55	922750	C00000000000000000095417	01D6	116	000B	121435530 .2887619	
168	-54	922750	C00000000000000000095417	01D9	117	0000	121435623 .3815014	
165	-55	922750	C00000000000000000095417	01D2	118	000B	121435839 .5969317	
163	-55	922750	C00000000000000000095417	01D7	119	000B	121435931 .6896948	
163	-54	922750	C00000000000000000095417	01D4	120	0000	121436214 .9728383	
163	-55	922750	C00000000000000000095417	01D4	121	0000	121436309 .0676715	
160	-55	922750	C00000000000000000095417	01D7	122	000B	121436435 .1932559	
165	-55	922750	C00000000000000000095417	01D7	123	000B	121436528 .2860709	
163	-55	922750	C00000000000000000095417	01D7	124	000B	121436621 .3797897	
165	-55	922750	C00000000000000000095417	01DA	125	000B	121436715 .4735187	
163	-55	922750	C00000000000000000095417	01DA	126	000B	121436809 .5672856	
157	-55	922750	C00000000000000000095417	01D1	127	000B	121437238 .9960768	
171	-55	922750	C00000000000000000095417	01D1	128	000B	121437393 .1517501	
163	-55	922750	C00000000000000000095417	01D1	129	000B	121437424 .1827558	
165	-55	922750	C00000000000000000095417	01D1	130	000B	121437517 .2754058	
163	-55	922750	C00000000000000000095417	01D1	131	000B	121437611 .3691269	
168	-55	922750	C00000000000000000095417	01DB	132	000B	121437828 .5864504	
174	-55	922750	C00000000000000000095417	01D9	133	000B	121438109 .8676587	
157	-55	922750	C00000000000000000095417	01DB	134	0000	121438332 .0901036	
165	-54	922750	C00000000000000000095417	01D4	135	0000	121438519 .2775698	
168	-55	922750	C00000000000000000095417	01D6	136	000B	121438711 .4690353	
157	-55	922750	C00000000000000000095417	01D6	137	000B	121438833 .5917496	
163	-55	922750	C00000000000000000095417	01DA	138	000B	121439019 .7772475	
160	-55	922750	C00000000000000000095417	01DA	139	000B	121439113 .8709499	
168	-55	922750	C00000000000000000095417	01DA	140	000B	121439534 .2918461	
160	-55	922750	C00000000000000000095417	01DA	141	000B	121439624 .3825952	
157	-55	922750	C00000000000000000095417	01E2	142	000B	121439720 .4783083	
165	-55	922750	C00000000000000000095417	01E2	143	000B	121439910 .6678752	
163	-55	922750	C00000000000000000095417	01E0	144	000B	121440127 .8853	
171	-55	922750	C00000000000000000095417	01D6	145	000B	121440219 .9770197	
154	-55	922750	C00000000000000000095417	01D0	146	0000	121440410 .1681437	
163	-55	922750	C00000000000000000095417	01DA	147	000B	121440535 .2928946	
165	-55	922750	C00000000000000000095417	01DA	148	000B	121440629 .3875635	
154	-55	922750	C00000000000000000095417	01DD	149	000B	121440723 .4814809	
168	-55	922750	C00000000000000000095417	01DD	150	000B	121440817 .5750561	
163	-55	922750	C00000000000000000095417	01DD	151	000B	121440910 .6678986	
165	-55	922750	C00000000000000000095417	01DB	152	000B	121441033 .7915404	
157	-55	922750	C00000000000000000095417	01DB	153	000B	121441125 .8833895	
171	-55	922750	C00000000000000000095417	01E0	154	000B	121441431 .1894955	
163	-55	922750	C00000000000000000095417	01D3	155	000B	121441524 .2822645	
165	-55	922750	C00000000000000000095417	01D3	156	000B	121441616 .3739275	
163	-55	922750	C00000000000000000095417	01DB	157	000B	121441708 .4666658	
171	-55	922750	C00000000000000000095417	01DB	158	000B	121441832 .5903622	
157	-55	922750	C00000000000000000095417	01DB	159	000B	121441926 .6840738	
165	-55	922750	C00000000000000000095417	01CE	160	0000	121442019 .7769984	
165	-55	922750	C00000000000000000095417	01CE	161	0000	121442114 .8726465	
165	-55	922750	C00000000000000000095417	01DC	162	000B	121442209 .9674222	
168	-55	922750	C00000000000000000095417	01D8	163	000B	121442523 .2816039	
160	-55	922750	C00000000000000000095417	01DB	164	0000	121442711 .4691203	
160	-54	922750	C00000000000000000095417	01D7	165	000B	121442837 .5958706	
165	-55	922750	C00000000000000000095417	01DC	166	000B	121443022 .7803973	
157	-54	922750	C00000000000000000095417	01DC	167	0000	121443114 .8720782	
165	-54	922750	C00000000000000000095417	01DC	168	0000	121443209 .9678245	
165	-55	922750	C00000000000000000095417	01DF	169	000B	121443333 .0915365	
163	-55	922750	C00000000000000000095417	01DF	170	000B	121443426 .1841917	
165	-54	922750	C00000000000000000095417	01D8	171	000B	121443519 .2769622	
157	-55	922750	C00000000000000000095417	01D8	172	000B	121443610 .3687721	
160	-55	922750	C00000000000000000095417	01D8	173	000B	121443736 .4944087	
163	-55	922750	C00000000000000000095417	01DA	174	0000	121443926 .6839837	
171	-55	922750	C00000000000000000095417	01D0	175	000B	121444111 .8694256	
160	-55	922750	C00000000000000000095417	01D3	176	000B	121444333 .090898	
171	-54	922750	C00000000000000000095417	01D5	177	0000	121444426 .1846384	
160	-55	922750	C00000000000000000095417	01DD	178	000B	121444522 .2803991	
160	-55	922750	C00000000000000000095417	01D4	179	000B	121444830 .5885591	
168	-55	922750	C00000000000000000095417	01D4	180	000B	121444925 .6833097	
160	-55	922750	C00000000000000000095417	01D7	181	000B	121445019 .7770955	
163	-55	922750	C00000000000000000095417	01D7	182	000B	121445111 .8689059	
165	-55	922750	C00000000000000000095417	01D7	183	000B	121445238 .9965091	
163	-55	922750	C00000000000000000095417	01E1	184	000B	121445332 .090228	
160	-55	922750	C00000000000000000095417	01E1	185	000B	121445425 .1830136	
163	-54	922750	C00000000000000000095417	01D8	186	000B	121445519 .2777457	
163	-55	922750	C00000000000000000095417	01D1	187	000B	121445830 .5884415	
171	-55	922750	C00000000000000000095417	01D1	188	000B	121445921 .6791887	
165	-55	922750	C00000000000000000095417	01D1	189	000B	121446017 .7750046	
160	-54	922750	C00000000000000000095417	01DD	190	0000	121446109 .8677355	
168	-55	922750	C00000000000000000095417	01DA	191	000B	121446328 .0862366	
165	-55	922750	C00000000000000000095417	01DA	192	000B	121446515 .2743402	
160	-55	922750	C00000000000000000095417	01DC	193	000B	121446823 .5809104	
163	-55	922750	C00000000000000000095417	01D8	194	0000	121447009 .7674134	
160	-55	922750	C00000000000000000095417	01CF	195	000B	121447131 .8890978	
160	-55	922750	C00000000000000000095417	01CF	196	000B	121447224 .9818458	
165	-55	922750	C00000000000000000095417	01D9	197	000B	121447318 .0765763	
160	-54	922750	C00000000000000000095417	01DA	198	0000	121447444 .2024345	
165	-54	922750	C00000000000000000095417	01DA	199	0000	121447540 .2979533	
