81	-51	922750	C00000000000000000095417	01B0	0	000D	160900311 9507052	
84	-51	922750	C00000000000000000095417	01B0	1	0000	160900404 0430435	
78	-51	922750	C00000000000000000095417	01B5	2	0000	160900620 2593818	
81	-51	922750	C00000000000000000095417	01B5	3	0000	160900714 3531169	
84	-51	922750	C00000000000000000095417	01C7	4	0000	160900901 5406188	
81	-51	922750	C00000000000000000095417	01AB	5	000D	160901025 6642917	
84	-51	922750	C00000000000000000095417	01AB	6	000D	160901119 7580266	
81	-51	922750	C00000000000000000095417	01BA	7	0000	160901212 8507399	
78	-51	922750	C00000000000000000095417	01B5	8	000D	160901304 9435403	
84	-51	922750	C00000000000000000095417	01B5	9	000D	160901395 0342882	
84	-51	922750	C00000000000000000095417	01C3	10	000D	160901516 1549728	
84	-51	922750	C00000000000000000095417	01C6	11	0000	160901609 2487585	
84	-51	922750	C00000000000000000095417	01C6	12	0000	160901701 3404507	
90	-51	922750	C00000000000000000095417	01CE	13	0000	160901823 4621964	
81	-51	922750	C00000000000000000095417	01AF	14	0000	160901917 5558651	
81	-51	922750	C00000000000000000095417	01C3	15	0000	160902010 6496756	
81	-51	922750	C00000000000000000095417	01C3	16	0000	160902106 7453739	
81	-51	922750	C00000000000000000095417	01C9	17	000D	160902324 9628014	
75	-51	922750	C00000000000000000095417	01C9	18	000D	160902417 0566528	
78	-51	922750	C00000000000000000095417	01C9	19	000D	160902509 1483708	
81	-51	922750	C00000000000000000095417	01B4	20	000D	160902729 3677711	
81	-51	922750	C00000000000000000095417	01C0	21	0000	160902822 4615479	
78	-51	922750	C00000000000000000095417	01BC	22	0000	160902916 555267	
87	-51	922750	C00000000000000000095417	01B5	23	0000	160903009 6480131	
87	-51	922750	C00000000000000000095417	01BA	24	0000	160903102 7408039	
81	-51	922750	C00000000000000000095417	01AC	25	0000	160903416 0548299	
81	-51	922750	C00000000000000000095417	01AC	26	0000	160903511 1506777	
78	-51	922750	C00000000000000000095417	01BE	27	000D	160903607 2464136	
87	-51	922750	C00000000000000000095417	01BE	28	000D	160903701 3400657	
84	-51	922750	C00000000000000000095417	01C0	29	0000	160903826 4648432	
78	-51	922750	C00000000000000000095417	01C0	30	0000	160903915 5545431	
81	-51	922750	C00000000000000000095417	01C0	31	0000	160904010 6493198	
87	-51	922750	C00000000000000000095417	01BC	32	000D	160904198 8367968	
84	-51	922750	C00000000000000000095417	01B9	33	000D	160904319 9584669	
81	-51	922750	C00000000000000000095417	01B9	34	000D	160904410 0492522	
90	-51	922750	C00000000000000000095417	01C4	35	0000	160904504 1430614	
78	-51	922750	C00000000000000000095417	01C4	36	0000	160904534 1729275	
84	-51	922750	C00000000000000000095417	01C6	37	000D	160904628 2676823	
81	-51	922750	C00000000000000000095417	01C6	38	000D	160904722 3614154	
90	-51	922750	C00000000000000000095417	01AB	39	000D	160904816 4550815	
84	-51	922750	C00000000000000000095417	01AB	40	000D	160904942 580786	
81	-51	922750	C00000000000000000095417	01B3	41	0000	160905035 6741918	
78	-51	922750	C00000000000000000095417	01CC	42	0000	160905128 7669187	
84	-51	922750	C00000000000000000095417	01C1	43	0000	160905219 858227	
90	-51	922750	C00000000000000000095417	01C9	44	000D	160905343 9819513	
75	-51	922750	C00000000000000000095417	01C8	45	0000	160905435 0746334	
75	-51	922750	C00000000000000000095417	01C1	46	000D	160905625 264087	
90	-51	922750	C00000000000000000095417	01BB	47	0000	160905717 3559016	
81	-51	922750	C00000000000000000095417	01B3	48	000D	160905842 4815824	
81	-51	922750	C00000000000000000095417	01C1	49	0000	160905936 5752283	
84	-51	922750	C00000000000000000095417	01C1	50	0000	160906027 6660808	
81	-51	922750	C00000000000000000095417	01BC	51	000D	160906120 7587603	
90	-51	922750	C00000000000000000095417	01BC	52	000D	160906244 8835248	
81	-51	922750	C00000000000000000095417	01B0	53	000D	160906339 9781794	
84	-51	922750	C00000000000000000095417	01B0	54	000D	160906528 1673114	
81	-51	922750	C00000000000000000095417	01B6	55	0000	160906620 2591789	
81	-51	922750	C00000000000000000095417	01B6	56	0000	160906746 3847793	
78	-51	922750	C00000000000000000095417	01C7	57	000D	160906839 4785958	
81	-51	922750	C00000000000000000095417	01BE	58	0000	160906931 5703479	
84	-51	922750	C00000000000000000095417	01BE	59	0000	160907027 6660952	
81	-51	922750	C00000000000000000095417	01C4	60	000D	160907123 761846	
73	-51	922750	C00000000000000000095417	01C4	61	000D	160907247 8861291	
87	-51	922750	C00000000000000000095417	01C4	62	000D	160907340 9788572	
78	-51	922750	C00000000000000000095417	01CD	63	000D	160907528 1672996	
84	-51	922750	C00000000000000000095417	01B8	64	000D	160907619 2580919	
75	-51	922750	C00000000000000000095417	01B8	65	000D	160907741 379793	
84	-51	922750	C00000000000000000095417	01B8	66	000D	160907830 4695509	
84	-51	922750	C00000000000000000095417	01B1	67	000D	160907923 5622544	
84	-51	922750	C00000000000000000095417	01B7	68	0000	160908017 6559575	
87	-51	922750	C00000000000000000095417	01B3	69	000D	160908141 7796712	
84	-51	922750	C00000000000000000095417	01B3	70	000D	160908230 8694108	
84	-51	922750	C00000000000000000095417	01B3	71	000D	160908325 9641615	
87	-51	922750	C00000000000000000095417	01C0	72	000D	160908419 0579471	
81	-51	922750	C00000000000000000095417	01C0	73	000D	160908542 181631	
87	-51	922750	C00000000000000000095417	01B3	74	000D	160908638 2773707	
90	-51	922750	C00000000000000000095417	01B3	75	000D	160908733 3720994	
81	-51	922750	C00000000000000000095417	01B3	76	000D	160908826 464873	
78	-51	922750	C00000000000000000095417	01C2	77	000D	160908919 558604	
81	-51	922750	C00000000000000000095417	01C2	78	000D	160909043 6823572	
81	-51	922750	C00000000000000000095417	01BB	79	000D	160909136 7750187	
87	-51	922750	C00000000000000000095417	01BB	80	000D	160909230 8687879	
78	-51	922750	C00000000000000000095417	01BB	81	000D	160909322 9615326	
75	-51	922750	C00000000000000000095417	01C5	82	000D	160909416 .0551977	
81	-51	922750	C00000000000000000095417	01C5	83	000D	160909477 .1161125	
78	-51	922750	C00000000000000000095417	01C5	84	000D	160909538 .1769795	
84	-51	922750	C00000000000000000095417	01BD	85	000D	160909631 .2697254	
78	-51	922750	C00000000000000000095417	01BD	86	000D	160909723 .3624587	
81	-51	922750	C00000000000000000095417	01BD	87	000D	160909818 .4571849	
90	-51	922750	C00000000000000000095417	01C6	88	0000	160909942 .5809445	
75	-51	922750	C00000000000000000095417	01C6	89	0000	160910033 .6725628	
84	-51	922750	C00000000000000000095417	01B9	90	000D	160910129 .7683866	
87	-51	922750	C00000000000000000095417	01B9	91	0000	160910224 .8631186	
87	-51	922750	C00000000000000000095417	01B9	92	0000	160910318 .9568586	
78	-51	922750	C00000000000000000095417	01C1	93	000D	160910540 .1792739	
84	-51	922750	C00000000000000000095417	01C1	94	000D	160910633 .2719657	
75	-51	922750	C00000000000000000095417	01C1	95	000D	160910822 .4615653	
84	-51	922750	C00000000000000000095417	01C2	96	000D	160910916 .555295	
81	-51	922750	C00000000000000000095417	01C2	97	000D	160911038 .6769503	
87	-51	922750	C00000000000000000095417	01BC	98	0000	160911225 .8644589	
78	-51	922750	C00000000000000000095417	01BC	99	0000	160911317 .9561751	
78	-51	922750	C00000000000000000095417	01BE	100	000D	160911443 .0819333	
84	-51	922750	C00000000000000000095417	01AF	101	0000	160911536 .1755778	
81	-51	922750	C00000000000000000095417	01AF	102	0000	160911630 .2694163	
81	-51	922750	C00000000000000000095417	01B4	103	000D	160911726 .3651668	
84	-51	922750	C00000000000000000095417	01B4	104	000D	160911818 .456855	
84	-51	922750	C00000000000000000095417	01C3	105	000D	160911971 .6104739	
67	-51	922750	C00000000000000000095417	01D3	106	0000	160912067 .7062489	
78	-51	922750	C00000000000000000095417	01C9	107	0000	160912161 .7999591	
81	-51	922750	C00000000000000000095417	01C9	108	0000	160912346 .9856287	
84	-51	922750	C00000000000000000095417	01B4	109	0000	160912565 .2038632	
84	-51	922750	C00000000000000000095417	01B4	110	0000	160912658 .2976715	
75	-51	922750	C00000000000000000095417	01C3	111	0000	160912754 .3933681	
78	-51	922750	C00000000000000000095417	01C5	112	0000	160912848 .4871784	
78	-51	922750	C00000000000000000095417	01C5	113	000D	160912971 .6098316	
81	-51	922750	C00000000000000000095417	01C8	114	0000	160913063 .7025993	
84	-51	922750	C00000000000000000095417	01C8	115	0000	160913159 .7982536	
84	-51	922750	C00000000000000000095417	01C1	116	000D	160913251 .8900637	
81	-51	922750	C00000000000000000095417	01C1	117	000D	160913372 .011705	
84	-51	922750	C00000000000000000095417	01BF	118	000D	160913464 .1034463	
78	-51	922750	C00000000000000000095417	01BF	119	000D	160913557 .1963469	
81	-51	922750	C00000000000000000095417	01BB	120	0000	160913650 .289104	
78	-51	922750	C00000000000000000095417	01D3	121	0000	160913775 .4138801	
75	-51	922750	C00000000000000000095417	01CC	122	0000	160913868 .5075801	
84	-51	922750	C00000000000000000095417	01B8	123	0000	160913962 .6007998	
81	-51	922750	C00000000000000000095417	01B8	124	0000	160914057 .6965816	
81	-51	922750	C00000000000000000095417	01BF	125	0000	160914373 .0117251	
87	-51	922750	C00000000000000000095417	01C2	126	000D	160914464 .1035365	
81	-51	922750	C00000000000000000095417	01C2	127	000D	160914496 .1355052	
75	-51	922750	C00000000000000000095417	01D6	128	0000	160914526 .1655278	
81	-51	922750	C00000000000000000095417	01D6	129	0000	160914619 .2581142	
81	-51	922750	C00000000000000000095417	01CD	130	000D	160914840 .4792297	
84	-51	922750	C00000000000000000095417	01BC	131	000D	160915022 .6616184	
84	-51	922750	C00000000000000000095417	01C6	132	0000	160915116 .7553964	
87	-51	922750	C00000000000000000095417	01B7	133	000D	160915244 .8831514	
84	-51	922750	C00000000000000000095417	01CC	134	0000	160915340 .9788978	
81	-51	922750	C00000000000000000095417	01CC	135	0000	160915431 .0705993	
81	-51	922750	C00000000000000000095417	01B7	136	000D	160915527 .1663677	
87	-51	922750	C00000000000000000095417	01B7	137	000D	160915621 .2601427	
84	-51	922750	C00000000000000000095417	01C5	138	000D	160915842 .4811428	
84	-51	922750	C00000000000000000095417	01C9	139	0000	160915936 .5748109	
81	-51	922750	C00000000000000000095417	01C4	140	000D	160916027 .6666253	
84	-51	922750	C00000000000000000095417	01C4	141	000D	160916123 .7623501	
70	-51	922750	C00000000000000000095417	01C4	142	000D	160916217 .8561057	
78	-51	922750	C00000000000000000095417	01C4	143	000D	160916343 .9817701	
81	-51	922750	C00000000000000000095417	01C0	144	0000	160916436 .0755381	
78	-51	922750	C00000000000000000095417	01C1	145	000D	160916530 .1692883	
75	-51	922750	C00000000000000000095417	01C3	146	0000	160916625 .2639428	
75	-51	922750	C00000000000000000095417	01C1	147	0000	160916846 .4853867	
81	-51	922750	C00000000000000000095417	01BE	148	000D	160917035 .6738705	
81	-51	922750	C00000000000000000095417	01C1	149	0000	160917128 .7676867	
87	-51	922750	C00000000000000000095417	01C1	150	0000	160917220 .8594316	
75	-51	922750	C00000000000000000095417	01C7	151	000D	160917316 .9551084	
87	-51	922750	C00000000000000000095417	01C7	152	000D	160917442 .0808587	
84	-51	922750	C00000000000000000095417	01CA	153	000D	160917535 .1745671	
87	-51	922750	C00000000000000000095417	01CA	154	000D	160917630 .2692978	
78	-51	922750	C00000000000000000095417	01CA	155	000D	160917725 .3639958	
84	-51	922750	C00000000000000000095417	01C2	156	0000	160917817 .4558398	
75	-51	922750	C00000000000000000095417	01CC	157	0000	160917940 .5795046	
81	-51	922750	C00000000000000000095417	01BF	158	000D	160918034 .6732221	
87	-51	922750	C00000000000000000095417	01BF	159	0000	160918128 .7669878	
84	-51	922750	C00000000000000000095417	01BF	160	0000	160918223 .8627689	
90	-51	922750	C00000000000000000095417	01C6	161	000D	160918316 .9554406	
90	-51	922750	C00000000000000000095417	01C9	162	0000	160918439 .0781291	
81	-51	922750	C00000000000000000095417	01C8	163	000D	160918533 .1719193	
81	-51	922750	C00000000000000000095417	01C8	164	000D	160918628 .2677134	
78	-51	922750	C00000000000000000095417	01B4	165	0000	160918720 .359418	
81	-51	922750	C00000000000000000095417	01C5	166	000D	160918816 .4551587	
81	-51	922750	C00000000000000000095417	01BE	167	0000	160918940 .5787711	
84	-51	922750	C00000000000000000095417	01BD	168	000D	160919034 .6739706	
87	-51	922750	C00000000000000000095417	01BE	169	0000	160919128 .7673338	
78	-51	922750	C00000000000000000095417	01BE	170	0000	160919223 .8620428	
81	-51	922750	C00000000000000000095417	01CC	171	000D	160919316 .9547672	
87	-51	922750	C00000000000000000095417	01C6	172	0000	160919440 .0794877	
78	-51	922750	C00000000000000000095417	01C6	173	0000	160919501 .1403195	
87	-51	922750	C00000000000000000095417	01BB	174	0000	160919627 .2659071	
84	-51	922750	C00000000000000000095417	01C8	175	0000	160919753 .3917014	
75	-51	922750	C00000000000000000095417	01BB	176	0000	160919846 .485426	
81	-51	922750	C00000000000000000095417	01BB	177	0000	160919941 .580206	
78	-51	922750	C00000000000000000095417	01C1	178	000D	160920036 .6749074	
75	-51	922750	C00000000000000000095417	01C1	179	000D	160920129 .7686623	
78	-51	922750	C00000000000000000095417	01CA	180	0000	160920225 .8643138	
87	-51	922750	C00000000000000000095417	01C7	181	0000	160920349 .9881018	
81	-51	922750	C00000000000000000095417	01C7	182	0000	160920445 .0837822	
84	-51	922750	C00000000000000000095417	01B3	183	000D	160920539 .1785491	
87	-51	922750	C00000000000000000095417	01BE	184	0000	160920633 .2722656	
81	-51	922750	C00000000000000000095417	01C7	185	0000	160920729 .3680376	
84	-51	922750	C00000000000000000095417	01C1	186	0000	160920855 .49375	
81	-51	922750	C00000000000000000095417	01C1	187	0000	160920949 .5884772	
84	-51	922750	C00000000000000000095417	01C1	188	0000	160921043 .6822234	
75	-51	922750	C00000000000000000095417	01C1	189	0000	160921137 .7758931	
75	-51	922750	C00000000000000000095417	01C1	190	0000	160921231 .8706216	
84	-51	922750	C00000000000000000095417	01CA	191	0000	160921327 .9664045	
84	-51	922750	C00000000000000000095417	01CA	192	0000	160921454 .093179	
87	-51	922750	C00000000000000000095417	01CA	193	0000	160921549 .1879185	
87	-51	922750	C00000000000000000095417	01C7	194	000D	160921644 .2835558	
87	-51	922750	C00000000000000000095417	01C4	195	0000	160921736 .3753439	
81	-51	922750	C00000000000000000095417	01C8	196	000D	160921954 .5928111	
84	-51	922750	C00000000000000000095417	01CB	197	0000	160922045 .6845034	
87	-51	922750	C00000000000000000095417	01C2	198	0000	160922141 .7802999	
87	-51	922750	C00000000000000000095417	01BE	199	0000	160922551 .18971	
