0.728257	-2.000000
0.703442	-2.000000
0.673386	-2.000000
0.656544	-2.000000
0.683219	-2.181143
0.747925	-2.500000
0.649829	-2.000000
0.700293	-1.693496
0.630009	-1.281078
0.489540	-1.268116
0.477984	-1.500000
0.499567	-1.500000
0.647744	-2.000000
0.662523	-1.997874
0.589290	-1.503280
0.598216	-1.748996
0.662701	-2.250098
0.728374	-2.215582
0.723597	-2.000000
0.713241	-2.310057
0.721522	-2.500000
0.712274	-2.500000
0.699495	-2.687879
0.676386	-2.730980
0.653707	-2.268821
0.664804	-2.000000
0.671884	-2.000000
0.668126	-2.001873
0.454246	-2.500000
0.448374	-2.500000
0.445056	-2.500000
0.543907	-2.282736
0.590163	-2.150256
0.667865	-1.692482
0.664660	-1.500000
0.660985	-1.715480
0.685056	-1.830848
0.667525	-2.233908
0.644759	-2.500000
0.650528	-2.498601
0.675020	-2.498147
0.670001	-2.701700
0.672522	-2.348980
0.663951	-2.301791
0.733479	-1.134609
0.724763	-1.220495
0.702941	-1.743836
0.667779	-2.000000
0.674065	-2.000000
0.656544	-2.000000
0.671032	-2.236126
0.690430	-2.500000
0.679872	-2.500000
0.668905	-2.500000
0.650271	-1.500000
0.692934	-1.864769
0.658889	-2.151696
0.715877	-2.500000
0.723485	-2.000000
0.691557	-2.000000
0.639382	-2.000000
0.663616	-2.000000
0.693712	-2.000000
0.672720	-2.000000
0.624546	-2.000000
0.583095	-2.000000
0.524765	-1.732977
0.484871	-1.500000
0.692381	-2.494503
0.690798	-2.708699
0.676879	-2.342928
0.681699	-2.500000
0.699374	-2.000000
0.711482	-2.238398
0.698582	-2.500000
0.693206	-2.500000
0.689298	-2.500000
0.663044	-2.257412
0.673771	-2.000000
0.699548	-2.000000
0.638698	-2.000000
0.642834	-2.000000
0.656123	-2.000000
0.657314	-2.274898
0.673501	-2.500000
0.668577	-2.275614
0.638136	-2.000000
0.655647	-2.178366
0.506361	-1.845252
0.523719	-2.176475
0.556308	-1.832048
0.548642	-2.000000
0.638519	-2.000000
0.717666	-2.000000
0.680915	-2.000000
0.696939	-2.000000
0.705302	-2.263411
0.681796	-2.500000
0.608619	-2.000000
0.580597	-2.000000
0.603388	-2.000000
0.601607	-2.000000
0.619736	-2.000000
0.656634	-1.832844
0.687261	-2.166462
0.730329	-1.746867
0.748929	-2.028253
0.754365	-2.500000
0.663150	-2.005470
0.685923	-2.000000
0.689660	-2.000000
0.656348	-2.000000
0.522644	-1.699603
0.474226	-1.500000
0.527593	-2.000000
0.607577	-2.178921
0.680846	-2.838584
0.724674	-2.841953
0.632864	-2.178404
0.618943	-1.995733
0.540817	-2.004648
0.508099	-2.000000
0.458904	-2.000000
0.459044	-1.765627
0.597960	-1.749389
0.733476	-2.000000
0.715093	-2.000000
0.670084	-2.179332
0.659828	-2.846477
0.660212	-2.840219
0.633219	-2.180140
0.667442	-2.000000
0.689653	-2.000000
0.711494	-2.000000
0.657099	-2.000000
0.657237	-2.056450
0.687890	-2.500000
0.690314	-2.500000
0.718925	-3.000000
0.702332	-3.000000
0.714305	-2.724152
0.738263	-2.340913
0.734325	-2.161793
0.727982	-2.000000
0.695166	-2.500000
0.691716	-2.316957
0.652765	-2.153952
0.656767	-2.003643
0.669083	-2.500000
0.666436	-2.306071
0.713513	-2.142245
0.692474	-2.000000
0.700413	-2.500000
0.681087	-2.265213
0.702905	-2.253976
0.699770	-2.500000
0.662563	-2.247626
0.647164	-2.000000
0.677384	-2.000000
0.711821	-2.004410
0.681515	-2.500000
0.687746	-2.500000
0.644924	-2.500000
0.673406	-2.767723
0.696523	-2.742240
0.696629	-2.500000
0.673901	-2.500000
0.578312	-1.990007
0.526571	-1.500000
0.538948	-1.500000
0.514748	-1.500000
0.503146	-1.500000
0.673262	-2.490167
0.679447	-2.683149
0.726057	-2.332218
0.725038	-2.500000
0.672721	-2.193185
0.633539	-2.145763
0.675416	-2.827021
0.668720	-3.000000
0.688179	-2.730531
0.696440	-2.251047
0.718920	-2.000000
0.746535	-2.166580
0.719936	-1.832836
0.724093	-2.004367
0.730175	-2.005400
0.717170	-2.000000
0.705651	-2.000000
0.672554	-2.000000
0.680094	-2.000000
0.693766	-2.000000
0.666285	-2.000000
0.676791	-2.179159
0.706847	-2.341592
0.711374	-2.500000
0.678078	-2.250959
0.682449	-2.000000
0.725873	-2.000000
0.742287	-2.000000
0.669096	-2.000000
0.651829	-1.802255
0.674873	-2.141944
0.656806	-1.760668
0.666005	-1.754200
0.640645	-2.000000
0.594949	-2.000000
0.625420	-2.197585
0.685798	-1.825590
0.740682	-2.232028
0.761009	-2.256310
0.754010	-2.000000
0.632344	-2.000000
0.652868	-1.829952
0.678081	-2.174499
0.703977	-1.817407
0.701658	-2.161873
0.689414	-1.735709
0.667719	-1.794664
0.659310	-2.091521
0.624483	-2.096853
0.639176	-2.198093
0.653124	-2.840170
0.687278	-2.832837
0.661910	-2.173637
0.681384	-2.000000
0.766746	-2.000000
0.736407	-2.249217
0.696101	-2.500000
0.691563	-2.323174
0.646461	-2.160829
0.674946	-2.249942
0.696138	-2.500000
0.691344	-2.335753
0.725809	-2.144227
0.716106	-2.000000
0.669466	-2.000000
0.625688	-2.000000
0.628494	-2.238100
0.637811	-2.500000
0.662062	-2.005031
0.690376	-2.000000
0.675865	-2.000000
0.615345	-2.000000
0.617098	-2.000000
0.655236	-2.000000
0.711201	-2.500000
0.692812	-2.282527
0.660531	-2.130351
0.638136	-2.000000
0.656544	-2.000000
0.656572	-2.000000
0.644504	-1.506310
0.636810	-1.500000
0.588185	-2.500000
0.604465	-2.324374
0.630423	-2.162852
0.664905	-2.000000
0.703474	-2.500000
0.688389	-2.232772
0.665484	-2.228527
0.659486	-2.246584
0.653602	-2.000000
0.678159	-2.160125
0.643920	-1.815578
0.668872	-2.004558
0.644591	-2.005193
0.675488	-1.745630
0.705631	-1.761300
0.708871	-2.264017
0.706167	-2.500000
0.677055	-2.500000
0.693450	-2.500000
0.724442	-2.281023
0.703036	-2.101639
0.711767	-2.000000
0.724039	-2.500000
0.724039	-2.301985
0.737981	-2.000000
0.748318	-2.000000
0.681342	-2.000000
0.695432	-2.194811
0.737568	-2.350403
0.717014	-2.500000
0.674326	-2.500000
0.646958	-2.500000
0.598591	-2.000000
0.594893	-2.000000
0.639472	-2.000000
0.677718	-2.000000
0.677135	-2.000000
0.668903	-2.000000
0.675032	-2.000000
0.651804	-2.000000
0.622752	-2.000000
0.632242	-2.000000
0.650548	-2.255708
0.664341	-2.711791
0.674952	-3.000000
0.671507	-2.719297
0.715344	-2.247236
0.711084	-2.000000
0.623482	-2.000000
0.630570	-2.171223
0.661822	-2.311830
0.687176	-2.500000
0.633152	-2.500000
0.697966	-2.052053
0.702278	-2.273244
0.670199	-2.500000
0.611997	-2.000000
0.607672	-2.000000
0.667252	-2.000000
0.710985	-2.234064
0.733230	-2.500000
0.736057	-2.326442
0.742301	-2.662713
0.721564	-2.328327
0.701821	-2.169927
0.687104	-2.003233
0.729628	-2.500000
0.712856	-2.323591
0.664613	-2.644693
0.640855	-2.240532
0.674728	-2.000000
0.687904	-2.000000
0.626095	-2.000000
0.631023	-2.000000
0.656360	-2.257481
0.660271	-2.500000
0.694622	-2.000000
0.699365	-2.001331
0.632338	-2.996562
0.625683	-3.000000
0.644312	-2.500000
0.663822	-2.649508
0.745972	-2.377662
0.749594	-2.500000
0.717495	-2.241682
0.705631	-2.000000
0.717903	-2.000000
0.688110	-2.000000
0.626822	-2.000000
0.618444	-2.236918
0.668828	-2.500000
0.693481	-2.496681
0.760414	-2.000000
0.731100	-2.000000
0.671325	-2.254142
0.649556	-2.500000
0.701943	-2.000000
0.709807	-2.000000
0.682984	-2.500000
0.684340	-2.234945
0.698861	-2.237071
0.723195	-2.500000
0.680876	-2.500000
0.689467	-2.317210
0.687071	-2.000000
0.680815	-2.000000
0.638101	-2.000000
0.660354	-2.150876
0.719666	-2.303636
0.658893	-2.256381
0.540988	-1.760458
0.510668	-1.500000
0.488637	-1.500000
0.509078	-1.665283
0.646165	-2.846189
0.673583	-2.870500
0.619069	-2.184582
0.663829	-2.257805
0.696444	-2.500000
0.693251	-2.495592
0.705447	-2.000000
0.705631	-2.162867
0.711767	-2.320902
0.705213	-2.500000
0.692940	-2.500000
0.671770	-2.500000
0.696743	-2.500000
0.690917	-2.500000
0.683518	-2.239613
0.632870	-2.000000
0.648677	-2.000000
0.699530	-2.000000
0.662623	-2.000000
0.666142	-2.282134
0.697287	-2.242213
0.733753	-1.736152
0.724506	-1.743652
0.711767	-2.166678
0.748438	-1.829397
0.742106	-2.000000
0.692939	-2.000000
0.687585	-1.735282
0.681465	-1.823073
0.650102	-2.000000
0.634680	-2.000000
0.638119	-2.001387
0.675007	-2.495458
0.644630	-2.225464
0.627146	-1.798514
0.679293	-1.804888
0.723082	-2.236998
0.738387	-2.500000
0.679017	-2.000000
0.671884	-2.000000
0.678143	-2.000000
0.711365	-2.163934
0.669354	-2.336987
0.693594	-2.500000
0.723711	-2.500000
0.700125	-2.322849
0.686410	-2.675793
0.648960	-2.220496
0.644598	-2.000000
0.650408	-2.000000
0.662346	-2.000000
0.696349	-2.000000
0.711619	-2.000000
0.684096	-1.749311
0.682056	-1.763157
0.672598	-2.313112
0.635843	-2.259027
0.613991	-2.000000
0.686276	-2.000000
0.706313	-2.000000
0.685686	-2.000000
0.707509	-2.000000
0.703575	-2.500000
0.736702	-2.246011
0.748528	-2.000000
0.728017	-2.168954
0.701267	-1.838905
0.711895	-2.000000
0.724794	-2.000000
0.741113	-1.804322
0.757061	-2.154550
0.760750	-2.000000
0.689714	-2.500000
0.712304	-2.091244
0.696726	-2.045124
0.721039	-2.000000
0.716462	-2.500000
0.745573	-2.248403
0.741646	-2.000000
0.734066	-2.000000
0.732300	-2.500000
0.754576	-2.251939
0.766919	-2.000000
0.760490	-2.000000
0.730648	-2.000000
0.718261	-2.000000
0.697444	-2.000000
0.699724	-2.254659
0.717956	-2.500000
0.719975	-2.500000
0.709634	-3.000000
0.695514	-2.725191
0.695958	-2.262747
0.688055	-2.000000
0.691704	-2.500000
0.675365	-2.266865
0.692657	-2.000000
0.711742	-2.002047
0.742510	-2.494870
0.747269	-2.696487
0.714378	-2.856382
0.720867	-2.758462
0.717651	-2.239730
0.700084	-2.000000
0.647622	-2.000000
0.619614	-2.247669
0.673737	-2.761619
0.720994	-3.000000
0.714985	-3.000000
0.691239	-2.831809
0.738855	-2.676835
0.729720	-2.495886
0.694013	-2.505916
0.710465	-2.500000
0.757924	-2.751022
0.764046	-2.813342
0.735181	-2.658996
0.699716	-2.254490
0.698021	-2.000000
0.690099	-2.000000
0.668854	-2.000000
0.654610	-2.000000
0.670897	-2.500000
0.674809	-2.496117
0.711171	-2.000000
0.719495	-2.000000
0.711780	-2.500000
0.714733	-2.241724
0.745765	-2.251855
0.783226	-2.661487
0.695124	-2.321887
0.703760	-2.673744
0.670949	-2.336902
0.668183	-2.500000
0.677167	-2.500000
0.712245	-2.500000
0.739341	-2.251030
0.748538	-2.003606
0.675025	-2.994023
0.681971	-2.809343
0.676193	-2.632936
0.651506	-2.258949
0.642203	-2.000000
0.679075	-2.267196
0.666928	-2.500000
0.647360	-2.500000
0.686914	-2.500000
0.721054	-2.243205
0.724039	-2.000000
0.714710	-2.000000
0.660093	-2.500000
0.656683	-2.500000
0.748215	-2.500000
0.740926	-2.707978
0.735330	-2.359968
0.735760	-2.500000
0.808771	-2.500000
0.796300	-2.500000
0.776295	-2.741767
0.758075	-2.754703
0.748429	-2.256278
0.747841	-2.186803
0.710621	-2.364477
0.705297	-2.502272
0.719926	-2.986262
0.722531	-3.000000
0.771979	-3.000000
0.786881	-2.830062
0.739766	-2.162970
0.699851	-2.000000
0.723615	-2.000000
0.698111	-2.000000
0.674667	-2.000000
0.682533	-2.231110
0.729728	-2.500000
0.748583	-2.273265
0.770225	-2.000000
0.791207	-2.000000
0.779692	-2.000000
0.774472	-2.000000
0.714990	-2.500000
0.735623	-2.500000
0.726979	-2.500000
0.725389	-2.500000
0.754949	-2.500000
0.736277	-2.500000
0.724623	-3.000000
0.707356	-2.820258
0.690670	-2.640447
0.700201	-2.348924
0.733162	-2.179507
0.749006	-2.003830
0.749134	-2.995006
0.717786	-2.721164
0.712644	-2.238095
0.767930	-2.000000
0.787384	-2.267637
0.751171	-2.500000
0.685341	-2.500000
0.679494	-2.328734
0.769764	-2.159253
0.742881	-2.247472
0.696303	-2.500000
0.693390	-2.500000
0.674905	-3.000000
0.686292	-3.000000
0.683151	-3.000000
0.697332	-2.838153
0.683240	-2.662316
0.694770	-2.254006
0.705695	-2.255188
0.710260	-2.500000
0.714789	-2.253727
0.702951	-2.000000
0.687223	-2.239545
0.693600	-2.673217
0.650619	-2.339070
0.656768	-2.500000
0.699202	-2.500000
0.699495	-2.304894
0.687223	-2.144652
0.701029	-2.187491
0.718775	-2.345179
0.727090	-2.751338
0.689739	-2.800356
0.638637	-2.500000
0.643776	-2.500000
0.672773	-2.500000
0.705320	-2.500000
0.714778	-2.500000
0.705007	-2.500000
0.693528	-2.500000
0.699260	-2.000000
0.733398	-2.000000
0.772517	-2.000000
0.762434	-2.000000
0.738808	-2.265505
0.751172	-2.671097
0.771903	-2.340032
0.794541	-2.500000
0.773496	-2.500000
0.732928	-2.500000
0.696174	-2.500000
0.675278	-2.500000
0.778737	-2.500000
0.772439	-2.500000
0.778657	-2.500000
0.750645	-2.500000
0.702601	-2.000000
0.672527	-2.155013
0.730187	-2.833109
0.695237	-2.838695
0.756864	-2.667297
0.703355	-2.500000
0.705097	-3.000000
0.675208	-3.000000
0.742147	-3.000000
0.780074	-2.721262
0.815952	-2.255143
0.805873	-2.000000
0.829773	-2.500000
0.791817	-2.664742
0.776040	-2.813549
0.738092	-3.000000
0.764045	-2.500000
0.742068	-2.500000
0.758452	-2.500000
0.742447	-2.500000
0.745530	-2.248727
0.748019	-2.000000
0.729573	-2.494549
0.756374	-2.677909
0.771883	-2.866557
0.788800	-3.222765
0.767847	-3.213955
0.739013	-2.744031
0.655726	-3.006062
0.589049	-3.500000
0.592318	-3.233562
0.583752	-3.000000
0.699576	-3.000000
0.690230	-2.755001
0.712196	-2.244169
0.730001	-2.000000
0.705631	-2.494728
0.713160	-2.500000
0.743250	-2.500000
0.734018	-2.500000
0.707492	-3.000000
0.689501	-2.842785
0.728301	-2.673668
0.707312	-2.500000
0.678390	-2.739928
0.672526	-3.000000
0.706840	-3.000000
0.751446	-3.000000
0.760854	-3.000000
0.760294	-3.000000
0.608498	-2.500000
0.634290	-2.500000
0.711912	-2.234600
0.763655	-2.000000
0.757014	-2.000000
0.759664	-2.180596
0.726309	-2.336992
0.739426	-2.753883
0.751410	-3.000000
0.757634	-3.000000
0.657331	-3.000000
0.556245	-3.000000
0.554223	-3.000000
0.553257	-2.996792
0.802771	-2.560937
0.758769	-2.500000
0.748461	-2.500000
0.739725	-2.500000
0.627518	-2.000000
0.625864	-2.000000
0.631659	-2.000000
0.686179	-2.206045
0.711487	-2.340903
0.765676	-2.500000
0.780968	-2.500000
0.797377	-2.500000
0.730530	-2.500000
0.750296	-2.500000
0.728369	-2.500000
0.751012	-2.732653
0.754413	-3.262446
0.752678	-3.500000
0.744490	-3.000000
0.768173	-3.000000
0.725250	-3.000000
0.742447	-3.000000
0.681087	-3.000000
0.681335	-3.000000
0.772585	-2.504897
0.767635	-2.500000
0.765453	-2.500000
0.739415	-2.683897
0.648092	-2.861969
0.639885	-3.000000
0.711067	-2.500000
0.726955	-2.500000
0.689630	-2.236752
0.641187	-2.000000
0.616905	-2.000000
0.577931	-2.238240
0.642336	-3.024445
0.724558	-3.496154
0.730759	-2.504756
0.720981	-2.749735
0.714760	-3.000000
0.722505	-3.000000
0.787884	-3.000000
0.847259	-3.000000
