3.74904904559251	-58.5	920.625	2216	0000	0	920.625	092630358 0.689923098212799	
2.42368964485931	-52	920.625	2215	0000	1	920.625	092630361 0.691766822997512	
3.73677719928942	-58.5	920.625	2216	0000	2	920.625	092630361 0.692051140991141	
2.41141779855623	-52	920.625	2215	0000	3	920.625	092630361 0.692292792406708	
2.39914595225314	-52	920.625	2215	0000	4	920.625	092630362 0.692540107527328	
3.62633058256166	-58	920.625	2216	0000	5	920.625	092630362 0.692733428659782	
2.36846633649543	-52	920.625	2215	0000	6	920.625	092630362 0.693481415307031	
3.61405873625857	-58.5	920.625	2216	0000	7	920.625	092630366 0.696677255277912	
2.4359614911624	-52	920.625	2215	0000	8	920.625	092630564 0.895546930781595	
3.68155389092554	-58.5	920.625	2216	0000	9	920.625	092630568 0.89928686401784	
2.46664110692011	-52	920.625	2215	0000	10	920.625	092630572 0.903760813428871	
3.74291312244096	-59	920.625	2216	0000	11	920.625	092630577 0.90880226608615	
2.44823333746548	-52	920.625	2215	0000	12	920.625	092630580 0.911834991351522	
3.66928204462245	-58.5	920.625	2216	0000	13	920.625	092630584 0.915306464968285	
3.72450535298634	-58.5	920.625	2216	0000	14	920.625	092630589 0.920216897248685	
2.42368964485931	-52	920.625	2215	0000	15	920.625	092630592 0.923307769885929	
2.42982556801086	-52	920.625	2215	0000	16	920.625	092630594 0.925886266006102	
3.68155389092554	-58.5	920.625	2216	0000	17	920.625	092630601 0.932490523677497	
2.42982556801086	-52	920.625	2215	0000	18	920.625	092630814 1.14561423447663	
3.57724319734932	-58.5	920.625	2216	0000	19	920.625	092630822 1.1535747607179	
3.65087427516783	-58.5	920.625	2216	0000	20	920.625	092630826 1.15697826987404	
2.47277703007165	-52	920.625	2215	0000	21	920.625	092630831 1.16266198668425	
2.44823333746548	-52	920.625	2215	0000	22	920.625	092630835 1.166600904758	
3.70609758353171	-58.5	920.625	2216	0000	23	920.625	092630838 1.16948637369201	
2.4359614911624	-52	920.625	2215	0000	24	920.625	092630844 1.17512817908484	
3.73064127613788	-58.5	920.625	2216	0000	25	920.625	092630847 1.17824246170297	
3.82268012341102	-58.5	920.625	2216	0000	26	920.625	092630853 1.18472325060422	
2.4359614911624	-52	920.625	2215	0000	27	920.625	092630857 1.18807125545084	
2.4359614911624	-52	920.625	2215	0000	28	920.625	092630860 1.19087856525513	
3.5895150436524	-58.5	920.625	2216	0000	29	920.625	092630867 1.19843319263431	
3.60178688995549	-58.5	920.625	2216	0000	30	920.625	092631065 1.39555920214254	
2.44209741431394	-52	920.625	2215	0000	31	920.625	092631070 1.40072903211434	
3.69996166038017	-58.5	920.625	2216	0000	32	920.625	092631073 1.40386483681167	
2.4789129532232	-52	920.625	2215	0000	33	920.625	092631079 1.40982305452675	
2.41141779855623	-52	920.625	2215	0000	34	920.625	092631082 1.41273457650401	
3.78586458450176	-58	920.625	2216	0000	35	920.625	092631086 1.41663196074071	
3.73064127613788	-58.5	920.625	2216	0000	36	920.625	092631091 1.42227867467791	
2.45436926061703	-52	920.625	2215	0000	37	920.625	092631094 1.42484055726327	
2.46664110692011	-52	920.625	2215	0000	38	920.625	092631096 1.42728538994421	
3.64473835201628	-58.5	920.625	2216	0000	39	920.625	092631103 1.43397082738802	
3.70609758353171	-59	920.625	2216	0000	40	920.625	092631316 1.6467248870374	
2.4789129532232	-52	920.625	2215	0000	41	920.625	092631320 1.65106743849122	
2.46664110692011	-52.5	920.625	2215	0000	42	920.625	092631323 1.65391779245391	
3.73677719928942	-58.5	920.625	2216	0000	43	920.625	092631329 1.66020714812439	
3.63860242886474	-58.5	920.625	2216	0000	44	920.625	092631331 1.66179713892276	
2.44209741431394	-52	920.625	2215	0000	45	920.625	092631333 1.6641056651021	
2.46050518376857	-52	920.625	2215	0000	46	920.625	092631335 1.66629638621635	
3.69996166038017	-58.5	920.625	2216	0000	47	920.625	092631339 1.67011183551996	
2.3930100291016	-52	920.625	2215	0000	48	920.625	092631341 1.67206694650404	
3.68768981407708	-59	920.625	2216	0000	49	920.625	092631342 1.67300032509667	
0.616660276730028	-59	920.625	2216	0000	50	920.625	092631564 1.89545027021537	
5.64811726099493	-52.5	920.625	2215	0000	51	920.625	092631569 1.89983850888994	
2.44823333746548	-52	920.625	2215	0000	52	920.625	092631572 1.90280742307839	
3.69996166038017	-58.5	920.625	2216	0000	53	920.625	092631578 1.90936939175206	
2.4359614911624	-52	920.625	2215	0000	54	920.625	092631581 1.91247196937975	
3.75518496874405	-58.5	920.625	2216	0000	55	920.625	092631584 1.91499156296737	
2.4359614911624	-52	920.625	2215	0000	56	920.625	092631586 1.9170999715682	
3.72450535298634	-58.5	920.625	2216	0000	57	920.625	092631589 1.92021614208801	
2.49732072267782	-52	920.625	2215	0000	58	920.625	092631591 1.92201153658961	
3.74904904559251	-58.5	920.625	2216	0000	59	920.625	092631592 1.92353016470432	
2.42982556801086	-52	920.625	2215	0000	60	920.625	092631814 2.14554627001601	
3.63860242886474	-58.5	920.625	2216	0000	61	920.625	092631817 2.14825842957541	
2.46050518376857	-52	920.625	2215	0000	62	920.625	092631819 2.15043178199418	
3.60178688995549	-59	920.625	2216	0000	63	920.625	092631821 2.15264629066965	
3.74291312244096	-58.5	920.625	2216	0000	64	920.625	092631822 2.1537941348936	
2.4359614911624	-52	920.625	2215	0000	65	920.625	092631826 2.1574864930074	
2.49118479952628	-52	920.625	2215	0000	66	920.625	092631828 2.15999589192594	
3.64473835201628	-58.5	920.625	2216	0000	67	920.625	092631829 2.16088018507478	
2.44209741431394	-52	920.625	2215	0000	68	920.625	092631830 2.16177505047305	
3.60178688995549	-58.5	920.625	2216	0000	69	920.625	092631833 2.16486856617265	
2.50345664582937	-52	920.625	2215	0000	70	920.625	092632055 2.38601736945065	
3.72450535298634	-58.5	920.625	2216	0000	71	920.625	092632058 2.38900856087898	
3.71223350668325	-58.5	920.625	2216	0000	72	920.625	092632060 2.3904637554971	
2.45436926061703	-52	920.625	2215	0000	73	920.625	092632061 2.39184909775291	
3.66314612147091	-58.5	920.625	2216	0000	74	920.625	092632062 2.39269525528773	
2.4789129532232	-52	920.625	2215	0000	75	920.625	092632063 2.39362259259497	
2.42982556801086	-52	920.625	2215	0000	76	920.625	092632064 2.39461298581846	
3.62633058256166	-58.5	920.625	2216	0000	77	920.625	092632069 2.39947395507474	
3.68768981407708	-58.5	920.625	2216	0000	78	920.625	092632070 2.40130408696732	
2.52186441528399	-52	920.625	2215	0000	79	920.625	092632072 2.40280949977024	
2.4359614911624	-52	920.625	2215	0000	80	920.625	092632314 2.64553664171742	
3.66928204462245	-58.5	920.625	2216	0000	81	920.625	092632318 2.64895374376568	
3.6324665057132	-58.5	920.625	2216	0000	82	920.625	092632321 2.65152921924316	
2.50345664582937	-52	920.625	2215	0000	83	920.625	092632322 2.65254868615258	
2.51572849213245	-52.5	920.625	2215	0000	84	920.625	092632324 2.65446075297826	
3.69996166038017	-58.5	920.625	2216	0000	85	920.625	092632325 2.65530993115578	
2.46664110692011	-52	920.625	2215	0000	86	920.625	092632329 2.65974083640841	
3.68768981407708	-58.5	920.625	2216	0000	87	920.625	092632330 2.66068138902744	
2.44209741431394	-52	920.625	2215	0000	88	920.625	092632333 2.66336749554361	
3.73677719928942	-58.5	920.625	2216	0000	89	920.625	092632335 2.66575720149537	
3.5895150436524	-58.5	920.625	2216	0000	90	920.625	092632565 2.89537626446935	
2.44823333746548	-52	920.625	2215	0000	91	920.625	092632567 2.89829269499098	
2.46050518376857	-52	920.625	2215	0000	92	920.625	092632570 2.90118722585308	
3.60792281310703	-58.5	920.625	2216	0000	93	920.625	092632572 2.90264808417625	
2.47277703007165	-52	920.625	2215	0000	94	920.625	092632573 2.90404890722587	
3.68155389092554	-58.5	920.625	2216	0000	95	920.625	092632574 2.90504534173475	
3.8349519697141	-58.5	920.625	2216	0000	96	920.625	092632578 2.90878263190863	
2.46664110692011	-52	920.625	2215	0000	97	920.625	092632580 2.91126899842662	
3.70609758353171	-58.5	920.625	2216	0000	98	920.625	092632584 2.91483411196692	
2.3930100291016	-52	920.625	2215	0000	99	920.625	092632585 2.9162058613306	
2.45436926061703	-52	920.625	2215	0000	100	920.625	092632589 2.92009229573753	
3.68768981407708	-59	920.625	2216	0000	101	920.625	092632589 2.92064243028829	
2.46664110692011	-52	920.625	2215	0000	102	920.625	092632815 3.14534653001783	
3.66928204462245	-58.5	920.625	2216	0000	103	920.625	092632818 3.14878175592225	
3.59565096680394	-58	920.625	2216	0000	104	920.625	092632820 3.15097436493819	
2.45436926061703	-52	920.625	2215	0000	105	920.625	092632821 3.15191642787857	
3.74291312244096	-58	920.625	2216	0000	106	920.625	092632824 3.15529917011618	
2.46050518376857	-52	920.625	2215	0000	107	920.625	092632828 3.1586728504257	
2.46050518376857	-52	920.625	2215	0000	108	920.625	092632830 3.16051695279075	
3.61405873625857	-58	920.625	2216	0000	109	920.625	092632833 3.16404657377939	
2.48504887637474	-52	920.625	2215	0000	110	920.625	092632835 3.16554330223456	
3.81040827710793	-58	920.625	2216	0000	111	920.625	092632838 3.16892717721318	
3.68768981407708	-58.5	920.625	2216	0000	112	920.625	092633065 3.39552446475155	
2.40528187540469	-52	920.625	2215	0000	113	920.625	092633068 3.39845108994228	
2.42368964485931	-52	920.625	2215	0000	114	920.625	092633069 3.40037297385672	
3.70609758353171	-58.5	920.625	2216	0000	115	920.625	092633072 3.40279703961913	
2.46664110692011	-52	920.625	2215	0000	116	920.625	092633073 3.40426469438836	
3.64473835201628	-58.5	920.625	2216	0000	117	920.625	092633077 3.40766858112483	
3.65701019831937	-58.5	920.625	2216	0000	118	920.625	092633078 3.40899539842844	
2.42368964485931	-52	920.625	2215	0000	119	920.625	092633079 3.41010170881533	
2.40528187540469	-52	920.625	2215	0000	120	920.625	092633082 3.41312197392959	
3.36862181019687	-58.5	920.625	2216	0000	121	920.625	092633084 3.41492794068062	
3.72450535298634	-58.5	920.625	2216	0000	122	920.625	092633314 3.6453550255754	
2.47277703007165	-52	920.625	2215	0000	123	920.625	092633317 3.64860372679344	
2.45436926061703	-52	920.625	2215	0000	124	920.625	092633320 3.6508816689655	
3.68155389092554	-58.5	920.625	2216	0000	125	920.625	092633321 3.65219376063597	
2.44209741431394	-52	920.625	2215	0000	126	920.625	092633322 3.6535496516255	
3.73064127613788	-58.5	920.625	2216	0000	127	920.625	092633323 3.65411413422905	
3.65701019831937	-58.5	920.625	2216	0000	128	920.625	092633328 3.65884785891182	
2.45436926061703	-52	920.625	2215	0000	129	920.625	092633330 3.66163628969927	
2.4359614911624	-52	920.625	2215	0000	130	920.625	092633333 3.66467694415172	
3.68155389092554	-58.5	920.625	2216	0000	131	920.625	092633335 3.66647233865331	
3.66928204462245	-58.5	920.625	2216	0000	132	920.625	092633339 3.67027230716311	
2.49118479952628	-52	920.625	2215	0000	133	920.625	092633340 3.67122154412989	
2.50345664582937	-52.5	920.625	2215	0000	134	920.625	092633564 3.89529508469693	
3.75518496874405	-59	920.625	2216	0000	135	920.625	092633568 3.8994741438649	
3.76132089189559	-58.5	920.625	2216	0000	136	920.625	092633571 3.90193370217898	
2.45436926061703	-52	920.625	2215	0000	137	920.625	092633574 3.90494566052583	
2.48504887637474	-52	920.625	2215	0000	138	920.625	092633578 3.90886872022543	
3.52201988898543	-59.5	920.625	2216	0000	139	920.625	092633579 3.91042850459685	
2.44209741431394	-52	920.625	2215	0000	140	920.625	092633583 3.914410466829	
3.64473835201628	-58.5	920.625	2216	0000	141	920.625	092633589 3.92048724476985	
2.40528187540469	-52	920.625	2215	0000	142	920.625	092633592 3.92335572258871	
3.63860242886474	-58	920.625	2216	0000	143	920.625	092633594 3.92550339954456	
3.53429173528852	-58.5	920.625	2216	0000	144	920.625	092633814 4.14515207614436	
2.44209741431394	-52	920.625	2215	0000	145	920.625	092633819 4.14989221969285	
3.675417967774	-58.5	920.625	2216	0000	146	920.625	092633821 4.1524284268153	
2.49732072267782	-52	920.625	2215	0000	147	920.625	092633824 4.15503599662141	
3.52201988898543	-58.5	920.625	2216	0000	148	920.625	092633829 4.15973951487723	
2.47277703007165	-52	920.625	2215	0000	149	920.625	092633833 4.16388647971657	
2.49118479952628	-52	920.625	2215	0000	150	920.625	092633835 4.16603717731512	
3.61405873625857	-58.5	920.625	2216	0000	151	920.625	092633839 4.17032724510212	
2.39914595225314	-52	920.625	2215	0000	152	920.625	092633842 4.17337507358097	
3.73064127613788	-58.5	920.625	2216	0000	153	920.625	092633844 4.17529431443305	
2.38687410595006	-52	920.625	2215	0000	154	920.625	092634054 4.38572474468962	
3.65087427516783	-58.5	920.625	2216	0000	155	920.625	092634057 4.3886253168371	
2.44823333746548	-52	920.625	2215	0000	156	920.625	092634059 4.38983470665595	
3.71223350668325	-58.5	920.625	2216	0000	157	920.625	092634060 4.39087456290356	
2.42982556801086	-52	920.625	2215	0000	158	920.625	092634061 4.3918993159377	
3.65701019831937	-58.5	920.625	2216	0000	159	920.625	092634062 4.39314495346889	
3.57724319734932	-58.5	920.625	2216	0000	160	920.625	092634068 4.3986051427197	
2.42982556801086	-52	920.625	2215	0000	161	920.625	092634069 4.40000785367101	
3.69996166038017	-58.5	920.625	2216	0000	162	920.625	092634314 4.64527384580299	
2.44209741431394	-52	920.625	2215	0000	163	920.625	092634317 4.64796335054219	
2.45436926061703	-52.5	920.625	2215	0000	164	920.625	092634319 4.65016124568284	
3.68155389092554	-58.5	920.625	2216	0000	165	920.625	092634320 4.65128341444388	
2.46050518376857	-52.5	920.625	2215	0000	166	920.625	092634321 4.65240294014257	
3.63860242886474	-58.5	920.625	2216	0000	167	920.625	092634323 4.65456194450853	
3.69382573722862	-58.5	920.625	2216	0000	168	920.625	092634328 4.65942706714851	
2.48504887637474	-52	920.625	2215	0000	169	920.625	092634331 4.66242807566559	
2.47277703007165	-52	920.625	2215	0000	170	920.625	092634333 4.664455304494	
3.62019465941011	-58	920.625	2216	0000	171	920.625	092634334 4.66530372751084	
2.50959256898091	-52.5	920.625	2215	0000	172	920.625	092634337 4.66871818649675	
3.65087427516783	-58.5	920.625	2216	0000	173	920.625	092634340 4.67114753838387	
3.72450535298634	-58.5	920.625	2216	0000	174	920.625	092634574 4.90507026203698	
2.45436926061703	-52	920.625	2215	0000	175	920.625	092634577 4.90823702832192	
3.69382573722862	-58.5	920.625	2216	0000	176	920.625	092634579 4.91058935382034	
2.4359614911624	-52	920.625	2215	0000	177	920.625	092634581 4.91222918522317	
2.45436926061703	-52	920.625	2215	0000	178	920.625	092634582 4.913184085895	
3.65701019831937	-58.5	920.625	2216	0000	179	920.625	092634583 4.91427453790774	
3.68768981407708	-58.5	920.625	2216	0000	180	920.625	092634587 4.91781699662783	
2.4359614911624	-52	920.625	2215	0000	181	920.625	092634590 4.92089238847126	
3.70609758353171	-58.5	920.625	2216	0000	182	920.625	092634591 4.92192695859416	
2.46050518376857	-52	920.625	2215	0000	183	920.625	092634592 4.92317259612535	
3.71223350668325	-58.5	920.625	2216	0000	184	920.625	092634814 5.14511167504832	
2.47277703007165	-52	920.625	2215	0000	185	920.625	092634818 5.14926958971743	
2.49732072267782	-52	920.625	2215	0000	186	920.625	092634821 5.15242767165463	
3.76132089189559	-58.5	920.625	2216	0000	187	920.625	092634823 5.15407996320857	
2.42982556801086	-52	920.625	2215	0000	188	920.625	092634827 5.15783802030098	
3.69382573722862	-58.5	920.625	2216	0000	189	920.625	092634828 5.15916936856863	
2.44823333746548	-52	920.625	2215	0000	190	920.625	092634833 5.16394236160642	
3.68768981407708	-58.5	920.625	2216	0000	191	920.625	092634836 5.16715745817448	
3.68155389092554	-58.5	920.625	2216	0000	192	920.625	092634842 5.17301637226099	
2.44209741431394	-52	920.625	2215	0000	193	920.625	092634843 5.17422613966017	
3.68768981407708	-58.5	920.625	2216	0000	194	920.625	092635074 5.40509537112938	
2.41141779855623	-52.5	920.625	2215	0000	195	920.625	092635077 5.40818360070426	
3.60792281310703	-58.5	920.625	2216	0000	196	920.625	092635079 5.40998579165193	
2.41755372170777	-52	920.625	2215	0000	197	920.625	092635081 5.41281915449945	
2.41755372170777	-52.5	920.625	2215	0000	198	920.625	092635082 5.41374007294097	
3.65701019831937	-58.5	920.625	2216	0000	199	920.625	092635086 5.41776885513489	
3.70609758353171	-58.5	920.625	2216	0000	200	920.625	092635089 5.41990218403794	
2.50959256898091	-52	920.625	2215	0000	201	920.625	092635091 5.42191393207254	
2.42982556801086	-52.5	920.625	2215	0000	202	920.625	092635092 5.4236474033989	
3.65701019831937	-58.5	920.625	2216	0000	203	920.625	092635093 5.42463364323869	
2.46050518376857	-52	920.625	2215	0000	204	920.625	092635094 5.42565159982677	
3.49134027322772	-58.5	920.625	2216	0000	205	920.625	092635100 5.43127943474713	
2.45436926061703	-52	920.625	2215	0000	206	920.625	092635314 5.64502502036102	
3.68155389092554	-58.5	920.625	2216	0000	207	920.625	092635318 5.64832280702284	
3.675417967774	-58.5	920.625	2216	0000	208	920.625	092635319 5.6493241500761	
2.48504887637474	-52	920.625	2215	0000	209	920.625	092635320 5.65111803425635	
3.55883542789469	-58.5	920.625	2216	0000	210	920.625	092635321 5.65216808517306	
2.42982556801086	-52.5	920.625	2215	0000	211	920.625	092635323 5.65427838167557	
2.42368964485931	-52	920.625	2215	0000	212	920.625	092635328 5.65861980038838	
3.64473835201628	-58.5	920.625	2216	0000	213	920.625	092635329 5.65987412226731	
3.61405873625857	-58.5	920.625	2216	0000	214	920.625	092635331 5.66201651309845	
2.47277703007165	-52	920.625	2215	0000	215	920.625	092635333 5.66424650256774	
2.42368964485931	-52.5	920.625	2215	0000	216	920.625	092635564 5.89500170477522	
3.70609758353171	-58.5	920.625	2216	0000	217	920.625	092635567 5.89796533283895	
2.46050518376857	-52	920.625	2215	0000	218	920.625	092635568 5.89917510023814	
3.68768981407708	-58.5	920.625	2216	0000	219	920.625	092635570 5.90131144978389	
3.58337912050086	-58	920.625	2216	0000	220	920.625	092635572 5.90309702719673	
2.4789129532232	-52	920.625	2215	0000	221	920.625	092635574 5.90491281103652	
3.73677719928942	-58.5	920.625	2216	0000	222	920.625	092635578 5.90941092558911	
2.49118479952628	-52	920.625	2215	0000	223	920.625	092635579 5.90996521352357	
2.3930100291016	-52	920.625	2215	0000	224	920.625	092635582 5.91309271145348	
3.63860242886474	-58.5	920.625	2216	0000	225	920.625	092635584 5.91463286164739	
2.49118479952628	-52.5	920.625	2215	0000	226	920.625	092635814 6.14494402937877	
3.62633058256166	-58.5	920.625	2216	0000	227	920.625	092635818 6.14863412201055	
2.3930100291016	-52	920.625	2215	0000	228	920.625	092635819 6.15009120453036	
3.69996166038017	-58.5	920.625	2216	0000	229	920.625	092635820 6.15109179242294	
2.48504887637474	-52	920.625	2215	0000	230	920.625	092635821 6.15241370118217	
3.68768981407708	-58.5	920.625	2216	0000	231	920.625	092635822 6.15330894416078	
3.69382573722862	-58.5	920.625	2216	0000	232	920.625	092635828 6.1589250740907	
2.44209741431394	-52	920.625	2215	0000	233	920.625	092635831 6.1620401118695	
2.49118479952628	-52	920.625	2215	0000	234	920.625	092635833 6.16447626020269	
3.66314612147091	-58.5	920.625	2216	0000	235	920.625	092635836 6.16725072051768	
3.69996166038017	-58.5	920.625	2216	0000	236	920.625	092636054 6.38542645622352	
2.46050518376857	-52	920.625	2215	0000	237	920.625	092636058 6.38970481902008	
3.62019465941011	-58.5	920.625	2216	0000	238	920.625	092636061 6.39286139063593	
2.40528187540469	-52	920.625	2215	0000	239	920.625	092636065 6.39650277540427	
2.52186441528399	-52	920.625	2215	0000	240	920.625	092636072 6.40302472056223	
3.70609758353171	-58.5	920.625	2216	0000	241	920.625	092636075 6.40618544556179	
3.64473835201628	-58.5	920.625	2216	0000	242	920.625	092636082 6.41348671653496	
2.41755372170777	-52	920.625	2215	0000	243	920.625	092636084 6.41592588551085	
2.4359614911624	-52	920.625	2215	0000	244	920.625	092636086 6.41727800069701	
3.6324665057132	-58.5	920.625	2216	0000	245	920.625	092636087 6.41848361471249	
3.65701019831937	-58.5	920.625	2216	0000	246	920.625	092636313 6.64494157510658	
2.45436926061703	-52	920.625	2215	0000	247	920.625	092636317 6.64846968577387	
3.68155389092554	-58.5	920.625	2216	0000	248	920.625	092636318 6.64989165332235	
2.4789129532232	-52	920.625	2215	0000	249	920.625	092636320 6.65146842880893	
2.48504887637474	-52	920.625	2215	0000	250	920.625	092636321 6.65248600781667	
3.62633058256166	-58.5	920.625	2216	0000	251	920.625	092636322 6.65347073733511	
2.50959256898091	-52	920.625	2215	0000	252	920.625	092636323 6.65450908326137	
3.69382573722862	-58.5	920.625	2216	0000	253	920.625	092636328 6.65991074755998	
2.49118479952628	-52	920.625	2215	0000	254	920.625	092636330 6.66122737019449	
3.65701019831937	-58.5	920.625	2216	0000	255	920.625	092636333 6.66408640850492	
2.47277703007165	-52	920.625	2215	0000	256	920.625	092636335 6.66664602560825	
3.69996166038017	-58.5	920.625	2216	0000	257	920.625	092636339 6.67079903173298	
2.44209741431394	-52	920.625	2215	0000	258	920.625	092636564 6.89479214768828	
3.69382573722862	-58	920.625	2216	0000	259	920.625	092636567 6.8976961180588	
2.46050518376857	-52	920.625	2215	0000	260	920.625	092636568 6.8995489047716	
3.68155389092554	-58.5	920.625	2216	0000	261	920.625	092636570 6.90113096638289	
2.51572849213245	-52	920.625	2215	0000	262	920.625	092636572 6.90327297963369	
3.65701019831937	-58	920.625	2216	0000	263	920.625	092636574 6.90510046846392	
3.68155389092554	-58.5	920.625	2216	0000	264	920.625	092636579 6.90960915526594	
2.46664110692011	-52	920.625	2215	0000	265	920.625	092636579 6.91015551401333	
2.48504887637474	-52.5	920.625	2215	0000	266	920.625	092636814 7.14483906204513	
3.675417967774	-58.5	920.625	2216	0000	267	920.625	092636817 7.14806171021993	
3.68768981407708	-58.5	920.625	2216	0000	268	920.625	092636818 7.14929375485899	
2.47277703007165	-52	920.625	2215	0000	269	920.625	092636820 7.15087921469331	
3.66928204462245	-58.5	920.625	2216	0000	270	920.625	092636822 7.15336822427366	
2.49732072267782	-52	920.625	2215	0000	271	920.625	092636826 7.15772512378027	
2.48504887637474	-52	920.625	2215	0000	272	920.625	092636827 7.15829300460686	
3.66314612147091	-58.5	920.625	2216	0000	273	920.625	092636831 7.16196384064146	
3.68768981407708	-58.5	920.625	2216	0000	274	920.625	092636832 7.16333861064784	
2.51572849213245	-52	920.625	2215	0000	275	920.625	092636832 7.16378642092732	
3.71223350668325	-58.5	920.625	2216	0000	276	920.625	092636833 7.16426368247306	
2.45436926061703	-52	920.625	2215	0000	277	920.625	092636834 7.16508454212532	
3.69382573722862	-58.5	920.625	2216	0000	278	920.625	092637063 7.39469945171559	
2.51572849213245	-52	920.625	2215	0000	279	920.625	092637066 7.39740556998961	
3.68768981407708	-58.5	920.625	2216	0000	280	920.625	092637068 7.3990880679705	
2.50959256898091	-52	920.625	2215	0000	281	920.625	092637070 7.40089441230187	
3.675417967774	-58.5	920.625	2216	0000	282	920.625	092637071 7.40274078014894	
2.49118479952628	-52.5	920.625	2215	0000	283	920.625	092637077 7.40857175329052	
3.65087427516783	-58.5	920.625	2216	0000	284	920.625	092637082 7.41306533687906	
2.50345664582937	-52.5	920.625	2215	0000	285	920.625	092637085 7.41592059938613	
2.51572849213245	-52	920.625	2215	0000	286	920.625	092637089 7.42069132694191	
3.63860242886474	-58	920.625	2216	0000	287	920.625	092637090 7.42163187956093	
2.52800033843554	-52	920.625	2215	0000	288	920.625	092637313 7.64475240735783	
3.675417967774	-58.5	920.625	2216	0000	289	920.625	092637317 7.64750987655766	
3.74291312244096	-58.5	920.625	2216	0000	290	920.625	092637318 7.64929658671151	
2.49118479952628	-52	920.625	2215	0000	291	920.625	092637319 7.65081068386218	
3.65087427516783	-58.5	920.625	2216	0000	292	920.625	092637320 7.65193209746255	
2.46664110692011	-52.5	920.625	2215	0000	293	920.625	092637321 7.65296666758545	
3.65701019831937	-58.5	920.625	2216	0000	294	920.625	092637322 7.65397896046847	
2.49118479952628	-52	920.625	2215	0000	295	920.625	092637328 7.65835058560822	
2.49732072267782	-52	920.625	2215	0000	296	920.625	092637330 7.66110390142435	
3.71836942983479	-58.5	920.625	2216	0000	297	920.625	092637331 7.66209467222817	
2.50959256898091	-52	920.625	2215	0000	298	920.625	092637564 7.89543252393954	
3.71223350668325	-58.5	920.625	2216	0000	299	920.625	092637568 7.89884622776477	
2.46050518376857	-52	920.625	2215	0000	300	920.625	092637570 7.90072242445845	
3.68155389092554	-59	920.625	2216	0000	301	920.625	092637571 7.90158141972472	
2.47277703007165	-52	920.625	2215	0000	302	920.625	092637572 7.90292371782213	
3.5895150436524	-58.5	920.625	2216	0000	303	920.625	092637574 7.90512010264144	
2.52800033843554	-52	920.625	2215	0000	304	920.625	092637578 7.90910395277527	
3.68155389092554	-58.5	920.625	2216	0000	305	920.625	092637581 7.91204115021543	
2.45436926061703	-52	920.625	2215	0000	306	920.625	092637583 7.91390677465968	
3.69996166038017	-58.5	920.625	2216	0000	307	920.625	092637584 7.91481107956637	
2.41141779855623	-52	920.625	2215	0000	308	920.625	092637813 8.14470124522219	
3.65701019831937	-58.5	920.625	2216	0000	309	920.625	092637815 8.14645850410977	
3.65701019831937	-58.5	920.625	2216	0000	310	920.625	092637817 8.14820934413163	
2.50345664582937	-52	920.625	2215	0000	311	920.625	092637818 8.15005722230005	
3.59565096680394	-58.5	920.625	2216	0000	312	920.625	092637820 8.15106460663869	
2.51572849213245	-52	920.625	2215	0000	313	920.625	092637823 8.1534444955017	
3.69996166038017	-58.5	920.625	2216	0000	314	920.625	092637826 8.15718216325592	
2.45436926061703	-52	920.625	2215	0000	315	920.625	092637828 8.1590798820288	
2.46050518376857	-52	920.625	2215	0000	316	920.625	092637831 8.16192721534879	
3.65701019831937	-58.5	920.625	2216	0000	317	920.625	092637833 8.16374715257228	
2.44823333746548	-52.5	920.625	2215	0000	318	920.625	092638054 8.38517385497819	
3.60178688995549	-58.5	920.625	2216	0000	319	920.625	092638057 8.38812879869418	
3.62019465941011	-58.5	920.625	2216	0000	320	920.625	092638059 8.38943220601689	
2.50345664582937	-52	920.625	2215	0000	321	920.625	092638060 8.39089193159906	
2.49732072267782	-52.5	920.625	2215	0000	322	920.625	092638061 8.39183928066415	
3.73677719928942	-58.5	920.625	2216	0000	323	920.625	092638063 8.39423351757995	
2.52186441528399	-52.5	920.625	2215	0000	324	920.625	092638064 8.39527186350622	
3.64473835201628	-58	920.625	2216	0000	325	920.625	092638068 8.39860363239836	
2.49118479952628	-52	920.625	2215	0000	326	920.625	092638070 8.40125273604152	
3.63860242886474	-58.5	920.625	2216	0000	327	920.625	092638071 8.40217554238471	
2.50959256898091	-52	920.625	2215	0000	328	920.625	092638314 8.64453152286079	
3.66928204462245	-58.5	920.625	2216	0000	329	920.625	092638317 8.64749439576385	
3.64473835201628	-58.5	920.625	2216	0000	330	920.625	092638319 8.6492697785076	
2.49732072267782	-52	920.625	2215	0000	331	920.625	092638322 8.65296704516578	
2.46664110692011	-52	920.625	2215	0000	332	920.625	092638327 8.65775476383672	
3.62633058256166	-58	920.625	2216	0000	333	920.625	092638328 8.65882935747532	
2.49732072267782	-52	920.625	2215	0000	334	920.625	092638330 8.66092341802334	
3.62633058256166	-58.5	920.625	2216	0000	335	920.625	092638331 8.66188549272157	
3.73677719928942	-58.5	920.625	2216	0000	336	920.625	092638333 8.66387949448034	
2.49118479952628	-52	920.625	2215	0000	337	920.625	092638338 8.66898815643757	
3.675417967774	-58.5	920.625	2216	0000	338	920.625	092638563 8.89464753441928	
2.47277703007165	-52	920.625	2215	0000	339	920.625	092638567 8.89813750947255	
2.45436926061703	-52	920.625	2215	0000	340	920.625	092638569 8.89993214881347	
3.66928204462245	-58.5	920.625	2216	0000	341	920.625	092638571 8.90223312338608	
2.42982556801086	-51.5	920.625	2215	0000	342	920.625	092638572 8.90375779278618	
3.68155389092554	-58	920.625	2216	0000	343	920.625	092638574 8.90541876868787	
3.64473835201628	-58.5	920.625	2216	0000	344	920.625	092638578 8.90921118559093	
2.42982556801086	-52	920.625	2215	0000	345	920.625	092638579 8.91012568516672	
2.46050518376857	-52	920.625	2215	0000	346	920.625	092638580 8.9110432053852	
3.66314612147091	-58.5	920.625	2216	0000	347	920.625	092638582 8.91323581440114	
2.47277703007165	-52	920.625	2215	0000	348	920.625	092638583 8.91410047337247	
3.65701019831937	-58.5	920.625	2216	0000	349	920.625	092638584 8.91497532701289	
2.46050518376857	-52	920.625	2215	0000	350	920.625	092638813 9.14457362306835	
3.66928204462245	-58.5	920.625	2216	0000	351	920.625	092638816 9.14755801805061	
3.57724319734932	-58.5	920.625	2216	0000	352	920.625	092638817 9.14868509535603	
2.48504887637474	-52	920.625	2215	0000	353	920.625	092638820 9.15136742606883	
2.51572849213245	-52	920.625	2215	0000	354	920.625	092638822 9.15304350518399	
3.61405873625857	-58.5	920.625	2216	0000	355	920.625	092638824 9.15496840974112	
3.57110727419777	-58.5	920.625	2216	0000	356	920.625	092638828 9.15951825279985	
2.44823333746548	-52	920.625	2215	0000	357	920.625	092638830 9.16141634915307	
2.4789129532232	-52	920.625	2215	0000	358	920.625	092638832 9.16346170183765	
3.66314612147091	-58	920.625	2216	0000	359	920.625	092638834 9.16522122620725	
2.48504887637474	-52	920.625	2215	0000	360	920.625	092639064 9.3945159476719	
3.62633058256166	-58.5	920.625	2216	0000	361	920.625	092639067 9.39749845475247	
2.4789129532232	-52	920.625	2215	0000	362	920.625	092639068 9.39899631594865	
3.62019465941011	-58.5	920.625	2216	0000	363	920.625	092639071 9.40212758968194	
3.58337912050086	-58.5	920.625	2216	0000	364	920.625	092639073 9.40446934293092	
2.46050518376857	-52	920.625	2215	0000	365	920.625	092639077 9.40815565975934	
2.49732072267782	-52	920.625	2215	0000	366	920.625	092639078 9.40914643056317	
3.61405873625857	-58.5	920.625	2216	0000	367	920.625	092639079 9.41018515406977	
2.46664110692011	-52	920.625	2215	0000	368	920.625	092639080 9.41109134687815	
3.6324665057132	-58.5	920.625	2216	0000	369	920.625	092639081 9.41156294471884	
3.5895150436524	-58.5	920.625	2216	0000	370	920.625	092639313 9.64442882100917	
2.4359614911624	-52	920.625	2215	0000	371	920.625	092639316 9.64747664948802	
3.63860242886474	-58.5	920.625	2216	0000	372	920.625	092639317 9.64868905994956	
2.45436926061703	-52.5	920.625	2215	0000	373	920.625	092639319 9.6501382132823	
3.6324665057132	-58.5	920.625	2216	0000	374	920.625	092639322 9.65379809948713	
2.46050518376857	-52	920.625	2215	0000	375	920.625	092639327 9.65802548893822	
3.63860242886474	-58.5	920.625	2216	0000	376	920.625	092639327 9.65855372382944	
2.45436926061703	-52	920.625	2215	0000	377	920.625	092639328 9.65955695478438	
3.68155389092554	-58.5	920.625	2216	0000	378	920.625	092639329 9.66060209715671	
2.52800033843554	-52	920.625	2215	0000	379	920.625	092639330 9.66161514520041	
2.46664110692011	-52	920.625	2215	0000	380	920.625	092639563 9.89447271472333	
3.65087427516783	-58	920.625	2216	0000	381	920.625	092639566 9.89759719201055	
3.60792281310703	-58.5	920.625	2216	0000	382	920.625	092639568 9.8993008344903	
2.49732072267782	-52	920.625	2215	0000	383	920.625	092639571 9.90196579650761	
3.69996166038017	-58.5	920.625	2216	0000	384	920.625	092639572 9.90345497335604	
2.41141779855623	-52	920.625	2215	0000	385	920.625	092639573 9.9044808591312	
3.5036121195308	-57.5	920.625	2216	0000	386	920.625	092639577 9.90830763584491	
2.49732072267782	-52	920.625	2215	0000	387	920.625	092639580 9.91117762398511	
2.48504887637474	-52	920.625	2215	0000	388	920.625	092639581 9.91245988680897	
3.62019465941011	-58.5	920.625	2216	0000	389	920.625	092639583 9.91384069810073	
2.50345664582937	-52	920.625	2215	0000	390	920.625	092639583 9.9143273991549	
3.68155389092554	-58.5	920.625	2216	0000	391	920.625	092639813 10.1443636884011	
3.75518496874405	-59	920.625	2216	0000	392	920.625	092639815 10.1468368396073	
2.44823333746548	-52	920.625	2215	0000	393	920.625	092639817 10.1489992421963	
3.62633058256166	-58.5	920.625	2216	0000	394	920.625	092639821 10.1522917427334	
2.44209741431394	-52	920.625	2215	0000	395	920.625	092639822 10.1540663703164	
3.65701019831937	-58.5	920.625	2216	0000	396	920.625	092639827 10.1586792692914	
2.46664110692011	-52	920.625	2215	0000	397	920.625	092639828 10.1599449185805	
3.675417967774	-58.5	920.625	2216	0000	398	920.625	092639830 10.1619200413224	
2.47277703007165	-52	920.625	2215	0000	399	920.625	092639832 10.1638358839514	
3.56497135104623	-58.5	920.625	2216	0000	400	920.625	092640053 10.3849091711621	
2.44823333746548	-52	920.625	2215	0000	401	920.625	092640056 10.3879955128353	
2.46664110692011	-52	920.625	2215	0000	402	920.625	092640058 10.3899543996227	
3.65087427516783	-58.5	920.625	2216	0000	403	920.625	092640060 10.3916255701935	
2.44209741431394	-52	920.625	2215	0000	404	920.625	092640061 10.3927137567242	
3.63860242886474	-58.5	920.625	2216	0000	405	920.625	092640062 10.3937071705904	
3.675417967774	-58	920.625	2216	0000	406	920.625	092640067 10.3982766478267	
2.48504887637474	-52	920.625	2215	0000	407	920.625	092640068 10.3997412819532	
2.3930100291016	-52.5	920.625	2215	0000	408	920.625	092640071 10.4025327333834	
3.63860242886474	-58.5	920.625	2216	0000	409	920.625	092640072 10.403540117722	
2.44823333746548	-52	920.625	2215	0000	410	920.625	092640150 10.4805321466235	
3.56497135104623	-58	920.625	2216	0000	411	920.625	092640152 10.4826877527664	
2.48504887637474	-52	920.625	2215	0000	412	920.625	092640157 10.4878455001675	
3.60792281310703	-58.5	920.625	2216	0000	413	920.625	092640160 10.4909748859991	
