118	-54	922750	C00000000000000000095417	014E	0	000A	111410173 6945586	
129	-55	922750	C00000000000000000095417	0165	1	000A	111410509 0307777	
123	-54	922750	C00000000000000000095417	0154	2	000A	111410604 1255557	
115	-54	922750	C00000000000000000095417	0154	3	000A	111410730 2521534	
115	-54	922750	C00000000000000000095417	0154	4	000A	111410826 3478275	
120	-54	922750	C00000000000000000095417	015B	5	000A	111410920 4415775	
115	-54	922750	C00000000000000000095417	015B	6	000A	111411012 5333105	
118	-54	922750	C00000000000000000095417	0151	7	000A	111411103 6250746	
120	-54	922750	C00000000000000000095417	0151	8	000A	111411229 7507407	
120	-54	922750	C00000000000000000095417	0151	9	000A	111411323 8445497	
132	-54	922750	C00000000000000000095417	015A	10	000A	111411417 9388864	
120	-54	922750	C00000000000000000095417	0151	11	000A	111411634 1557821	
115	-54	922750	C00000000000000000095417	0151	12	000A	111411819 3408484	
115	-54	922750	C00000000000000000095417	015E	13	000A	111411913 4346417	
118	-54	922750	C00000000000000000095417	015E	14	000A	111412004 5252644	
115	-54	922750	C00000000000000000095417	015E	15	000A	111412127 6489911	
118	-54	922750	C00000000000000000095417	0165	16	000A	111412219 7407106	
118	-54	922750	C00000000000000000095417	0165	17	000A	111412312 8335035	
129	-54	922750	C00000000000000000095417	0152	18	000A	111412433 9551614	
118	-54	922750	C00000000000000000095417	0152	19	000A	111412527 048978	
123	-54	922750	C00000000000000000095417	0152	20	000A	111412618 1396983	
118	-53	922750	C00000000000000000095417	0141	21	000B	111412711 2324523	
126	-53	922750	C00000000000000000095417	0141	22	000B	111412833 3550769	
123	-54	922750	C00000000000000000095417	0162	23	000A	111412926 4478717	
129	-54	922750	C00000000000000000095417	0162	24	000A	111413019 5406823	
120	-54	922750	C00000000000000000095417	0162	25	000A	111413114 6353283	
120	-54	922750	C00000000000000000095417	014F	26	000A	111413207 7291297	
118	-54	922750	C00000000000000000095417	014F	27	000A	111413334 8557925	
129	-53	922750	C00000000000000000095417	0150	28	000A	111413427 9485952	
118	-54	922750	C00000000000000000095417	0150	29	000A	111413518 0392788	
115	-54	922750	C00000000000000000095417	0150	30	000A	111413611 1331126	
120	-54	922750	C00000000000000000095417	0157	31	000A	111413704 2257385	
118	-54	922750	C00000000000000000095417	0157	32	000A	111413831 3524833	
118	-54	922750	C00000000000000000095417	015B	33	000A	111413923 4452187	
120	-54	922750	C00000000000000000095417	015B	34	000A	111414018 5399813	
118	-54	922750	C00000000000000000095417	015B	35	000A	111414110 6317334	
126	-54	922750	C00000000000000000095417	0142	36	000A	111414205 7271752	
115	-54	922750	C00000000000000000095417	0142	37	000A	111414331 8527446	
129	-53	922750	C00000000000000000095417	015D	38	000A	111414425 9466012	
115	-54	922750	C00000000000000000095417	015D	39	000A	111414518 0392337	
120	-54	922750	C00000000000000000095417	015D	40	000A	111414608 1295431	
112	-54	922750	C00000000000000000095417	015D	41	000A	111414640 1615826	
118	-54	922750	C00000000000000000095417	0166	42	000A	111414735 2571776	
126	-54	922750	C00000000000000000095417	0166	43	000A	111414829 3509817	
129	-54	922750	C00000000000000000095417	015B	44	000A	111414924 4457123	
112	-54	922750	C00000000000000000095417	015B	45	000A	111415046 5673991	
118	-54	922750	C00000000000000000095417	015B	46	000A	111415142 6631722	
115	-54	922750	C00000000000000000095417	0158	47	000A	111415232 753881	
120	-54	922750	C00000000000000000095417	0158	48	000A	111415325 8466528	
115	-54	922750	C00000000000000000095417	0169	49	000A	111415451 9723624	
120	-54	922750	C00000000000000000095417	0169	50	000A	111415546 0677503	
120	-54	922750	C00000000000000000095417	0169	51	000A	111415641 1624758	
126	-54	922750	C00000000000000000095417	0166	52	000A	111415734 2562418	
115	-54	922750	C00000000000000000095417	0166	53	000A	111415825 3469008	
118	-54	922750	C00000000000000000095417	015B	54	000A	111415947 4686268	
120	-54	922750	C00000000000000000095417	015B	55	000A	111416042 5633947	
126	-54	922750	C00000000000000000095417	015B	56	000A	111416135 6571342	
120	-54	922750	C00000000000000000095417	014E	57	000A	111416231 7525076	
120	-54	922750	C00000000000000000095417	014E	58	000A	111416324 8452619	
120	-54	922750	C00000000000000000095417	014E	59	000A	111416449 970977	
118	-54	922750	C00000000000000000095417	0160	60	0000	111416543 064712	
123	-54	922750	C00000000000000000095417	0151	61	000A	111416730 2512316	
118	-54	922750	C00000000000000000095417	0151	62	000A	111416824 3459259	
120	-54	922750	C00000000000000000095417	0151	63	000A	111416945 4666375	
120	-54	922750	C00000000000000000095417	0173	64	000A	111417041 5623437	
118	-54	922750	C00000000000000000095417	0173	65	000A	111417134 6561068	
123	-54	922750	C00000000000000000095417	0147	66	000A	111417225 7469174	
118	-54	922750	C00000000000000000095417	0147	67	000A	111417348 8695649	
118	-54	922750	C00000000000000000095417	0155	68	000B	111417533 0550997	
118	-54	922750	C00000000000000000095417	0155	69	000B	111417625 1467828	
129	-54	922750	C00000000000000000095417	0170	70	000A	111417749 2705104	
112	-54	922750	C00000000000000000095417	0170	71	000A	111417843 364248	
106	-54	922750	C00000000000000000095417	0170	72	000A	111417934 4559932	
120	-54	922750	C00000000000000000095417	015F	73	000A	111418026 5476732	
118	-53	922750	C00000000000000000095417	015F	74	000A	111418150 6713805	
129	-54	922750	C00000000000000000095417	014D	75	000A	111418240 762161	
126	-54	922750	C00000000000000000095417	014D	76	000A	111418427 9486737	
118	-54	922750	C00000000000000000095417	0145	77	000A	111418548 0693341	
118	-54	922750	C00000000000000000095417	0145	78	000A	111418640 1620873	
126	-54	922750	C00000000000000000095417	0165	79	000A	111418733 2548352	
115	-54	922750	C00000000000000000095417	0165	80	000A	111418826 3475795	
120	-54	922750	C00000000000000000095417	0165	81	000A	111418949 47025	
120	-54	922750	C00000000000000000095417	0175	82	000A	111419041 563	
109	-54	922750	C00000000000000000095417	0175	83	000A	111419134 6557569	
112	-54	922750	C00000000000000000095417	0157	84	000A	111419227 7485304	
112	-54	922750	C00000000000000000095417	0157	85	000A	111419353 8742033	
112	-54	922750	C00000000000000000095417	016B	86	000A	111419541 .0626109	
120	-54	922750	C00000000000000000095417	016B	87	000A	111419603 .1245344	
115	-54	922750	C00000000000000000095417	016B	88	000A	111419634 .1554627	
118	-54	922750	C00000000000000000095417	0166	89	000A	111419725 .2471649	
115	-54	922750	C00000000000000000095417	0166	90	000A	111419845 .3668717	
123	-54	922750	C00000000000000000095417	0166	91	000A	111419940 .4616658	
120	-54	922750	C00000000000000000095417	015E	92	000A	111420035 .5563554	
123	-54	922750	C00000000000000000095417	015E	93	000A	111420130 .6521117	
115	-54	922750	C00000000000000000095417	0159	94	000A	111420253 .7747692	
123	-54	922750	C00000000000000000095417	0159	95	000A	111420347 .8685841	
118	-54	922750	C00000000000000000095417	0159	96	000A	111420443 .9642784	
123	-54	922750	C00000000000000000095417	0155	97	000A	111420536 .0579442	
118	-54	922750	C00000000000000000095417	0155	98	000A	111420628 .1497648	
123	-54	922750	C00000000000000000095417	0152	99	000A	111420845 .3662019	
123	-54	922750	C00000000000000000095417	0152	100	000A	111420940 .4620172	
120	-54	922750	C00000000000000000095417	015E	101	000A	111421032 .5536975	
118	-54	922750	C00000000000000000095417	015E	102	000A	111421126 .6474159	
118	-54	922750	C00000000000000000095417	015E	103	000A	111421251 .7731157	
118	-54	922750	C00000000000000000095417	0150	104	000A	111421345 .8668696	
118	-54	922750	C00000000000000000095417	0159	105	0000	111421438 .959577	
106	-54	922750	C00000000000000000095417	0162	106	000A	111421531 .0523205	
112	-54	922750	C00000000000000000095417	0162	107	000A	111421652 .1740698	
129	-54	922750	C00000000000000000095417	0162	108	000A	111421746 .2678022	
129	-54	922750	C00000000000000000095417	014B	109	000A	111421840 .3615642	
129	-53	922750	C00000000000000000095417	014B	110	000A	111421934 .4552584	
115	-54	922750	C00000000000000000095417	017B	111	000A	111422025 .5470677	
115	-54	922750	C00000000000000000095417	017B	112	000A	111422153 .6743418	
118	-54	922750	C00000000000000000095417	017B	113	000A	111422247 .7691747	
129	-54	922750	C00000000000000000095417	0160	114	000A	111422339 .8608084	
115	-54	922750	C00000000000000000095417	0160	115	000A	111422431 .9525938	
129	-54	922750	C00000000000000000095417	014A	116	000A	111422527 .0484102	
120	-54	922750	C00000000000000000095417	014A	117	000A	111422651 .1730897	
118	-53	922750	C00000000000000000095417	0155	118	000A	111422838 .3595234	
123	-54	922750	C00000000000000000095417	0155	119	000A	111422931 .4523446	
118	-53	922750	C00000000000000000095417	015B	120	000A	111423024 .5460978	
115	-54	922750	C00000000000000000095417	015B	121	000A	111423146 .6678179	
118	-54	922750	C00000000000000000095417	015B	122	000A	111423238 .7595651	
112	-54	922750	C00000000000000000095417	016A	123	000A	111423334 .8552106	
118	-54	922750	C00000000000000000095417	016A	124	000A	111423426 .9479352	
118	-54	922750	C00000000000000000095417	0164	125	000A	111423552 .0736747	
112	-54	922750	C00000000000000000095417	0164	126	000A	111423644 .1660979	
109	-54	922750	C00000000000000000095417	0164	127	000A	111423738 .2597877	
129	-53	922750	C00000000000000000095417	0166	128	000A	111423831 .3526314	
118	-54	922750	C00000000000000000095417	0167	129	000A	111424049 .571105	
126	-54	922750	C00000000000000000095417	0167	130	000A	111424145 .6668338	
118	-54	922750	C00000000000000000095417	0167	131	000A	111424237 .7585254	
120	-54	922750	C00000000000000000095417	015F	132	000A	111424331 .8523578	
118	-54	922750	C00000000000000000095417	015F	133	000A	111424424 .9460429	
120	-54	922750	C00000000000000000095417	0174	134	000A	111424551 .0726768	
118	-54	922750	C00000000000000000095417	0174	135	000A	111424614 .1355994	
118	-54	922750	C00000000000000000095417	0174	136	000A	111424737 .259205	
109	-54	922750	C00000000000000000095417	0165	137	000A	111424828 .3499557	
106	-54	922750	C00000000000000000095417	0165	138	000A	111424952 .473697	
112	-54	922750	C00000000000000000095417	0165	139	000A	111425043 .5643697	
115	-53	922750	C00000000000000000095417	0157	140	000B	111425135 .6571778	
118	-54	922750	C00000000000000000095417	0157	141	000B	111425231 .7529336	
118	-54	922750	C00000000000000000095417	015B	142	000A	111425323 .8446156	
118	-54	922750	C00000000000000000095417	015B	143	000A	111425539 .0611022	
120	-54	922750	C00000000000000000095417	016F	144	000A	111425629 .1508507	
118	-54	922750	C00000000000000000095417	016F	145	000A	111425753 .2745618	
123	-54	922750	C00000000000000000095417	0161	146	000A	111425847 .3682914	
109	-54	922750	C00000000000000000095417	0161	147	000A	111425940 .4620137	
132	-54	922750	C00000000000000000095417	0161	148	000A	111426035 .5567385	
115	-54	922750	C00000000000000000095417	0162	149	000A	111426131 .6524975	
123	-54	922750	C00000000000000000095417	0162	150	000A	111426255 .7761453	
109	-54	922750	C00000000000000000095417	017C	151	000A	111426350 .8719362	
123	-54	922750	C00000000000000000095417	015C	152	0000	111426444 .9656918	
112	-54	922750	C00000000000000000095417	015C	153	0000	111426538 .0593759	
123	-54	922750	C00000000000000000095417	016B	154	000A	111426630 .1521766	
123	-54	922750	C00000000000000000095417	016B	155	000A	111426726 .2479105	
129	-54	922750	C00000000000000000095417	015C	156	000A	111426852 .3736159	
115	-54	922750	C00000000000000000095417	015C	157	000A	111426947 .4683065	
118	-54	922750	C00000000000000000095417	015C	158	000A	111427039 .5610364	
115	-54	922750	C00000000000000000095417	0161	159	000A	111427130 .651823	
115	-54	922750	C00000000000000000095417	0161	160	000A	111427254 .7755284	
115	-54	922750	C00000000000000000095417	0156	161	000A	111427350 .8712554	
118	-54	922750	C00000000000000000095417	0156	162	000A	111427443 .9650269	
126	-54	922750	C00000000000000000095417	0156	163	000A	111427538 .0596951	
120	-54	922750	C00000000000000000095417	0157	164	000A	111427631 .1525071	
123	-54	922750	C00000000000000000095417	0157	165	000A	111427727 .2482358	
115	-54	922750	C00000000000000000095417	0163	166	000A	111427850 .3718902	
115	-54	922750	C00000000000000000095417	0163	167	000A	111428042 .5634059	
112	-53	922750	C00000000000000000095417	0156	168	000A	111428134 .6561839	
118	-54	922750	C00000000000000000095417	0156	169	000A	111428229 .7508582	
120	-53	922750	C00000000000000000095417	0156	170	000A	111428324 .8455686	
112	-54	922750	C00000000000000000095417	0165	171	000A	111428448 .9693381	
120	-54	922750	C00000000000000000095417	0165	172	000A	111428542 .0639987	
129	-54	922750	C00000000000000000095417	015F	173	000A	111428636 .1577874	
123	-54	922750	C00000000000000000095417	015F	174	000A	111428730 .25154	
123	-54	922750	C00000000000000000095417	015F	175	000A	111428824 .3452612	
109	-54	922750	C00000000000000000095417	0155	176	000A	111428947 .4689845	
129	-54	922750	C00000000000000000095417	0155	177	000A	111429041 .5626772	
120	-54	922750	C00000000000000000095417	015D	178	000A	111429131 .6529549	
109	-54	922750	C00000000000000000095417	015D	179	000A	111429254 .7757285	
123	-54	922750	C00000000000000000095417	015D	180	000A	111429347 .868464	
115	-54	922750	C00000000000000000095417	0168	181	000A	111429442 .9637178	
120	-54	922750	C00000000000000000095417	0168	182	000A	111429535 .0565762	
112	-54	922750	C00000000000000000095417	0168	183	000A	111429599 .1204194	
118	-54	922750	C00000000000000000095417	014D	184	000A	111429660 .1818374	
120	-54	922750	C00000000000000000095417	014D	185	000A	111429753 .2744942	
118	-54	922750	C00000000000000000095417	014D	186	000A	111429847 .3683002	
115	-54	922750	C00000000000000000095417	017D	187	000A	111429939 .4611615	
106	-54	922750	C00000000000000000095417	017D	188	000A	111430061 .5828409	
118	-54	922750	C00000000000000000095417	015A	189	000A	111430156 .6775857	
118	-54	922750	C00000000000000000095417	015A	190	000A	111430248 .7693298	
115	-54	922750	C00000000000000000095417	015A	191	000A	111430343 .8650772	
118	-54	922750	C00000000000000000095417	015C	192	000A	111430436 .9577916	
123	-54	922750	C00000000000000000095417	0157	193	000A	111430654 .1752814	
118	-54	922750	C00000000000000000095417	0157	194	000A	111430745 .2671045	
120	-54	922750	C00000000000000000095417	0157	195	000A	111430841 .3628612	
123	-54	922750	C00000000000000000095417	015C	196	000A	111430935 .456558	
126	-54	922750	C00000000000000000095417	015C	197	000A	111431057 .5791621	
112	-54	922750	C00000000000000000095417	0162	198	000A	111431150 .67199	
118	-54	922750	C00000000000000000095417	0162	199	000A	111431246 .7678093	
