168	-55	922750	C00000000000000000095417	0153	0	0000	114354729 7342396	
171	-56	922750	C00000000000000000095417	0182	1	0000	114355074 0791403	
160	-55	922750	C00000000000000000095417	0171	2	000A	114355261 26587	
160	-55	922750	C00000000000000000095417	0171	3	000A	114355384 389319	
171	-55	922750	C00000000000000000095417	0192	4	000B	114355791 7954195	
160	-55	922750	C00000000000000000095417	0192	5	000B	114355884 8891223	
168	-55	922750	C00000000000000000095417	018B	6	000B	114356074 0786371	
157	-55	922750	C00000000000000000095417	018A	7	000B	114356169 1743076	
177	-55	922750	C00000000000000000095417	017A	8	000B	114356573 5773682	
165	-54	922750	C00000000000000000095417	0172	9	000B	114356664 6690698	
157	-54	922750	C00000000000000000095417	0172	10	000B	114356790 7946775	
154	-54	922750	C00000000000000000095417	0172	11	000B	114356886 8905445	
163	-55	922750	C00000000000000000095417	0182	12	000B	114356978 983205	
165	-55	922750	C00000000000000000095417	0182	13	000B	114357074 0790251	
165	-55	922750	C00000000000000000095417	0182	14	000B	114357168 1727694	
160	-54	922750	C00000000000000000095417	0184	15	0000	114357387 3921515	
165	-54	922750	C00000000000000000095417	0179	16	000B	114357575 5796676	
2	-55	922750	C00000000000000000095417	0139	17	0000	114357888 8928671	
168	-54	922750	C00000000000000000095417	017B	18	000B	114357981 9855534	
163	-54	922750	C00000000000000000095417	017B	19	000B	114358075 0803141	
168	-54	922750	C00000000000000000095417	017B	20	000B	114358168 1729932	
174	-54	922750	C00000000000000000095417	0151	21	000B	114358262 2668358	
168	-54	922750	C00000000000000000095417	015D	22	000B	114358478 4833073	
0	-54	922750	C00000000000000000095417	015D	23	000B	114358574 5790358	
174	-54	922750	C00000000000000000095417	015D	24	000B	114358668 6727994	
163	-54	922750	C00000000000000000095417	014D	25	000B	114358762 7665245	
177	-54	922750	C00000000000000000095417	014D	26	000B	114358887 8922585	
174	-54	922750	C00000000000000000095417	0161	27	000B	114358981 9859553	
160	-54	922750	C00000000000000000095417	0161	28	000B	114359075 0796903	
168	-54	922750	C00000000000000000095417	0161	29	000B	114359136 1405921	
171	-54	922750	C00000000000000000095417	0161	30	000B	114359168 1724885	
177	-54	922750	C00000000000000000095417	017A	31	000B	114359262 2672116	
165	-54	922750	C00000000000000000095417	017A	32	000B	114359354 3590175	
163	-54	922750	C00000000000000000095417	017A	33	000B	114359479 4835475	
171	-54	922750	C00000000000000000095417	0153	34	000B	114359572 5773798	
177	-54	922750	C00000000000000000095417	0153	35	000B	114359666 6711687	
171	-54	922750	C00000000000000000095417	0141	36	000B	114359758 762876	
5	-54	922750	C00000000000000000095417	0141	37	000B	114359881 885537	
177	-54	922750	C00000000000000000095417	0141	38	000B	114359976 9812755	
163	-54	922750	C00000000000000000095417	016F	39	0000	114400072 0770493	
168	-54	922750	C00000000000000000095417	017A	40	000B	114400352 3563114	
171	-54	922750	C00000000000000000095417	017F	41	0000	114400573 5777433	
163	-54	922750	C00000000000000000095417	017F	42	0000	114400666 6704879	
168	-54	922750	C00000000000000000095417	0179	43	000B	114400759 7641918	
171	-54	922750	C00000000000000000095417	0179	44	000B	114400977 9816499	
165	-54	922750	C00000000000000000095417	015E	45	000B	114401071 0753935	
154	-54	922750	C00000000000000000095417	0191	46	000B	114401258 2628854	
165	-54	922750	C00000000000000000095417	0191	47	0000	114401351 3556277	
168	-54	922750	C00000000000000000095417	0156	48	000B	114401565 5700092	
174	-55	922750	C00000000000000000095417	0156	49	000B	114401658 6628165	
154	-54	922750	C00000000000000000095417	019C	50	000B	114401873 8782446	
165	-54	922750	C00000000000000000095417	0189	51	000B	114402059 0637401	
168	-55	922750	C00000000000000000095417	0189	52	000B	114402181 1854397	
163	-54	922750	C00000000000000000095417	017F	53	0000	114402367 3718219	
177	-54	922750	C00000000000000000095417	018D	54	000B	114402556 5611859	
168	-54	922750	C00000000000000000095417	018D	55	000B	114402652 656913	
165	-54	922750	C00000000000000000095417	017C	56	000B	114402871 8754312	
165	-54	922750	C00000000000000000095417	017C	57	000B	114402964 9691302	
157	-54	922750	C00000000000000000095417	01AF	58	000B	114403059 0638996	
163	-54	922750	C00000000000000000095417	019D	59	0000	114403152 1565766	
165	-54	922750	C00000000000000000095417	019D	60	0000	114403276 2813403	
160	-54	922750	C00000000000000000095417	0158	61	000B	114403371 3763442	
0	-54	922750	C00000000000000000095417	0172	62	0000	114403463 4681419	
168	-54	922750	C00000000000000000095417	0186	63	000B	114403557 5615299	
168	-54	922750	C00000000000000000095417	0186	64	000B	114403679 6842057	
165	-54	922750	C00000000000000000095417	0186	65	000B	114403774 7790023	
168	-54	922750	C00000000000000000095417	01A8	66	000B	114403865 8698108	
168	-54	922750	C00000000000000000095417	0162	67	000B	114404054 .0592709	
174	-54	922750	C00000000000000000095417	0162	68	000B	114404116 .1211852	
163	-54	922750	C00000000000000000095417	0162	69	000B	114404178 .182956	
163	-54	922750	C00000000000000000095417	018E	70	000B	114404369 .3735199	
0	-54	922750	C00000000000000000095417	0171	71	0000	114404461 .4658528	
168	-54	922750	C00000000000000000095417	016E	72	000B	114404771 .776114	
160	-54	922750	C00000000000000000095417	0185	73	000B	114404956 .960618	
160	-54	922750	C00000000000000000095417	01B1	74	000B	114405175 .1800264	
160	-54	922750	C00000000000000000095417	019E	75	0000	114405268 .2726649	
0	-54	922750	C00000000000000000095417	014F	76	000B	114405361 .3654945	
174	-54	922750	C00000000000000000095417	015B	77	000B	114405674 .6786661	
174	-54	922750	C00000000000000000095417	015B	78	000B	114405766 .7703381	
177	-54	922750	C00000000000000000095417	0158	79	000B	114405858 .8631841	
160	-54	922750	C00000000000000000095417	0183	80	0000	114406074 .0786055	
171	-54	922750	C00000000000000000095417	017B	81	0000	114406263 .2681042	
163	-54	922750	C00000000000000000095417	0195	82	000B	114406357 .3618647	
163	-54	922750	C00000000000000000095417	01A9	83	0000	114406481 .4855408	
171	-54	922750	C00000000000000000095417	0178	84	0000	114406573 .5782488	
168	-54	922750	C00000000000000000095417	0185	85	000B	114406667 .6719687	
171	-54	922750	C00000000000000000095417	0167	86	000B	114406854 .8584546	
160	-54	922750	C00000000000000000095417	0190	87	0000	114406980 .9851952	
171	-54	922750	C00000000000000000095417	0177	88	000B	114407168 .1726774	
157	-54	922750	C00000000000000000095417	0181	89	000B	114407351 .3561985	
160	-54	922750	C00000000000000000095417	0180	90	0000	114407472 .4768591	
165	-54	922750	C00000000000000000095417	0170	91	0000	114407564 .5686001	
2	-54	922750	C00000000000000000095417	016E	92	0000	114407779 .7842175	
171	-54	922750	C00000000000000000095417	0165	93	000B	114408059 .0635304	
165	-54	922750	C00000000000000000095417	0177	94	000B	114408275 .2800014	
171	-54	922750	C00000000000000000095417	0167	95	0000	114408368 .3727397	
163	-54	922750	C00000000000000000095417	0189	96	000B	114408461 .4654805	
174	-54	922750	C00000000000000000095417	0182	97	000B	114408776 .780718	
165	-54	922750	C00000000000000000095417	0198	98	000B	114409152 .1567499	
174	-54	922750	C00000000000000000095417	016C	99	000B	114409184 .1885971	
174	-54	922750	C00000000000000000095417	016C	100	000B	114409279 .2843026	
11	-55	922750	C00000000000000000095417	0125	101	000B	114409465 .4698109	
165	-54	922750	C00000000000000000095417	0160	102	000B	114409682 .6872575	
174	-54	922750	C00000000000000000095417	0163	103	0000	114409776 .7809746	
174	-54	922750	C00000000000000000095417	0177	104	0000	114409872 .876394	
160	-54	922750	C00000000000000000095417	01A6	105	000B	114409965 .9700749	
168	-54	922750	C00000000000000000095417	017B	106	0000	114410184 .1885644	
171	-54	922750	C00000000000000000095417	016E	107	0000	114410588 .5930885	
174	-54	922750	C00000000000000000095417	015F	108	0000	114410869 .8733558	
168	-54	922750	C00000000000000000095417	0178	109	000B	114410962 .9668245	
163	-54	922750	C00000000000000000095417	0178	110	000B	114411182 .1872029	
165	-54	922750	C00000000000000000095417	0196	111	0000	114411275 .2799652	
165	-54	922750	C00000000000000000095417	0168	112	000B	114411466 .4705067	
174	-54	922750	C00000000000000000095417	0168	113	000B	114411588 .5931241	
171	-54	922750	C00000000000000000095417	0177	114	000B	114411776 .7806536	
165	-54	922750	C00000000000000000095417	0177	115	000B	114411869 .8734189	
165	-54	922750	C00000000000000000095417	0176	116	000B	114411962 .9671492	
177	-54	922750	C00000000000000000095417	0176	117	000B	114412088 .0928275	
0	-54	922750	C00000000000000000095417	0168	118	0000	114412182 .1865746	
174	-54	922750	C00000000000000000095417	0179	119	000B	114412277 .2823002	
165	-54	922750	C00000000000000000095417	01C4	120	000B	114412590 .5945026	
165	-54	922750	C00000000000000000095417	0198	121	000B	114412869 .8737633	
168	-54	922750	C00000000000000000095417	018A	122	000B	114413088 .0931705	
171	-54	922750	C00000000000000000095417	018A	123	000B	114413181 .1858794	
171	-54	922750	C00000000000000000095417	0142	124	000B	114413276 .2806385	
174	-54	922750	C00000000000000000095417	0142	125	000B	114413369 .3733655	
174	-54	922750	C00000000000000000095417	0178	126	000B	114413583 .5878883	
177	-54	922750	C00000000000000000095417	0178	127	000B	114413677 .6815163	
177	-54	922750	C00000000000000000095417	0167	128	0000	114413861 .8660148	
165	-54	922750	C00000000000000000095417	0170	129	000B	114414075 .0794851	
163	-54	922750	C00000000000000000095417	0170	130	000B	114414136 .1413372	
165	-54	922750	C00000000000000000095417	0170	131	000B	114414168 .1733577	
174	-54	922750	C00000000000000000095417	0145	132	0000	114414262 .2669792	
163	-54	922750	C00000000000000000095417	0172	133	000B	114414573 .5781352	
163	-54	922750	C00000000000000000095417	0171	134	0000	114414665 .6699402	
163	-54	922750	C00000000000000000095417	0171	135	0000	114414761 .7657016	
163	-54	922750	C00000000000000000095417	0175	136	0000	114414978 .9831237	
174	-54	922750	C00000000000000000095417	0163	137	000B	114415070 .0748762	
177	-55	922750	C00000000000000000095417	0115	138	0000	114415381 .3860148	
171	-54	922750	C00000000000000000095417	0167	139	000B	114415573 .5775055	
168	-54	922750	C00000000000000000095417	0167	140	000B	114415666 .6712443	
174	-54	922750	C00000000000000000095417	016C	141	000B	114415762 .7669384	
174	-54	922750	C00000000000000000095417	016C	142	000B	114416069 .0742148	
174	-54	922750	C00000000000000000095417	016C	143	000B	114416163 .1679364	
160	-54	922750	C00000000000000000095417	017C	144	0000	114416291 .2956145	
157	-54	922750	C00000000000000000095417	01A6	145	000B	114416478 .4830822	
168	-54	922750	C00000000000000000095417	015B	146	000B	114416590 .5948736	
174	-54	922750	C00000000000000000095417	015B	147	000B	114416683 .6876246	
171	-54	922750	C00000000000000000095417	015B	148	000B	114416775 .7803076	
163	-54	922750	C00000000000000000095417	0179	149	000B	114416962 .9668391	
163	-54	922750	C00000000000000000095417	0171	150	0000	114417183 .1881646	
165	-54	922750	C00000000000000000095417	0171	151	0000	114417277 .2819093	
165	-54	922750	C00000000000000000095417	01AA	152	000B	114417372 .3767126	
163	-54	922750	C00000000000000000095417	01AA	153	000B	114417467 .4714642	
165	-54	922750	C00000000000000000095417	017D	154	000B	114417590 .5951116	
174	-54	922750	C00000000000000000095417	017D	155	000B	114417684 .6883948	
165	-54	922750	C00000000000000000095417	0147	156	000B	114417870 .8746743	
171	-54	922750	C00000000000000000095417	0179	157	000B	114418087 .0917741	
163	-54	922750	C00000000000000000095417	0179	158	000B	114418181 .1855564	
163	-54	922750	C00000000000000000095417	0179	159	000B	114418274 .2791956	
165	-54	922750	C00000000000000000095417	018A	160	000B	114418370 .3751032	
160	-54	922750	C00000000000000000095417	018A	161	000B	114418462 .4667046	
163	-54	922750	C00000000000000000095417	018A	162	000B	114418586 .5904794	
165	-54	922750	C00000000000000000095417	0186	163	000B	114418681 .6861453	
163	-54	922750	C00000000000000000095417	0183	164	0000	114418777 .7815634	
163	-54	922750	C00000000000000000095417	018E	165	000B	114418870 .875346	
165	-54	922750	C00000000000000000095417	01A0	166	000B	114419144 .1486571	
163	-54	922750	C00000000000000000095417	0175	167	0000	114419176 .1805673	
168	-54	922750	C00000000000000000095417	0175	168	0000	114419267 .2722751	
168	-54	922750	C00000000000000000095417	016C	169	000B	114419361 .3660333	
177	-54	922750	C00000000000000000095417	0166	170	0000	114419488 .4927241	
174	-54	922750	C00000000000000000095417	0166	171	0000	114419580 .5849215	
165	-54	922750	C00000000000000000095417	016A	172	000B	114419676 .6807165	
168	-54	922750	C00000000000000000095417	015F	173	000B	114419867 .8721995	
171	-54	922750	C00000000000000000095417	015F	174	000B	114419991 .9959084	
174	-54	922750	C00000000000000000095417	015F	175	000B	114420085 .0895978	
165	-54	922750	C00000000000000000095417	0169	176	0000	114420484 .4885627	
165	-54	922750	C00000000000000000095417	0169	177	0000	114420578 .5832625	
157	-54	922750	C00000000000000000095417	01A1	178	000B	114420671 .6760194	
171	-54	922750	C00000000000000000095417	0177	179	0000	114420764 .7687927	
174	-54	922750	C00000000000000000095417	015F	180	0000	114421077 .0819965	
171	-54	922750	C00000000000000000095417	0193	181	000B	114421387 .3922212	
163	-54	922750	C00000000000000000095417	0193	182	000B	114421576 .5806436	
171	-54	922750	C00000000000000000095417	0161	183	000B	114421669 .6734105	
171	-54	922750	C00000000000000000095417	015C	184	0000	114421791 .7960627	
163	-54	922750	C00000000000000000095417	0190	185	000B	114421976 .981027	
168	-54	922750	C00000000000000000095417	0161	186	0000	114422069 .0742696	
165	-55	922750	C00000000000000000095417	013D	187	000B	114422163 .1681092	
174	-54	922750	C00000000000000000095417	015B	188	000B	114422478 .4832977	
0	-54	922750	C00000000000000000095417	015B	189	000B	114422574 .5790934	
0	-54	922750	C00000000000000000095417	017C	190	000B	114422761 .765524	
165	-54	922750	C00000000000000000095417	0175	191	000B	114422977 .9819267	
168	-54	922750	C00000000000000000095417	0160	192	0000	114423070 .0754023	
160	-54	922750	C00000000000000000095417	0179	193	000B	114423163 .1674619	
0	-54	922750	C00000000000000000095417	0175	194	0000	114423285 .2901617	
165	-54	922750	C00000000000000000095417	0175	195	0000	114423377 .3818491	
163	-54	922750	C00000000000000000095417	015A	196	000B	114423469 .4736333	
165	-54	922750	C00000000000000000095417	015A	197	000B	114423563 .5673331	
165	-54	922750	C00000000000000000095417	0165	198	000B	114423684 .6891178	
174	-54	922750	C00000000000000000095417	0165	199	000B	114423777 .7817969	
