87	-51	922750	C00000000000000000095417	01BB	0	0000	160750466 2297071	
78	-51	922750	C00000000000000000095417	01C7	1	000D	160750558 3209393	
84	-51	922750	C00000000000000000095417	01B7	2	0000	160750652 4157366	
84	-51	922750	C00000000000000000095417	01B7	3	0000	160750774 5374025	
87	-51	922750	C00000000000000000095417	01C7	4	0000	160750867 6301846	
87	-51	922750	C00000000000000000095417	01C7	5	0000	160750960 723887	
87	-51	922750	C00000000000000000095417	01BD	6	000D	160751053 816669	
78	-51	922750	C00000000000000000095417	01C3	7	0000	160751147 9104761	
81	-51	922750	C00000000000000000095417	01B3	8	0000	160751272 0350875	
78	-51	922750	C00000000000000000095417	01C4	9	0000	160751365 1288	
78	-51	922750	C00000000000000000095417	01C4	10	0000	160751457 2205768	
78	-51	922750	C00000000000000000095417	01C1	11	000D	160751675 4379933	
78	-51	922750	C00000000000000000095417	01C7	12	0000	160751959 7222761	
81	-51	922750	C00000000000000000095417	01C6	13	0000	160752146 9097414	
78	-51	922750	C00000000000000000095417	01BC	14	0000	160752272 0353794	
84	-51	922750	C00000000000000000095417	01BD	15	000D	160752367 1301845	
78	-51	922750	C00000000000000000095417	01C2	16	0000	160752459 2229442	
84	-51	922750	C00000000000000000095417	01BB	17	000D	160752554 3176729	
81	-51	922750	C00000000000000000095417	01B9	18	0000	160752647 4103589	
84	-51	922750	C00000000000000000095417	01C7	19	0000	160752773 5360078	
81	-51	922750	C00000000000000000095417	01B2	20	000D	160752864 6278562	
81	-51	922750	C00000000000000000095417	01B2	21	000D	160752960 7235806	
90	-51	922750	C00000000000000000095417	01C2	22	0000	160753052 8153539	
75	-51	922750	C00000000000000000095417	01B9	23	0000	160753273 0367519	
81	-51	922750	C00000000000000000095417	01C9	24	000D	160753367 1304246	
87	-51	922750	C00000000000000000095417	01C0	25	0000	160753559 3219856	
84	-51	922750	C00000000000000000095417	01C5	26	0000	160753684 4477092	
81	-51	922750	C00000000000000000095417	01C5	27	0000	160753779 5424309	
81	-51	922750	C00000000000000000095417	01BA	28	0000	160753872 6351369	
78	-51	922750	C00000000000000000095417	01C2	29	0000	160753965 7289005	
78	-51	922750	C00000000000000000095417	01C2	30	000D	160754057 8206323	
87	-51	922750	C00000000000000000095417	01C2	31	000D	160754183 9462346	
84	-51	922750	C00000000000000000095417	01BD	32	0000	160754433 1966941	
84	-51	922750	C00000000000000000095417	01C4	33	000D	160754620 3832122	
78	-51	922750	C00000000000000000095417	01C4	34	000D	160754715 4788917	
87	-51	922750	C00000000000000000095417	01C3	35	0000	160754809 5726737	
81	-51	922750	C00000000000000000095417	01B9	36	0000	160754935 6983493	
75	-51	922750	C00000000000000000095417	01C3	37	0000	160755028 7910899	
81	-51	922750	C00000000000000000095417	01BB	38	0000	160755120 8835695	
87	-51	922750	C00000000000000000095417	01BB	39	0000	160755212 9752923	
81	-51	922750	C00000000000000000095417	01BC	40	000D	160755429 1928829	
84	-51	922750	C00000000000000000095417	01BA	41	0000	160755523 2860039	
90	-51	922750	C00000000000000000095417	01CD	42	000D	160755613 3768617	
81	-51	922750	C00000000000000000095417	01C6	43	0000	160755830 5933469	
84	-51	922750	C00000000000000000095417	01C6	44	0000	160755923 6861389	
78	-51	922750	C00000000000000000095417	01B2	45	0000	160756016 7798824	
81	-51	922750	C00000000000000000095417	01B4	46	0000	160756111 8747404	
90	-51	922750	C00000000000000000095417	01B7	47	0000	160756205 9684537	
87	-51	922750	C00000000000000000095417	01BF	48	0000	160756331 0946783	
87	-51	922750	C00000000000000000095417	01CF	49	0000	160756523 2861856	
84	-51	922750	C00000000000000000095417	01B1	50	000D	160756617 3799704	
87	-51	922750	C00000000000000000095417	01B9	51	0000	160756807 5705107	
84	-51	922750	C00000000000000000095417	01B8	52	000D	160756933 6963236	
78	-51	922750	C00000000000000000095417	01C4	53	0000	160757028 7919151	
87	-51	922750	C00000000000000000095417	01C4	54	000D	160757121 8846939	
75	-51	922750	C00000000000000000095417	01C6	55	0000	160757214 9774066	
81	-51	922750	C00000000000000000095417	01CC	56	0000	160757530 2935933	
78	-51	922750	C00000000000000000095417	01CC	57	0000	160757625 3882692	
81	-51	922750	C00000000000000000095417	01C4	58	0000	160757814 5777895	
87	-51	922750	C00000000000000000095417	01C8	59	0000	160757906 6695731	
78	-51	922750	C00000000000000000095417	01B8	60	0000	160758030 7932398	
75	-51	922750	C00000000000000000095417	01B8	61	0000	160758121 8839321	
81	-51	922750	C00000000000000000095417	01C9	62	000D	160758215 978711	
75	-51	922750	C00000000000000000095417	01CB	63	0000	160758335 0983901	
81	-51	922750	C00000000000000000095417	01CB	64	000D	160758429 1922973	
87	-51	922750	C00000000000000000095417	01CB	65	000D	160758524 2879314	
81	-51	922750	C00000000000000000095417	01CB	66	000D	160758620 3837222	
84	-51	922750	C00000000000000000095417	01CA	67	0000	160758714 477372	
81	-51	922750	C00000000000000000095417	01CA	68	0000	160758808 5711509	
87	-51	922750	C00000000000000000095417	01BD	69	000D	160758933 6968115	
84	-51	922750	C00000000000000000095417	01BF	70	0000	160759027 7906344	
81	-51	922750	C00000000000000000095417	01D2	71	000D	160759119 8823471	
87	-51	922750	C00000000000000000095417	01D2	72	000D	160759214 9770945	
78	-51	922750	C00000000000000000095417	01BF	73	000D	160759368 .1317051	
90	-51	922750	C00000000000000000095417	01BF	74	000D	160759430 .1936269	
78	-51	922750	C00000000000000000095417	01CB	75	0000	160759524 .2873337	
73	-51	922750	C00000000000000000095417	01CD	76	0000	160759809 .5724604	
84	-51	922750	C00000000000000000095417	01BE	77	000C	160759935 .6982344	
81	-51	922750	C00000000000000000095417	01C1	78	0000	160800029 .7919897	
81	-51	922750	C00000000000000000095417	01C7	79	0000	160800121 .8846751	
87	-51	922750	C00000000000000000095417	01C2	80	0000	160800214 .9774955	
84	-51	922750	C00000000000000000095417	01C2	81	0000	160800309 .0722009	
81	-51	922750	C00000000000000000095417	01C8	82	0000	160800526 .2896381	
87	-51	922750	C00000000000000000095417	01B3	83	0000	160800621 .3844085	
84	-51	922750	C00000000000000000095417	01C2	84	000D	160800931 .6945813	
84	-51	922750	C00000000000000000095417	01C5	85	0000	160801023 .7863451	
84	-51	922750	C00000000000000000095417	01D2	86	0000	160801208 .9718894	
