5.51619491323677	-61.5	920.625	2215	0000	0	920.625	022407665 0.715699593496242	
5.8966221486324	-64.5	920.625	2216	0000	1	920.625	022407667 0.71783481433207	
5.56528229844911	-61	920.625	2215	0000	2	920.625	022407667 0.718323026629281	
5.4486997585698	-61	920.625	2215	0000	3	920.625	022407668 0.718859191719799	
5.90275807178395	-65	920.625	2216	0000	4	920.625	022407668 0.719359109029549	
5.90275807178395	-65	920.625	2216	0000	5	920.625	022407669 0.719855250528802	
5.53460268269139	-61.5	920.625	2215	0000	6	920.625	022407670 0.720929468615086	
5.59596191420682	-61.5	920.625	2215	0000	7	920.625	022407673 0.72356876015221	
5.94570953384475	-65	920.625	2216	0000	8	920.625	022407680 0.730427519919288	
5.55914637529756	-61.5	920.625	2215	0000	9	920.625	022407877 0.927402491581831	
5.97638914960246	-65.5	920.625	2216	0000	10	920.625	022407882 0.933144366604013	
5.55301045214602	-61	920.625	2215	0000	11	920.625	022407885 0.936199374876814	
6.01320468851171	-65.5	920.625	2216	0000	12	920.625	022407890 0.940696742759317	
6.00093284220863	-65.5	920.625	2216	0000	13	920.625	022407892 0.94264921436711	
5.49778714378214	-61.5	920.625	2215	0000	14	920.625	022407894 0.945093296501561	
5.52233083638831	-61.5	920.625	2215	0000	15	920.625	022407899 0.949546487401253	
6.04388430426943	-64.5	920.625	2216	0000	16	920.625	022407906 0.9571067927586	
5.87821437917778	-64.5	920.625	2216	0000	17	920.625	022407910 0.961038921809761	
5.57141822160065	-61.5	920.625	2215	0000	18	920.625	022407917 0.967523876337675	
5.46710752802443	-61.5	920.625	2215	0000	19	920.625	022408127 1.17767755937651	
5.87207845602623	-65.5	920.625	2216	0000	20	920.625	022408158 1.20871019068598	
5.90889399493549	-65	920.625	2216	0000	21	920.625	022408162 1.21240180060851	
5.4916512206306	-61.5	920.625	2215	0000	22	920.625	022408169 1.21962341576431	
5.59596191420682	-61	920.625	2215	0000	23	920.625	022408173 1.22312283693256	
6.00706876536017	-65.5	920.625	2216	0000	24	920.625	022408178 1.2281390011773	
5.58982599105528	-61	920.625	2215	0000	25	920.625	022408183 1.23312911232961	
5.92730176439012	-65	920.625	2216	0000	26	920.625	022408186 1.2363087223488	
5.59596191420682	-61.5	920.625	2215	0000	27	920.625	022408192 1.24217670944157	
5.982525072754	-65	920.625	2216	0000	28	920.625	022408195 1.24558739906315	
5.55301045214602	-61	920.625	2215	0000	29	920.625	022408203 1.25372200519703	
5.92116584123858	-65	920.625	2216	0000	30	920.625	022408208 1.25861847624902	
5.57755414475219	-61	920.625	2215	0000	31	920.625	022408378 1.42892980692771	
5.84753476342006	-64.5	920.625	2216	0000	32	920.625	022408384 1.43509155207711	
5.98866099590554	-65	920.625	2216	0000	33	920.625	022408388 1.43946998192897	
5.53460268269139	-61.5	920.625	2215	0000	34	920.625	022408394 1.44544784510719	
5.54687452899448	-61.5	920.625	2215	0000	35	920.625	022408399 1.4498851776028	
5.92730176439012	-65	920.625	2216	0000	36	920.625	022408403 1.45440029179464	
5.53460268269139	-61	920.625	2215	0000	37	920.625	022408407 1.45813721144312	
5.83526291711698	-65.5	920.625	2216	0000	38	920.625	022408410 1.46076253248141	
5.52846675953985	-61	920.625	2215	0000	39	920.625	022408416 1.46742381735952	
5.95798138014783	-65	920.625	2216	0000	40	920.625	022408420 1.47152321481568	
5.88435030232932	-64.5	920.625	2216	0000	41	920.625	022408627 1.67738380131987	
5.4486997585698	-61	920.625	2215	0000	42	920.625	022408632 1.68262311596496	
5.51005899008522	-61.5	920.625	2215	0000	43	920.625	022408635 1.68588768172032	
5.82912699396544	-65	920.625	2216	0000	44	920.625	022408641 1.69155970424832	
5.42415606596363	-61	920.625	2215	0000	45	920.625	022408642 1.69316027031783	
5.6511852225707	-63	920.625	2216	0000	46	920.625	022408645 1.69549711943417	
5.87207845602623	-65	920.625	2216	0000	47	920.625	022408645 1.69620621664543	
5.47937937432751	-60.5	920.625	2215	0000	48	920.625	022408653 1.70342820938229	
5.42415606596363	-61	920.625	2215	0000	49	920.625	022408657 1.70769978379709	
5.90889399493549	-64.5	920.625	2216	0000	50	920.625	022408659 1.71001360046941	
5.56528229844911	-61.5	920.625	2215	0000	51	920.625	022408877 1.92729563614478	
5.89048622548086	-64.5	920.625	2216	0000	52	920.625	022408881 1.93147696868871	
5.46097160487288	-61.5	920.625	2215	0000	53	920.625	022408883 1.93354082670616	
5.92116584123858	-65	920.625	2216	0000	54	920.625	022408885 1.93557976437432	
5.94570953384475	-64	920.625	2216	0000	55	920.625	022408890 1.9397172975165	
5.52846675953985	-61	920.625	2215	0000	56	920.625	022408890 1.94045358056334	
5.58369006790373	-61	920.625	2215	0000	57	920.625	022408893 1.94306304319754	
5.92116584123858	-65.5	920.625	2216	0000	58	920.625	022408895 1.9451080221625	
5.84139884026852	-65	920.625	2216	0000	59	920.625	022408900 1.95047873501286	
5.54687452899448	-61.5	920.625	2215	0000	60	920.625	022408902 1.95244593228159	
5.97638914960246	-64.5	920.625	2216	0000	61	920.625	022409127 2.17731961254143	
5.51619491323677	-61.5	920.625	2215	0000	62	920.625	022409130 2.18108975932229	
5.57141822160065	-61	920.625	2215	0000	63	920.625	022409132 2.18293499791198	
5.83526291711698	-65	920.625	2216	0000	64	920.625	022409133 2.18453556398149	
5.51619491323677	-61	920.625	2215	0000	65	920.625	022409136 2.18623316838076	
5.89048622548086	-65	920.625	2216	0000	66	920.625	022409142 2.19209360385253	
5.52233083638831	-61	920.625	2215	0000	67	920.625	022409145 2.19563002796365	
5.95184545699629	-65	920.625	2216	0000	68	920.625	022409151 2.20098488240993	
5.49778714378214	-61.5	920.625	2215	0000	69	920.625	022409153 2.20302570798335	
5.88435030232932	-64.5	920.625	2216	0000	70	920.625	022409154 2.20462476372866	
5.47937937432751	-61.5	920.625	2215	0000	71	920.625	022409377 2.42721256831385	
5.89048622548086	-65	920.625	2216	0000	72	920.625	022409381 2.43134745838868	
5.84753476342006	-65.5	920.625	2216	0000	73	920.625	022409383 2.43323309815068	
5.46097160487288	-61	920.625	2215	0000	74	920.625	022409384 2.43422047259555	
5.8966221486324	-65.5	920.625	2216	0000	75	920.625	022409386 2.4361080002628	
5.49778714378214	-61.5	920.625	2215	0000	76	920.625	022409389 2.43929629464613	
5.49778714378214	-61.5	920.625	2215	0000	77	920.625	022409392 2.44200430593429	
6.08683576633022	-64.5	920.625	2216	0000	78	920.625	022409394 2.44402209906367	
6.07456392002714	-64	920.625	2216	0000	79	920.625	022409397 2.44725419284877	
5.51005899008522	-61.5	920.625	2215	0000	80	920.625	022409401 2.45145818025568	
5.45483568172134	-61.5	920.625	2215	0000	81	920.625	022409627 2.67723239131896	
6.16046684414874	-63.5	920.625	2216	0000	82	920.625	022409631 2.68142656161858	
5.55301045214602	-61.5	920.625	2215	0000	83	920.625	022409633 2.68359236651944	
5.94570953384475	-65	920.625	2216	0000	84	920.625	022409635 2.68520690308778	
6.05002022742097	-65	920.625	2216	0000	85	920.625	022409636 2.68653296773419	
5.47324345117597	-61	920.625	2215	0000	86	920.625	022409638 2.68790887307915	
5.78617553190464	-65	920.625	2216	0000	87	920.625	022409642 2.69213173953855	
5.47937937432751	-61.5	920.625	2215	0000	88	920.625	022409644 2.69427942054902	
5.92116584123858	-65	920.625	2216	0000	89	920.625	022409647 2.69716980348417	
5.43642791226671	-61.5	920.625	2215	0000	90	920.625	022409651 2.70144817435787	
5.51619491323677	-61.5	920.625	2215	0000	91	920.625	022409877 2.92711779547039	
5.85367068657161	-65	920.625	2216	0000	92	920.625	022409880 2.93132442594465	
5.85980660972315	-63.5	920.625	2216	0000	93	920.625	022409883 2.93413400653517	
5.50392306693368	-61	920.625	2215	0000	94	920.625	022409888 2.9388246959151	
5.52846675953985	-61.5	920.625	2215	0000	95	920.625	022409891 2.9419435153853	
5.98866099590554	-65	920.625	2216	0000	96	920.625	022409895 2.94546596899758	
5.45483568172134	-61	920.625	2215	0000	97	920.625	022409903 2.95346842176407	
5.8966221486324	-65.5	920.625	2216	0000	98	920.625	022409907 2.95756140034239	
5.52233083638831	-61.5	920.625	2215	0000	99	920.625	022409914 2.96384661449503	
5.9395736106932	-64	920.625	2216	0000	100	920.625	022409917 2.96730903272042	
5.95184545699629	-65	920.625	2216	0000	101	920.625	022410126 3.17712364797666	
5.50392306693368	-61.5	920.625	2215	0000	102	920.625	022410129 3.18026587747193	
5.52233083638831	-61.5	920.625	2215	0000	103	920.625	022410131 3.18225421927944	
5.95798138014783	-65	920.625	2216	0000	104	920.625	022410133 3.18432487375578	
6.03161245796634	-65	920.625	2216	0000	105	920.625	022410135 3.18633209461577	
5.57755414475219	-61	920.625	2215	0000	106	920.625	022410139 3.19032501421593	
5.44256383541826	-61	920.625	2215	0000	107	920.625	022410141 3.19185195198075	
5.89048622548086	-64.5	920.625	2216	0000	108	920.625	022410143 3.19362507258996	
5.75549591614693	-61	920.625	2215	0000	109	920.625	022410146 3.19721511321013	
6.0254765348148	-65	920.625	2216	0000	110	920.625	022410150 3.20137945460683	
5.90889399493549	-65	920.625	2216	0000	111	920.625	022410377 3.42728959484798	
5.51619491323677	-61	920.625	2215	0000	112	920.625	022410380 3.43090757646583	
5.52233083638831	-61.5	920.625	2215	0000	113	920.625	022410382 3.43223099804489	
5.94570953384475	-65	920.625	2216	0000	114	920.625	022410383 3.43334448456033	
5.56528229844911	-61	920.625	2215	0000	115	920.625	022410385 3.43566660801574	
5.85980660972315	-65	920.625	2216	0000	116	920.625	022410386 3.4366622892437	
5.54073860584294	-61.5	920.625	2215	0000	117	920.625	022410390 3.44108074268682	
5.982525072754	-65	920.625	2216	0000	118	920.625	022410392 3.44246268932858	
5.96411730329937	-65.5	920.625	2216	0000	119	920.625	022410395 3.44533570353544	
5.55301045214602	-61	920.625	2215	0000	120	920.625	022410396 3.44627776825434	
5.95184545699629	-64.5	920.625	2216	0000	121	920.625	022410401 3.45145780267463	
5.50392306693368	-61.5	920.625	2215	0000	122	920.625	022410403 3.45368213263818	
5.90889399493549	-65	920.625	2216	0000	123	920.625	022410626 3.67704246805098	
5.52233083638831	-61	920.625	2215	0000	124	920.625	022410631 3.68147980054659	
5.46097160487288	-61.5	920.625	2215	0000	125	920.625	022410633 3.68416968794437	
5.92730176439012	-65	920.625	2216	0000	126	920.625	022410636 3.68674969925669	
5.51005899008522	-61	920.625	2215	0000	127	920.625	022410641 3.69230467165929	
6.03161245796634	-65	920.625	2216	0000	128	920.625	022410645 3.6955163760677	
5.54687452899448	-61.5	920.625	2215	0000	129	920.625	022410648 3.69920609808498	
5.87821437917778	-63.5	920.625	2216	0000	130	920.625	022410653 3.70447410888984	
5.51005899008522	-61.5	920.625	2215	0000	131	920.625	022410657 3.70784779556856	
5.88435030232932	-64.5	920.625	2216	0000	132	920.625	022410664 3.7143002781262	
5.57755414475219	-61.5	920.625	2215	0000	133	920.625	022410876 3.92698526452196	
5.89048622548086	-65	920.625	2216	0000	134	920.625	022410880 3.93091059711422	
5.51619491323677	-62	920.625	2215	0000	135	920.625	022410883 3.9333769565306	
5.89048622548086	-65	920.625	2216	0000	136	920.625	022410884 3.93472605362104	
5.82299107081389	-65	920.625	2216	0000	137	920.625	022410886 3.93667021844574	
5.52846675953985	-61.5	920.625	2215	0000	138	920.625	022410889 3.93965839487275	
5.57141822160065	-61.5	920.625	2215	0000	139	920.625	022410891 3.94151647121813	
5.79231145505618	-65	920.625	2216	0000	140	920.625	022410893 3.94352067142973	
5.47324345117597	-61	920.625	2215	0000	141	920.625	022410897 3.94746790372287	
5.84139884026852	-65	920.625	2216	0000	142	920.625	022410903 3.95346955450722	
6.19114645990645	-64.5	920.625	2216	0000	143	920.625	022411126 4.17730828510994	
5.54687452899448	-61	920.625	2215	0000	144	920.625	022411132 4.18350174706752	
5.4916512206306	-61.5	920.625	2215	0000	145	920.625	022411135 4.186577144717	
5.72481630038921	-63	920.625	2216	0000	146	920.625	022411140 4.19131956270073	
5.46710752802443	-61.5	920.625	2215	0000	147	920.625	022411143 4.19449237626103	
5.82912699396544	-64.5	920.625	2216	0000	148	920.625	022411146 4.19696213390685	
5.49778714378214	-61.5	920.625	2215	0000	149	920.625	022411152 4.20243517122168	
6.00706876536017	-65	920.625	2216	0000	150	920.625	022411155 4.2056347930365	
5.8966221486324	-65	920.625	2216	0000	151	920.625	022411158 4.20857124085971	
5.54073860584294	-61.5	920.625	2215	0000	152	920.625	022411163 4.21308597747049	
5.85367068657161	-64.5	920.625	2216	0000	153	920.625	022411164 4.21456534002306	
5.45483568172134	-61	920.625	2215	0000	154	920.625	022411167 4.21683649003677	
5.97638914960246	-65	920.625	2216	0000	155	920.625	022411377 4.42707550639282	
5.41802014281208	-61.5	920.625	2215	0000	156	920.625	022411380 4.43076296292381	
5.51619491323677	-61	920.625	2215	0000	157	920.625	022411383 4.43359217772891	
5.84139884026852	-64.5	920.625	2216	0000	158	920.625	022411384 4.43459692090206	
5.4486997585698	-61	920.625	2215	0000	159	920.625	022411386 4.43661509161249	
6.00093284220863	-65	920.625	2216	0000	160	920.625	022411390 4.44000614701949	
6.04388430426943	-65	920.625	2216	0000	161	920.625	022411392 4.44235394598628	
5.48551529747905	-61.5	920.625	2215	0000	162	920.625	022411393 4.44380914335167	
5.87207845602623	-64.5	920.625	2216	0000	163	920.625	022411397 4.4471556441948	
5.55301045214602	-61.5	920.625	2215	0000	164	920.625	022411403 4.45324602652582	
5.55914637529756	-61	920.625	2215	0000	165	920.625	022411626 4.6770235889985	
5.85980660972315	-64.5	920.625	2216	0000	166	920.625	022411630 4.68098101597999	
5.47937937432751	-61.5	920.625	2215	0000	167	920.625	022411632 4.68303581205224	
5.92730176439012	-64	920.625	2216	0000	168	920.625	022411634 4.68478174682587	
5.90275807178395	-64.5	920.625	2216	0000	169	920.625	022411635 4.68624902678484	
5.59596191420682	-61	920.625	2215	0000	170	920.625	022411638 4.68947356894894	
5.88435030232932	-65	920.625	2216	0000	171	920.625	022411640 4.69095972796041	
5.4916512206306	-61.5	920.625	2215	0000	172	920.625	022411641 4.6919625832283	
5.4916512206306	-61	920.625	2215	0000	173	920.625	022411642 4.69293938540377	
5.84753476342006	-65	920.625	2216	0000	174	920.625	022411644 4.69518825813555	
5.91502991808703	-65	920.625	2216	0000	175	920.625	022411876 4.9272661848229	
5.52846675953985	-61.5	920.625	2215	0000	176	920.625	022411880 4.93058625499257	
5.9395736106932	-64.5	920.625	2216	0000	177	920.625	022411882 4.93331163500901	
5.4916512206306	-61.5	920.625	2215	0000	178	920.625	022411885 4.93590561682018	
5.92116584123858	-65	920.625	2216	0000	179	920.625	022411890 4.94159878388696	
5.47937937432751	-61.5	920.625	2215	0000	180	920.625	022411893 4.94431547953926	
5.75549591614693	-64.5	920.625	2216	0000	181	920.625	022411896 4.94728326658959	
5.58982599105528	-61.5	920.625	2215	0000	182	920.625	022411901 4.95133433367139	
5.55301045214602	-60.5	920.625	2215	0000	183	920.625	022411904 4.95455887583549	
5.95798138014783	-65	920.625	2216	0000	184	920.625	022411906 4.95622212035925	
5.94570953384475	-65	920.625	2216	0000	185	920.625	022411908 4.95802771293872	
5.52233083638831	-61	920.625	2215	0000	186	920.625	022411911 4.96082256786831	
5.7800396087531	-65	920.625	2216	0000	187	920.625	022412127 5.17686122914714	
5.52233083638831	-61.5	920.625	2215	0000	188	920.625	022412131 5.181353688476	
5.55914637529756	-61.5	920.625	2215	0000	189	920.625	022412134 5.18428220709716	
5.91502991808703	-64.5	920.625	2216	0000	190	920.625	022412136 5.18622297369242	
5.84753476342006	-65	920.625	2216	0000	191	920.625	022412141 5.19130823526924	
5.58982599105528	-61	920.625	2215	0000	192	920.625	022412142 5.1927411553527	
5.50392306693368	-61.5	920.625	2215	0000	193	920.625	022412144 5.1946830546911	
5.93343768754166	-65	920.625	2216	0000	194	920.625	022412146 5.19612277123346	
5.4916512206306	-61	920.625	2215	0000	195	920.625	022412154 5.20444088175747	
5.82912699396544	-65	920.625	2216	0000	196	920.625	022412158 5.20862334704456	
5.4916512206306	-61.5	920.625	2215	0000	197	920.625	022412376 5.42681422030646	
6.00706876536017	-65	920.625	2216	0000	198	920.625	022412381 5.4316045910835	
5.8966221486324	-65	920.625	2216	0000	199	920.625	022412383 5.43365485618315	
5.52233083638831	-61.5	920.625	2215	0000	200	920.625	022412385 5.43514554616721	
5.99479691905709	-65	920.625	2216	0000	201	920.625	022412386 5.43664643083961	
5.51619491323677	-61.5	920.625	2215	0000	202	920.625	022412390 5.44107092557953	
5.54687452899448	-61.5	920.625	2215	0000	203	920.625	022412391 5.44203526758036	
5.9395736106932	-64	920.625	2216	0000	204	920.625	022412393 5.44351538529503	
5.68186483832841	-60.5	920.625	2215	0000	205	920.625	022412394 5.44456694851833	
5.982525072754	-64	920.625	2216	0000	206	920.625	022412395 5.44558415186612	
5.89048622548086	-65	920.625	2216	0000	207	920.625	022412627 5.6768015713413	
5.54073860584294	-61.5	920.625	2215	0000	208	920.625	022412631 5.68095269740126	
5.54687452899448	-61.5	920.625	2215	0000	209	920.625	022412633 5.68277792419532	
5.96411730329937	-65	920.625	2216	0000	210	920.625	022412634 5.68372829569731	
5.90275807178395	-64.5	920.625	2216	0000	211	920.625	022412636 5.68622410643557	
5.51005899008522	-61.5	920.625	2215	0000	212	920.625	022412637 5.68733155165422	
5.52233083638831	-61	920.625	2215	0000	213	920.625	022412642 5.6921328722817	
6.05002022742097	-64	920.625	2216	0000	214	920.625	022412643 5.69356692510831	
5.52233083638831	-61	920.625	2215	0000	215	920.625	022412644 5.69462641753366	
5.87821437917778	-65	920.625	2216	0000	216	920.625	022412647 5.6974065468023	
5.95184545699629	-64.5	920.625	2216	0000	217	920.625	022412876 5.92668773065482	
5.52846675953985	-61.5	920.625	2215	0000	218	920.625	022412879 5.93048506327126	
5.92116584123858	-64.5	920.625	2216	0000	219	920.625	022412881 5.93195913968913	
5.52233083638831	-61.5	920.625	2215	0000	220	920.625	022412882 5.93335694473497	
5.7370881466923	-63.5	920.625	2216	0000	221	920.625	022412884 5.93483819519279	
5.53460268269139	-61.5	920.625	2215	0000	222	920.625	022412885 5.93624543976487	
5.58369006790373	-61.5	920.625	2215	0000	223	920.625	022412890 5.94074922652522	
5.96411730329937	-65	920.625	2216	0000	224	920.625	022412892 5.94293202257331	
5.86594253287469	-64.5	920.625	2216	0000	225	920.625	022412894 5.94468286590058	
5.4916512206306	-61.5	920.625	2215	0000	226	920.625	022412897 5.94788437562065	
5.52233083638831	-61.5	920.625	2215	0000	227	920.625	022413127 6.17747366560969	
5.47937937432751	-64	920.625	2216	0000	228	920.625	022413131 6.1813027150343	
5.52233083638831	-61.5	920.625	2215	0000	229	920.625	022413132 6.18280926342244	
5.92730176439012	-64.5	920.625	2216	0000	230	920.625	022413134 6.18425200061319	
5.84753476342006	-64.5	920.625	2216	0000	231	920.625	022413135 6.18569738087129	
5.52846675953985	-61	920.625	2215	0000	232	920.625	022413137 6.18720015344894	
5.95184545699629	-64.5	920.625	2216	0000	233	920.625	022413142 6.1922401052998	
5.49778714378214	-61.5	920.625	2215	0000	234	920.625	022413144 6.19447500753274	
5.97638914960246	-64.5	920.625	2216	0000	235	920.625	022413149 6.19956593282531	
5.54073860584294	-61.5	920.625	2215	0000	236	920.625	022413153 6.20398061045794	
5.46097160487288	-61.5	920.625	2215	0000	237	920.625	022413156 6.20690648601176	
5.7800396087531	-64.5	920.625	2216	0000	238	920.625	022413158 6.20873284554896	
5.90275807178395	-65	920.625	2216	0000	239	920.625	022413376 6.42658955958191	
5.50392306693368	-61.5	920.625	2215	0000	240	920.625	022413381 6.43116093335015	
5.72481630038921	-61.5	920.625	2215	0000	241	920.625	022413383 6.43323687396118	
5.87207845602623	-64.5	920.625	2216	0000	242	920.625	022413385 6.4347113279601	
5.54687452899448	-61	920.625	2215	0000	243	920.625	022413386 6.43644782320749	
5.8966221486324	-65	920.625	2216	0000	244	920.625	022413391 6.4413314565038	
5.52233083638831	-61.5	920.625	2215	0000	245	920.625	022413393 6.44350330270144	
5.84753476342006	-65	920.625	2216	0000	246	920.625	022413395 6.44484900156243	
5.52233083638831	-61.5	920.625	2215	0000	247	920.625	022413398 6.44837938437675	
5.8966221486324	-65	920.625	2216	0000	248	920.625	022413402 6.45259281130991	
5.87821437917778	-65	920.625	2216	0000	249	920.625	022413626 6.67664827343513	
5.47324345117597	-61.5	920.625	2215	0000	250	920.625	022413631 6.68112487435991	
5.84753476342006	-65	920.625	2216	0000	251	920.625	022413633 6.68317174123011	
5.47324345117597	-61	920.625	2215	0000	252	920.625	022413635 6.68495883233816	
5.52846675953985	-61.5	920.625	2215	0000	253	920.625	022413636 6.68599000618478	
5.82912699396544	-64	920.625	2216	0000	254	920.625	022413640 6.68990287860241	
5.51619491323677	-61.5	920.625	2215	0000	255	920.625	022413642 6.6921290964712	
5.8966221486324	-64	920.625	2216	0000	256	920.625	022413643 6.69393922002327	
5.30143760293278	-60.5	920.625	2215	0000	257	920.625	022413646 6.69653848796913	
5.85980660972315	-65	920.625	2216	0000	258	920.625	022413650 6.70097846353209	
5.61436968366145	-61.5	920.625	2215	0000	259	920.625	022413876 6.92687576601755	
5.8966221486324	-64	920.625	2216	0000	260	920.625	022413880 6.93115866786385	
5.49778714378214	-61	920.625	2215	0000	261	920.625	022413882 6.9330484610174	
5.9395736106932	-64.5	920.625	2216	0000	262	920.625	022413884 6.93498092082956	
5.46710752802443	-61.5	920.625	2215	0000	263	920.625	022413885 6.93594941622194	
5.92116584123858	-64	920.625	2216	0000	264	920.625	022413886 6.93691073757437	
5.91502991808703	-65	920.625	2216	0000	265	920.625	022413891 6.94137638864871	
5.58369006790373	-61.5	920.625	2215	0000	266	920.625	022413893 6.94352671272652	
5.60209783735836	-61.5	920.625	2215	0000	267	920.625	022413894 6.94455524350579	
5.81071922451081	-64.5	920.625	2216	0000	268	920.625	022413896 6.94679165606293	
5.54687452899448	-61.5	920.625	2215	0000	269	920.625	022413901 6.95126108294776	
5.90275807178395	-64.5	920.625	2216	0000	270	920.625	022413902 6.95304968438	
5.55914637529756	-61.5	920.625	2215	0000	271	920.625	022414126 7.17672076899667	
5.96411730329937	-64.5	920.625	2216	0000	272	920.625	022414130 7.18067895114026	
5.80458330135927	-64.5	920.625	2216	0000	273	920.625	022414131 7.18206203052516	
5.58982599105528	-61	920.625	2215	0000	274	920.625	022414133 7.18369506856494	
5.51005899008522	-61.5	920.625	2215	0000	275	920.625	022414134 7.18508758747609	
5.84139884026852	-64.5	920.625	2216	0000	276	920.625	022414135 7.18606816546206	
5.37506868075129	-60.5	920.625	2215	0000	277	920.625	022414140 7.19069504364459	
5.89048622548086	-65.5	920.625	2216	0000	278	920.625	022414142 7.19300734999271	
5.93343768754166	-64.5	920.625	2216	0000	279	920.625	022414377 7.42681799611696	
5.54073860584294	-61.5	920.625	2215	0000	280	920.625	022414381 7.43147206013507	
5.92730176439012	-64.5	920.625	2216	0000	281	920.625	022414384 7.43460975865774	
5.54073860584294	-61.5	920.625	2215	0000	282	920.625	022414389 7.43975920901301	
5.90889399493549	-65.5	920.625	2216	0000	283	920.625	022414393 7.44352860063177	
5.52846675953985	-61.5	920.625	2215	0000	284	920.625	022414398 7.44854514245755	
5.53460268269139	-61.5	920.625	2215	0000	285	920.625	022414404 7.45425416792842	
5.8966221486324	-64.5	920.625	2216	0000	286	920.625	022414406 7.45685230313113	
5.52846675953985	-61.5	920.625	2215	0000	287	920.625	022414408 7.45882554169665	
5.97025322645092	-65	920.625	2216	0000	288	920.625	022414413 7.46337237269666	
5.982525072754	-64.5	920.625	2216	0000	289	920.625	022414415 7.46528859652369	
5.56528229844911	-61.5	920.625	2215	0000	290	920.625	022414417 7.46723200618629	
5.85367068657161	-64.5	920.625	2216	0000	291	920.625	022414626 7.67652593717504	
5.51619491323677	-61.5	920.625	2215	0000	292	920.625	022414631 7.68158778872679	
5.60209783735836	-61.5	920.625	2215	0000	293	920.625	022414633 7.6836361659212	
5.92116584123858	-65	920.625	2216	0000	294	920.625	022414635 7.68506719809941	
5.93343768754166	-64.5	920.625	2216	0000	295	920.625	022414636 7.6865711034202	
5.52846675953985	-61.5	920.625	2215	0000	296	920.625	022414640 7.69095217633941	
5.55914637529756	-61.5	920.625	2215	0000	297	920.625	022414643 7.69310099009303	
5.92116584123858	-64.5	920.625	2216	0000	298	920.625	022414646 7.69629192754371	
5.92730176439012	-64.5	920.625	2216	0000	299	920.625	022414653 7.70344557811057	
5.47937937432751	-60.5	920.625	2215	0000	300	920.625	022414656 7.70678490491376	
5.53460268269139	-61	920.625	2215	0000	301	920.625	022414876 7.92642229117691	
5.92116584123858	-65	920.625	2216	0000	302	920.625	022414879 7.92931796024676	
5.55914637529756	-61.5	920.625	2215	0000	303	920.625	022414881 7.93161025479924	
5.82299107081389	-64.5	920.625	2216	0000	304	920.625	022414883 7.93366240780415	
5.54687452899448	-61.5	920.625	2215	0000	305	920.625	022414884 7.93500621875989	
6.00706876536017	-64	920.625	2216	0000	306	920.625	022414888 7.93893230651426	
5.85980660972315	-65	920.625	2216	0000	307	920.625	022414891 7.94176378680566	
5.70640853093458	-60.5	920.625	2215	0000	308	920.625	022414894 7.94492225228606	
5.84753476342006	-65	920.625	2216	0000	309	920.625	022414895 7.94597381550937	
5.49778714378214	-61.5	920.625	2215	0000	310	920.625	022414899 7.95051838102308	
5.84753476342006	-64.5	920.625	2216	0000	311	920.625	022415126 8.17673549465761	
5.58369006790373	-61.5	920.625	2215	0000	312	920.625	022415130 8.1804063376224	
5.58982599105528	-61.5	920.625	2215	0000	313	920.625	022415132 8.18244187706112	
5.89048622548086	-64.5	920.625	2216	0000	314	920.625	022415134 8.18412513338051	
5.92730176439012	-64.5	920.625	2216	0000	315	920.625	022415135 8.18545384109426	
5.51619491323677	-61.5	920.625	2215	0000	316	920.625	022415139 8.18990174585926	
5.60209783735836	-61	920.625	2215	0000	317	920.625	022415142 8.19234167460216	
5.85980660972315	-65	920.625	2216	0000	318	920.625	022415143 8.19328071867267	
5.55914637529756	-61.5	920.625	2215	0000	319	920.625	022415145 8.19572744387447	
5.92730176439012	-64.5	920.625	2216	0000	320	920.625	022415147 8.1975251072519	
5.49778714378214	-61.5	920.625	2215	0000	321	920.625	022415151 8.20173211530721	
5.93343768754166	-64.5	920.625	2216	0000	322	920.625	022415152 8.20299172568888	
5.55301045214602	-61.5	920.625	2215	0000	323	920.625	022415376 8.42640001389498	
5.90889399493549	-64.5	920.625	2216	0000	324	920.625	022415379 8.4304397535453	
5.55914637529756	-62	920.625	2215	0000	325	920.625	022415382 8.43324895655477	
5.8966221486324	-65	920.625	2216	0000	326	920.625	022415385 8.43575307407612	
5.86594253287469	-65.5	920.625	2216	0000	327	920.625	022415388 8.43929704980823	
5.50392306693368	-61.5	920.625	2215	0000	328	920.625	022415390 8.44150023523299	
5.97638914960246	-64.5	920.625	2216	0000	329	920.625	022415392 8.44287651815901	
5.54687452899448	-61	920.625	2215	0000	330	920.625	022415396 8.44620225204441	
5.54073860584294	-61.5	920.625	2215	0000	331	920.625	022415404 8.4541582623418	
5.97025322645092	-64.5	920.625	2216	0000	332	920.625	022415408 8.45813041498423	
5.58982599105528	-61.5	920.625	2215	0000	333	920.625	022415626 8.6764100197928	
5.82912699396544	-64	920.625	2216	0000	334	920.625	022415630 8.68036593645009	
5.92730176439012	-65	920.625	2216	0000	335	920.625	022415631 8.68225723992784	
5.61436968366145	-61.5	920.625	2215	0000	336	920.625	022415633 8.68419574103679	
6.03161245796634	-65	920.625	2216	0000	337	920.625	022415634 8.68518387064375	
5.55914637529756	-61.5	920.625	2215	0000	338	920.625	022415637 8.68758339821434	
5.57141822160065	-61.5	920.625	2215	0000	339	920.625	022415642 8.69255651821942	
5.93343768754166	-63.5	920.625	2216	0000	340	920.625	022415644 8.69506743219966	
5.54073860584294	-61.5	920.625	2215	0000	341	920.625	022415646 8.69657435816885	
5.92116584123858	-65	920.625	2216	0000	342	920.625	022415650 8.70071075856788	
5.80458330135927	-65	920.625	2216	0000	343	920.625	022415876 8.92653443274866	
5.60209783735836	-61.5	920.625	2215	0000	344	920.625	022415879 8.93017242616214	
5.76163183929847	-63	920.625	2216	0000	345	920.625	022415882 8.93242431954231	
5.62664152996453	-61.5	920.625	2215	0000	346	920.625	022415884 8.93437188259646	
5.88435030232932	-64.5	920.625	2216	0000	347	920.625	022415885 8.93579460799158	
5.54687452899448	-61.5	920.625	2215	0000	348	920.625	022415890 8.94060801121265	
6.04388430426943	-64.5	920.625	2216	0000	349	920.625	022415893 8.94337681304981	
5.71254445408613	-60.5	920.625	2215	0000	350	920.625	022415896 8.94697553803412	
5.63891337626762	-61.5	920.625	2215	0000	351	920.625	022415902 8.95267701188399	
5.88435030232932	-64.5	920.625	2216	0000	352	920.625	022415903 8.95364626243846	
5.92730176439012	-64.5	920.625	2216	0000	353	920.625	022415905 8.95611262185484	
5.57141822160065	-61.5	920.625	2215	0000	354	920.625	022415907 8.95742358325927	
5.64504929941916	-61.5	920.625	2215	0000	355	920.625	022416126 9.17625370123824	
5.89048622548086	-65	920.625	2216	0000	356	920.625	022416130 9.18040180664981	
5.97638914960246	-65	920.625	2216	0000	357	920.625	022416132 9.1825200363384	
5.60209783735836	-61.5	920.625	2215	0000	358	920.625	022416133 9.18393747559882	
5.82912699396544	-65	920.625	2216	0000	359	920.625	022416135 9.18553841924938	
5.53460268269139	-61.5	920.625	2215	0000	360	920.625	022416140 9.19067012329532	
5.84139884026852	-64.5	920.625	2216	0000	361	920.625	022416142 9.19264676009029	
5.49778714378214	-61.5	920.625	2215	0000	362	920.625	022416144 9.19429414620996	
5.99479691905709	-65	920.625	2216	0000	363	920.625	022416145 9.19615864143318	
5.62664152996453	-61.5	920.625	2215	0000	364	920.625	022416146 9.19700064717392	
5.58369006790373	-61.5	920.625	2215	0000	365	920.625	022416385 9.43618162856748	
5.982525072754	-64.5	920.625	2216	0000	366	920.625	022416389 9.43937936247705	
5.50392306693368	-61.5	920.625	2215	0000	367	920.625	022416391 9.44115399341046	
5.91502991808703	-64.5	920.625	2216	0000	368	920.625	022416393 9.44361846492159	
5.55914637529756	-61.5	920.625	2215	0000	369	920.625	022416396 9.44606896593388	
5.78617553190464	-64.5	920.625	2216	0000	370	920.625	022416402 9.45216727746694	
5.81685514766235	-65	920.625	2216	0000	371	920.625	022416405 9.45550320604069	
5.58982599105528	-62	920.625	2215	0000	372	920.625	022416412 9.46205952338699	
5.95798138014783	-64.5	920.625	2216	0000	373	920.625	022416415 9.46480906859062	
5.58369006790373	-62	920.625	2215	0000	374	920.625	022416417 9.46724144571253	
5.63891337626762	-61.5	920.625	2215	0000	375	920.625	022416626 9.67646590178815	
5.90275807178395	-65	920.625	2216	0000	376	920.625	022416630 9.68075408976914	
5.64504929941916	-61.5	920.625	2215	0000	377	920.625	022416633 9.68386007148364	
5.95184545699629	-64.5	920.625	2216	0000	378	920.625	022416636 9.68687014761154	
5.55301045214602	-61.5	920.625	2215	0000	379	920.625	022416642 9.69252668931649	
6.01320468851171	-65	920.625	2216	0000	380	920.625	022416645 9.69622962667051	
5.51619491323677	-61.5	920.625	2215	0000	381	920.625	022416651 9.70204475241633	
5.92730176439012	-64.5	920.625	2216	0000	382	920.625	022416654 9.70453754250619	
5.77390368560155	-64.5	920.625	2216	0000	383	920.625	022416656 9.70691819102429	
5.55301045214602	-62	920.625	2215	0000	384	920.625	022416657 9.70801883978405	
5.8966221486324	-65	920.625	2216	0000	385	920.625	022416662 9.71300102173432	
5.64504929941916	-61.5	920.625	2215	0000	386	920.625	022416665 9.7157996524744	
5.55914637529756	-61.5	920.625	2215	0000	387	920.625	022416875 9.92612286940453	
5.79844737820772	-64.5	920.625	2216	0000	388	920.625	022416881 9.93156683297853	
5.87207845602623	-65	920.625	2216	0000	389	920.625	022416883 9.93433412449149	
5.6082337605099	-62	920.625	2215	0000	390	920.625	022416889 9.93973881963633	
5.90275807178395	-65	920.625	2216	0000	391	920.625	022416892 9.94300791636429	
5.55301045214602	-61.5	920.625	2215	0000	392	920.625	022416896 9.94679467671133	
5.60209783735836	-62	920.625	2215	0000	393	920.625	022416902 9.95314143657507	
5.78617553190464	-64.5	920.625	2216	0000	394	920.625	022416905 9.95635653921292	
5.83526291711698	-65	920.625	2216	0000	395	920.625	022416909 9.96003455621766	
5.58982599105528	-62	920.625	2215	0000	396	920.625	022416916 9.96678457264244	
5.90889399493549	-64.5	920.625	2216	0000	397	920.625	022417126 10.1762797543307	
5.52846675953985	-61.5	920.625	2215	0000	398	920.625	022417131 10.1811618773028	
5.87207845602623	-64.5	920.625	2216	0000	399	920.625	022417133 10.1835463016314	
5.45483568172134	-61	920.625	2215	0000	400	920.625	022417135 10.1860111507236	
5.57755414475219	-62	920.625	2215	0000	401	920.625	022417141 10.1916926127778	
5.88435030232932	-64.5	920.625	2216	0000	402	920.625	022417144 10.1952056268638	
5.57141822160065	-61.5	920.625	2215	0000	403	920.625	022417147 10.1977052134126	
5.96411730329937	-64	920.625	2216	0000	404	920.625	022417153 10.2037706753943	
5.50392306693368	-61.5	920.625	2215	0000	405	920.625	022417156 10.2069676541418	
5.81685514766235	-64.5	920.625	2216	0000	406	920.625	022417159 10.2097987568522	
5.65732114572224	-61.5	920.625	2215	0000	407	920.625	022417376 10.4260341378579	
5.85980660972315	-64.5	920.625	2216	0000	408	920.625	022417380 10.4301456179076	
5.60209783735836	-61.5	920.625	2215	0000	409	920.625	022417381 10.4311843433752	
5.8966221486324	-64.5	920.625	2216	0000	410	920.625	022417383 10.432885723585	
5.89048622548086	-64	920.625	2216	0000	411	920.625	022417384 10.4343020301023	
5.59596191420682	-61.5	920.625	2215	0000	412	920.625	022417385 10.4352946906818	
5.79844737820772	-64.5	920.625	2216	0000	413	920.625	022417389 10.4389360823248	
5.52846675953985	-61.5	920.625	2215	0000	414	920.625	022417391 10.4415927425902	
5.39347645020591	-64	920.625	2216	0000	415	920.625	022417392 10.442648081624	
5.63277745311607	-61.5	920.625	2215	0000	416	920.625	022417395 10.4456558922656	
5.59596191420682	-61.5	920.625	2215	0000	417	920.625	022417625 10.676084544928	
5.90889399493549	-64.5	920.625	2216	0000	418	920.625	022417630 10.6806853700181	
5.58369006790373	-61.5	920.625	2215	0000	419	920.625	022417631 10.681726360972	
5.62050560681299	-64	920.625	2216	0000	420	920.625	022417633 10.683536106943	
5.58982599105528	-61.5	920.625	2215	0000	421	920.625	022417634 10.6848387615644	
5.85980660972315	-64	920.625	2216	0000	422	920.625	022417638 10.6890170734599	
5.55301045214602	-61.5	920.625	2215	0000	423	920.625	022417641 10.6917949372423	
5.87821437917778	-64	920.625	2216	0000	424	920.625	022417642 10.6928366833583	
5.82912699396544	-65	920.625	2216	0000	425	920.625	022417646 10.6969625114879	
5.59596191420682	-61.5	920.625	2215	0000	426	920.625	022417652 10.7026866402008	
5.85980660972315	-64.5	920.625	2216	0000	427	920.625	022417876 10.9262806982833	
5.57755414475219	-61.5	920.625	2215	0000	428	920.625	022417881 10.9312806265429	
5.58369006790373	-61.5	920.625	2215	0000	429	920.625	022417883 10.9334116939872	
5.87207845602623	-65.5	920.625	2216	0000	430	920.625	022417884 10.9347471981598	
5.47937937432751	-61.5	920.625	2215	0000	431	920.625	022417888 10.938466371499	
5.90889399493549	-64.5	920.625	2216	0000	432	920.625	022417890 10.9408058636827	
5.76776776245001	-64.5	920.625	2216	0000	433	920.625	022417891 10.9416471142613	
5.50392306693368	-61.5	920.625	2215	0000	434	920.625	022417893 10.9430233971873	
5.9395736106932	-64.5	920.625	2216	0000	435	920.625	022417897 10.9471212843193	
5.60209783735836	-61.5	920.625	2215	0000	436	920.625	022417901 10.9517440091103	
5.65732114572224	-61.5	920.625	2215	0000	437	920.625	022417902 10.9527793363484	
5.86594253287469	-64.5	920.625	2216	0000	438	920.625	022417904 10.9540978493739	
5.80458330135927	-64.5	920.625	2216	0000	439	920.625	022417987 11.0369134561579	
5.74935999299538	-61	920.625	2215	0000	440	920.625	022417990 11.0403063994702	
5.84139884026852	-64	920.625	2216	0000	441	920.625	022417997 11.0476907520584	
5.58982599105528	-61.5	920.625	2215	0000	442	920.625	022418005 11.0549176533489	
