0.181009732970506	-61	920.625	2216	0000	0	920.625	022435999 0.74486055554255	
0.536893275759974	-57.5	920.625	2215	0000	1	920.625	022436001 0.747062985805218	
0.460194236365692	-57.5	920.625	2215	0000	2	920.625	022436002 0.74760556977358	
0.159534001940107	-60.5	920.625	2216	0000	3	920.625	022436002 0.748134560824154	
6.14205907469411	-59.5	920.625	2216	0000	4	920.625	022436003 0.748687717061906	
0.441786466911065	-57	920.625	2215	0000	5	920.625	022436003 0.74920575826204	
0.0859029241215959	-60.5	920.625	2216	0000	6	920.625	022436005 0.750604318469981	
0.472466082668777	-57	920.625	2215	0000	7	920.625	022436008 0.753863598090648	
0.0859029241215959	-60.5	920.625	2216	0000	8	920.625	022436015 0.761092764867443	
0.50314569842649	-57	920.625	2215	0000	9	920.625	022436018 0.764224044512275	
0.441786466911065	-57	920.625	2215	0000	10	920.625	022436213 0.959016220126731	
6.14819499784565	-59.5	920.625	2216	0000	11	920.625	022436217 0.963255700152316	
0.50314569842649	-57.5	920.625	2215	0000	12	920.625	022436220 0.966504785084642	
0.110446616727766	-60.5	920.625	2216	0000	13	920.625	022436223 0.969801445229226	
0.441786466911065	-57	920.625	2215	0000	14	920.625	022436231 0.977077809637228	
0.190213617697819	-60.5	920.625	2216	0000	15	920.625	022436234 0.980027095216124	
0.0920388472731385	-60	920.625	2216	0000	16	920.625	022436240 0.986041961337211	
0.392699081698724	-57	920.625	2215	0000	17	920.625	022436245 0.991770243441606	
0.0368155389092554	-59	920.625	2216	0000	18	920.625	022436253 0.999816495609865	
0.435650543759522	-57	920.625	2215	0000	19	920.625	022436257 1.00307350974423	
0.190213617697819	-60.5	920.625	2216	0000	20	920.625	022436463 1.20884272163441	
0.306796157577128	-56.5	920.625	2215	0000	21	920.625	022436483 1.22896326060871	
0.441786466911065	-57	920.625	2215	0000	22	920.625	022436486 1.23215344289729	
0.257708772364788	-59.5	920.625	2216	0000	23	920.625	022436493 1.23926027341399	
0.484737928971863	-57	920.625	2215	0000	24	920.625	022436497 1.2435295823425	
0.177941771394734	-60.5	920.625	2216	0000	25	920.625	022436505 1.25090940395811	
0.177941771394734	-60.5	920.625	2216	0000	26	920.625	022436508 1.25384773968656	
0.509281621578033	-57	920.625	2215	0000	27	920.625	022436515 1.26094815132542	
0.515417544729575	-57	920.625	2215	0000	28	920.625	022436518 1.26416098847698	
6.24636976827033	-60.5	920.625	2216	0000	29	920.625	022436521 1.26724846872005	
0.153398078788564	-60.5	920.625	2216	0000	30	920.625	022436713 1.45879269214533	
0.466330159517235	-57	920.625	2215	0000	31	920.625	022436718 1.46378884459444	
0.098174770424681	-60	920.625	2216	0000	32	920.625	022436721 1.46675021276692	
0.533825314184203	-57	920.625	2215	0000	33	920.625	022436728 1.47337487228321	
0.447922390062607	-57	920.625	2215	0000	34	920.625	022436731 1.47711065918855	
0.0920388472731385	-60.5	920.625	2216	0000	35	920.625	022436734 1.48021059960626	
0.447922390062607	-57	920.625	2215	0000	36	920.625	022436741 1.48702518239053	
0.153398078788564	-60.5	920.625	2216	0000	37	920.625	022436747 1.49304797771366	
0.110446616727766	-60.5	920.625	2216	0000	38	920.625	022436754 1.49946836588208	
0.45405831321415	-57	920.625	2215	0000	39	920.625	022436757 1.50288660712465	
0.0797670009700533	-56.5	920.625	2215	0000	40	920.625	022436963 1.70917801360651	
0.0736310778185108	-60.5	920.625	2216	0000	41	920.625	022436967 1.71231835519653	
0.447922390062607	-57	920.625	2215	0000	42	920.625	022436968 1.71376260271148	
0.21475731030399	-59	920.625	2216	0000	43	920.625	022436970 1.71599259639078	
0.190213617697819	-60.5	920.625	2216	0000	44	920.625	022436972 1.71745345747191	
0.484737928971863	-57	920.625	2215	0000	45	920.625	022436973 1.71895849553586	
0.45405831321415	-57.5	920.625	2215	0000	46	920.625	022436977 1.72309829416433	
0.122718463030851	-60.5	920.625	2216	0000	47	920.625	022436979 1.7247517215808	
0.0859029241215959	-60.5	920.625	2216	0000	48	920.625	022436980 1.72574513732245	
0.497009775274948	-57	920.625	2215	0000	49	920.625	022436981 1.72716786271757	
0.50314569842649	-57.5	920.625	2215	0000	50	920.625	022436982 1.72800420474257	
0.104310693576224	-60.5	920.625	2216	0000	51	920.625	022436984 1.72980300086315	
0.484737928971863	-57	920.625	2215	0000	52	920.625	022437213 1.95848081019831	
0.0920388472731385	-60	920.625	2216	0000	53	920.625	022437217 1.96300989488899	
0.171805848243192	-60.5	920.625	2216	0000	54	920.625	022437219 1.96499181781865	
0.515417544729575	-57	920.625	2215	0000	55	920.625	022437221 1.96730450174782	
0.104310693576224	-60.5	920.625	2216	0000	56	920.625	022437227 1.97275375145652	
0.50314569842649	-57	920.625	2215	0000	57	920.625	022437231 1.97655901327499	
0.042951462060798	-60.5	920.625	2216	0000	58	920.625	022437236 1.98215249894466	
0.490873852123405	-57	920.625	2215	0000	59	920.625	022437239 1.98546463991228	
0.441786466911065	-57.5	920.625	2215	0000	60	920.625	022437463 2.20870377180814	
0.128854386182394	-60.5	920.625	2216	0000	61	920.625	022437468 2.21332309836968	
0.184077694546277	-61	920.625	2216	0000	62	920.625	022437470 2.21523441364306	
0.398835004850267	-57	920.625	2215	0000	63	920.625	022437471 2.21701470829221	
0.441786466911065	-57	920.625	2215	0000	64	920.625	022437473 2.21845027144302	
0.0797670009700533	-60.5	920.625	2216	0000	65	920.625	022437477 2.22237296096794	
0.0245436926061703	-60	920.625	2216	0000	66	920.625	022437480 2.22593166236098	
0.490873852123405	-57	920.625	2215	0000	67	920.625	022437482 2.22782258825768	
0.546097160487288	-58	920.625	2215	0000	68	920.625	022437484 2.23000651704892	
0.159534001940107	-61.5	920.625	2216	0000	69	920.625	022437488 2.23377892931607	
0.472466082668777	-57.5	920.625	2215	0000	70	920.625	022437713 2.45874171870363	
0.159534001940107	-60.5	920.625	2216	0000	71	920.625	022437716 2.46190093934614	
0.447922390062607	-57	920.625	2215	0000	72	920.625	022437717 2.46334556444214	
0.098174770424681	-60.5	920.625	2216	0000	73	920.625	022437719 2.46548229560216	
0.0736310778185108	-60.5	920.625	2216	0000	74	920.625	022437721 2.46712817139763	
0.552233083638831	-57	920.625	2215	0000	75	920.625	022437723 2.46887863714386	
0.0920388472731385	-60	920.625	2216	0000	76	920.625	022437726 2.4723871202573	
0.460194236365692	-57	920.625	2215	0000	77	920.625	022437730 2.47626336731311	
0.159534001940107	-60.5	920.625	2216	0000	78	920.625	022437731 2.47769137884293	
0.466330159517235	-57	920.625	2215	0000	79	920.625	022437733 2.47894872373829	
0.104310693576224	-60.5	920.625	2216	0000	80	920.625	022437973 2.71877159291628	
0.460194236365692	-57.5	920.625	2215	0000	81	920.625	022437977 2.72312434725676	
0.0920388472731385	-60	920.625	2216	0000	82	920.625	022437980 2.72623448236281	
0.50314569842649	-57	920.625	2215	0000	83	920.625	022437981 2.72722676536132	
0.533825314184203	-57	920.625	2215	0000	84	920.625	022437982 2.72826133743739	
0.153398078788564	-59.5	920.625	2216	0000	85	920.625	022437986 2.73238150185128	
0.515417544729575	-57.5	920.625	2215	0000	86	920.625	022437988 2.73388389684788	
0.110446616727766	-60.5	920.625	2216	0000	87	920.625	022437990 2.73570648057459	
0.497009775274948	-57.5	920.625	2215	0000	88	920.625	022437990 2.73661833880952	
0.171805848243192	-60.5	920.625	2216	0000	89	920.625	022437991 2.73752491090975	
0.472466082668777	-57	920.625	2215	0000	90	920.625	022438213 2.95868923493773	
0.159534001940107	-60.5	920.625	2216	0000	91	920.625	022438215 2.96147616066527	
0.0920388472731385	-59.5	920.625	2216	0000	92	920.625	022438218 2.96328062050159	
0.47860200582032	-57.5	920.625	2215	0000	93	920.625	022438219 2.96470259073461	
0.196349540849362	-60.5	920.625	2216	0000	94	920.625	022438220 2.96614155211487	
0.490873852123405	-57	920.625	2215	0000	95	920.625	022438223 2.9687177876167	
0.122718463030851	-60.5	920.625	2216	0000	96	920.625	022438228 2.97417496652744	
0.404970928001809	-57	920.625	2215	0000	97	920.625	022438231 2.97684144390014	
0.466330159517235	-57	920.625	2215	0000	98	920.625	022438233 2.97906728418789	
0.141126232485479	-60.5	920.625	2216	0000	99	920.625	022438237 2.98286725987167	
0.466330159517235	-57	920.625	2215	0000	100	920.625	022438463 3.20861994881511	
0.0613592315154256	-60.5	920.625	2216	0000	101	920.625	022438467 3.21309730490198	
0.0920388472731385	-60.5	920.625	2216	0000	102	920.625	022438469 3.21458988279129	
0.497009775274948	-57	920.625	2215	0000	103	920.625	022438471 3.21683007115892	
0.490873852123405	-57	920.625	2215	0000	104	920.625	022438472 3.21784463143936	
0.110446616727766	-60.5	920.625	2216	0000	105	920.625	022438473 3.21888222416383	
0.497009775274948	-57	920.625	2215	0000	106	920.625	022438480 3.22568057096296	
0.141126232485479	-60	920.625	2216	0000	107	920.625	022438482 3.22737930810538	
0.0859029241215959	-60	920.625	2216	0000	108	920.625	022438483 3.22910032252973	
0.466330159517235	-57	920.625	2215	0000	109	920.625	022438487 3.2325785991592	
0.497009775274948	-57.5	920.625	2215	0000	110	920.625	022438723 3.46891450734357	
0.177941771394734	-60	920.625	2216	0000	111	920.625	022438726 3.47197178110267	
0.190213617697819	-60.5	920.625	2216	0000	112	920.625	022438729 3.47491993393842	
0.45405831321415	-57	920.625	2215	0000	113	920.625	022438730 3.47653031711522	
0.104310693576224	-60	920.625	2216	0000	114	920.625	022438732 3.47839670024369	
0.460194236365692	-57	920.625	2215	0000	115	920.625	022438738 3.4835518143147	
0.153398078788564	-60.5	920.625	2216	0000	116	920.625	022438739 3.48484087601824	
0.484737928971863	-57	920.625	2215	0000	117	920.625	022438741 3.48623981380723	
0.122718463030851	-60	920.625	2216	0000	118	920.625	022438742 3.48728420299059	
0.466330159517235	-57	920.625	2215	0000	119	920.625	022438744 3.4894945624553	
0.423378697456437	-57.5	920.625	2215	0000	120	920.625	022438750 3.49547355837667	
0.098174770424681	-60	920.625	2216	0000	121	920.625	022438751 3.49649906850755	
0.110446616727766	-60.5	920.625	2216	0000	122	920.625	022438963 3.70860975412677	
0.447922390062607	-57.5	920.625	2215	0000	123	920.625	022438966 3.71164437302289	
0.47860200582032	-57.5	920.625	2215	0000	124	920.625	022438968 3.7133536824347	
0.159534001940107	-60	920.625	2216	0000	125	920.625	022438969 3.71497765852929	
0.153398078788564	-60.5	920.625	2216	0000	126	920.625	022438971 3.71680892662014	
0.411106851153352	-56.5	920.625	2215	0000	127	920.625	022438976 3.72124927976415	
0.110446616727766	-60.5	920.625	2216	0000	128	920.625	022438979 3.7247471906082	
0.404970928001809	-57	920.625	2215	0000	129	920.625	022438980 3.72604418151378	
0.177941771394734	-60.5	920.625	2216	0000	130	920.625	022438981 3.72703608693124	
0.497009775274948	-57.5	920.625	2215	0000	131	920.625	022438983 3.72867818691621	
0.220893233455532	-60.5	920.625	2216	0000	132	920.625	022439212 3.95857973643332	
0.515417544729575	-57	920.625	2215	0000	133	920.625	022439216 3.96181258538051	
0.497009775274948	-57	920.625	2215	0000	134	920.625	022439217 3.96327269129955	
0.110446616727766	-60.5	920.625	2216	0000	135	920.625	022439219 3.9649974815344	
0.484737928971863	-57.5	920.625	2215	0000	136	920.625	022439220 3.96628087952219	
0.110446616727766	-60.5	920.625	2216	0000	137	920.625	022439222 3.96844857232829	
0.497009775274948	-57	920.625	2215	0000	138	920.625	022439229 3.97474586907453	
0.122718463030851	-60	920.625	2216	0000	139	920.625	022439230 3.97652729646682	
0.45405831321415	-58	920.625	2215	0000	140	920.625	022439231 3.97754147916621	
0.141126232485479	-60.5	920.625	2216	0000	141	920.625	022439233 3.97901593316513	
0.177941771394734	-60	920.625	2216	0000	142	920.625	022439463 4.20854178953783	
0.50314569842649	-57	920.625	2215	0000	143	920.625	022439466 4.21205895701542	
0.177941771394734	-60	920.625	2216	0000	144	920.625	022439468 4.21403597139144	
0.447922390062607	-57.5	920.625	2215	0000	145	920.625	022439470 4.21625841344974	
0.497009775274948	-57.5	920.625	2215	0000	146	920.625	022439473 4.2188539055851	
0.190213617697819	-60.5	920.625	2216	0000	147	920.625	022439480 4.22601208712456	
0.177941771394734	-60.5	920.625	2216	0000	148	920.625	022439482 4.227688169404	
0.42951462060798	-57.5	920.625	2215	0000	149	920.625	022439484 4.22968293008936	
0.134990309333936	-60.5	920.625	2216	0000	150	920.625	022439488 4.23378421545077	
0.497009775274948	-57	920.625	2215	0000	151	920.625	022439489 4.23522959570887	
0.251572849213245	-60.5	920.625	2216	0000	152	920.625	022439712 4.45840642673153	
0.50314569842649	-57.5	920.625	2215	0000	153	920.625	022439717 4.46326438451646	
0.116582539879309	-60.5	920.625	2216	0000	154	920.625	022439719 4.465724325055	
0.515417544729575	-57.5	920.625	2215	0000	155	920.625	022439722 4.46819936883552	
0.45405831321415	-57.5	920.625	2215	0000	156	920.625	022439728 4.47404130283586	
0.098174770424681	-60	920.625	2216	0000	157	920.625	022439732 4.47852696570582	
0.527689391032661	-57	920.625	2215	0000	158	920.625	022439737 4.48367112992639	
0.257708772364788	-61	920.625	2216	0000	159	920.625	022439740 4.48639915301019	
0.472466082668777	-57	920.625	2215	0000	160	920.625	022439743 4.4896640963466	
0.208621387152447	-60.5	920.625	2216	0000	161	920.625	022439750 4.49698123950797	
0.497009775274948	-57.5	920.625	2215	0000	162	920.625	022439963 4.70847760075939	
0.110446616727766	-60.5	920.625	2216	0000	163	920.625	022439965 4.7105282434401	
0.184077694546277	-60	920.625	2216	0000	164	920.625	022439968 4.7134654464254	
0.47860200582032	-57.5	920.625	2215	0000	165	920.625	022439970 4.71583552267412	
0.546097160487288	-57.5	920.625	2215	0000	166	920.625	022439972 4.71805116827353	
0.251572849213245	-60.5	920.625	2216	0000	167	920.625	022439976 4.72215245363494	
0.208621387152447	-60.5	920.625	2216	0000	168	920.625	022439979 4.72539360936522	
0.546097160487288	-56.5	920.625	2215	0000	169	920.625	022439982 4.72756167975237	
6.2279619988157	-60.5	920.625	2216	0000	170	920.625	022439986 4.7320843455652	
0.515417544729575	-57.5	920.625	2215	0000	171	920.625	022439989 4.73528698802841	
0.515417544729575	-57.5	920.625	2215	0000	172	920.625	022440212 4.95841284560937	
0.177941771394734	-60.5	920.625	2216	0000	173	920.625	022440216 4.96180805440792	
0.184077694546277	-59.5	920.625	2216	0000	174	920.625	022440218 4.96413886222747	
0.45405831321415	-57	920.625	2215	0000	175	920.625	022440220 4.96653046059602	
0.184077694546277	-61	920.625	2216	0000	176	920.625	022440223 4.9689998406608	
0.497009775274948	-57.5	920.625	2215	0000	177	920.625	022440229 4.97458841777682	
0.497009775274948	-57.5	920.625	2215	0000	178	920.625	022440231 4.97700569165674	
0.319068003880213	-60	920.625	2216	0000	179	920.625	022440233 4.97925305406432	
0.141126232485479	-60.5	920.625	2216	0000	180	920.625	022440237 4.98298430999706	
0.398835004850267	-57.5	920.625	2215	0000	181	920.625	022440239 4.985492958491	
0.21475731030399	-60.5	920.625	2216	0000	182	920.625	022440463 5.20839944148211	
0.484737928971863	-57.5	920.625	2215	0000	183	920.625	022440466 5.21202572988305	
0.50314569842649	-57.5	920.625	2215	0000	184	920.625	022440468 5.2142965023157	
0.227029156607075	-60.5	920.625	2216	0000	185	920.625	022440469 5.21562634277261	
0.276116541819415	-60	920.625	2216	0000	186	920.625	022440471 5.21799943966972	
0.521553467881118	-57.5	920.625	2215	0000	187	920.625	022440475 5.22128401722072	
0.447922390062607	-57.5	920.625	2215	0000	188	920.625	022440477 5.22320175137194	
0.202485464000905	-60.5	920.625	2216	0000	189	920.625	022440479 5.22567641757141	
0.466330159517235	-57.5	920.625	2215	0000	190	920.625	022440481 5.22710669458753	
0.196349540849362	-60.5	920.625	2216	0000	191	920.625	022440482 5.22852262352375	
0.196349540849362	-59.5	920.625	2216	0000	192	920.625	022440723 5.46860942185545	
0.472466082668777	-57.5	920.625	2215	0000	193	920.625	022440727 5.47263972197952	
0.42951462060798	-57.5	920.625	2215	0000	194	920.625	022440730 5.47567056506514	
0.208621387152447	-60	920.625	2216	0000	195	920.625	022440733 5.47869121346243	
5.982525072754	-60	920.625	2216	0000	196	920.625	022440738 5.48423674633879	
0.404970928001809	-57.5	920.625	2215	0000	197	920.625	022440740 5.48559377263126	
0.128854386182394	-60.5	920.625	2216	0000	198	920.625	022440741 5.48658983144027	
0.355883542789469	-57.5	920.625	2215	0000	199	920.625	022440744 5.49001147091229	
0.21475731030399	-60.5	920.625	2216	0000	200	920.625	022440749 5.49470178271117	
0.331339850183298	-57.5	920.625	2215	0000	201	920.625	022440753 5.49934753994619	
0.404970928001809	-58	920.625	2215	0000	202	920.625	022440756 5.50180257193108	
0.141126232485479	-60.5	920.625	2216	0000	203	920.625	022440761 5.50682402231051	
0.472466082668777	-57.5	920.625	2215	0000	204	920.625	022440962 5.70798674539483	
0.190213617697819	-60.5	920.625	2216	0000	205	920.625	022440967 5.71316715739617	
0.220893233455532	-60.5	920.625	2216	0000	206	920.625	022440969 5.71561652566532	
0.490873852123405	-57.5	920.625	2215	0000	207	920.625	022440971 5.7173575518853	
0.45405831321415	-57	920.625	2215	0000	208	920.625	022440973 5.71875158112065	
0.177941771394734	-60.5	920.625	2216	0000	209	920.625	022440977 5.72323762157166	
0.472466082668777	-57.5	920.625	2215	0000	210	920.625	022440978 5.72475814045864	
0.0920388472731385	-60.5	920.625	2216	0000	211	920.625	022440980 5.72578100752217	
0.227029156607075	-60.5	920.625	2216	0000	212	920.625	022441213 5.95860654468785	
0.497009775274948	-57.5	920.625	2215	0000	213	920.625	022441216 5.96197532281292	
0.509281621578033	-57.5	920.625	2215	0000	214	920.625	022441219 5.96493027210756	
0.122718463030851	-60	920.625	2216	0000	215	920.625	022441221 5.96685820094712	
0.21475731030399	-60.5	920.625	2216	0000	216	920.625	022441226 5.97209373978171	
0.509281621578033	-57.5	920.625	2215	0000	217	920.625	022441229 5.97448647089341	
0.0797670009700533	-60.5	920.625	2216	0000	218	920.625	022441231 5.97697359726752	
0.490873852123405	-57.5	920.625	2215	0000	219	920.625	022441236 5.98224727178813	
0.490873852123405	-57.5	920.625	2215	0000	220	920.625	022441238 5.98412951332068	
0.355883542789469	-60	920.625	2216	0000	221	920.625	022441239 5.9852252535268	
0.196349540849362	-60	920.625	2216	0000	222	920.625	022441242 5.98797895212197	
0.460194236365692	-57.5	920.625	2215	0000	223	920.625	022441243 5.98910074542051	
0.128854386182394	-60.5	920.625	2216	0000	224	920.625	022441462 6.20795087519511	
0.509281621578033	-57.5	920.625	2215	0000	225	920.625	022441465 6.21147559429369	
0.177941771394734	-60.5	920.625	2216	0000	226	920.625	022441468 6.2142477943603	
0.42951462060798	-57.5	920.625	2215	0000	227	920.625	022441469 6.21566372329652	
0.26384469551633	-60.5	920.625	2216	0000	228	920.625	022441471 6.21706945754441	
0.460194236365692	-57	920.625	2215	0000	229	920.625	022441475 6.22117074290582	
0.484737928971863	-57	920.625	2215	0000	230	920.625	022441477 6.22312699032411	
0.042951462060798	-59	920.625	2216	0000	231	920.625	022441479 6.22526938519988	
0.460194236365692	-57.5	920.625	2215	0000	232	920.625	022441712 6.45850346506129	
0.122718463030851	-60	920.625	2216	0000	233	920.625	022441716 6.46206027854909	
0.220893233455532	-60	920.625	2216	0000	234	920.625	022441719 6.46530596525197	
0.47860200582032	-57.5	920.625	2215	0000	235	920.625	022441720 6.46636545767732	
0.190213617697819	-60.5	920.625	2216	0000	236	920.625	022441722 6.4683315222029	
0.539961237335746	-57	920.625	2215	0000	237	920.625	022441727 6.47333409352985	
0.227029156607075	-60.5	920.625	2216	0000	238	920.625	022441730 6.47635625225133	
0.539961237335746	-57.5	920.625	2215	0000	239	920.625	022441732 6.4776675912368	
0.472466082668777	-57	920.625	2215	0000	240	920.625	022441738 6.48380743668532	
0.159534001940107	-60	920.625	2216	0000	241	920.625	022441742 6.48761911738164	
0.190213617697819	-60.5	920.625	2216	0000	242	920.625	022441744 6.49108229076912	
0.441786466911065	-57.5	920.625	2215	0000	243	920.625	022441754 6.49989465488714	
0.233165079758617	-60	920.625	2216	0000	244	920.625	022441962 6.70821367160568	
0.45405831321415	-57.5	920.625	2215	0000	245	920.625	022441964 6.71103608995189	
0.141126232485479	-60.5	920.625	2216	0000	246	920.625	022441969 6.71427460261482	
0.460194236365692	-57.5	920.625	2215	0000	247	920.625	022441970 6.71541225431745	
0.177941771394734	-60.5	920.625	2216	0000	248	920.625	022441971 6.71687122749334	
0.490873852123405	-57.5	920.625	2215	0000	249	920.625	022441972 6.71787408276124	
0.472466082668777	-57.5	920.625	2215	0000	250	920.625	022441976 6.72190513804741	
0.190213617697819	-60.5	920.625	2216	0000	251	920.625	022441977 6.72300050067247	
0.45405831321415	-57.5	920.625	2215	0000	252	920.625	022441979 6.72421668923343	
0.21475731030399	-61	920.625	2216	0000	253	920.625	022441981 6.72620238797359	
0.447922390062607	-57	920.625	2215	0000	254	920.625	022442212 6.95814816129356	
0.128854386182394	-60.5	920.625	2216	0000	255	920.625	022442215 6.96171252640235	
0.45405831321415	-57.5	920.625	2215	0000	256	920.625	022442218 6.96463877953722	
0.159534001940107	-60.5	920.625	2216	0000	257	920.625	022442220 6.96604149313671	
0.447922390062607	-57	920.625	2215	0000	258	920.625	022442221 6.96801661960748	
0.220893233455532	-60.5	920.625	2216	0000	259	920.625	022442227 6.97385175714893	
0.337475773334841	-56	920.625	2215	0000	260	920.625	022442230 6.97637701920906	
0.190213617697819	-60.5	920.625	2216	0000	261	920.625	022442232 6.97874634029568	
0.441786466911065	-57.5	920.625	2215	0000	262	920.625	022442237 6.98399849269645	
0.220893233455532	-59.5	920.625	2216	0000	263	920.625	022442240 6.98653432702597	
0.515417544729575	-57.5	920.625	2215	0000	264	920.625	022442462 7.20816118783978	
0.134990309333936	-60.5	920.625	2216	0000	265	920.625	022442465 7.21121317546418	
0.0797670009700533	-60.5	920.625	2216	0000	266	920.625	022442468 7.21421834303843	
0.47860200582032	-57.5	920.625	2215	0000	267	920.625	022442471 7.21646910367545	
0.466330159517235	-58	920.625	2215	0000	268	920.625	022442477 7.2225232382257	
0.282252464970958	-59.5	920.625	2216	0000	269	920.625	022442478 7.22398409930684	
0.435650543759522	-57.5	920.625	2215	0000	270	920.625	022442480 7.22596413433125	
0.23930100291016	-60.5	920.625	2216	0000	271	920.625	022442481 7.22729170930186	
0.484737928971863	-57.5	920.625	2215	0000	272	920.625	022442483 7.22874992731565	
0.165669925091649	-60.5	920.625	2216	0000	273	920.625	022442489 7.2347432713169	
0.196349540849362	-60.5	920.625	2216	0000	274	920.625	022442712 7.45809945333816	
0.490873852123405	-57.5	920.625	2215	0000	275	920.625	022442715 7.46104873891705	
0.141126232485479	-60.5	920.625	2216	0000	276	920.625	022442716 7.46219280949752	
0.447922390062607	-57.5	920.625	2215	0000	277	920.625	022442719 7.46480378245592	
0.45405831321415	-57	920.625	2215	0000	278	920.625	022442721 7.46726070234606	
0.159534001940107	-60	920.625	2216	0000	279	920.625	022442725 7.47115620603541	
0.141126232485479	-60.5	920.625	2216	0000	280	920.625	022442727 7.47328953896599	
0.484737928971863	-57.5	920.625	2215	0000	281	920.625	022442728 7.47464581009637	
0.435650543759522	-57.5	920.625	2215	0000	282	920.625	022442731 7.47683389227915	
0.159534001940107	-60.5	920.625	2216	0000	283	920.625	022442733 7.4788886883514	
0.472466082668777	-57	920.625	2215	0000	284	920.625	022442962 7.70827408457362	
0.190213617697819	-60.5	920.625	2216	0000	285	920.625	022442965 7.71145671524121	
0.484737928971863	-57	920.625	2215	0000	286	920.625	022442967 7.71361345819687	
0.184077694546277	-60.5	920.625	2216	0000	287	920.625	022442970 7.71613456686545	
0.472466082668777	-57.5	920.625	2215	0000	288	920.625	022442972 7.71800699129072	
0.171805848243192	-60.5	920.625	2216	0000	289	920.625	022442975 7.72112807624721	
0.466330159517235	-57.5	920.625	2215	0000	290	920.625	022442976 7.72255080164233	
0.128854386182394	-60.5	920.625	2216	0000	291	920.625	022442977 7.72390065389486	
0.490873852123405	-57.5	920.625	2215	0000	292	920.625	022442979 7.72528713150921	
0.227029156607075	-60.5	920.625	2216	0000	293	920.625	022442980 7.72663169762705	
0.472466082668777	-57.5	920.625	2215	0000	294	920.625	022442982 7.72845088312432	
0.165669925091649	-60.5	920.625	2216	0000	295	920.625	022442988 7.73409118884414	
0.0368155389092554	-60.5	920.625	2216	0000	296	920.625	022443211 7.95773659794943	
0.435650543759522	-57	920.625	2215	0000	297	920.625	022443215 7.96090034956454	
0.208621387152447	-60.5	920.625	2216	0000	298	920.625	022443218 7.96428876190419	
0.484737928971863	-57.5	920.625	2215	0000	299	920.625	022443219 7.96531351687296	
0.466330159517235	-57.5	920.625	2215	0000	300	920.625	022443220 7.96640359336333	
0.208621387152447	-60.5	920.625	2216	0000	301	920.625	022443221 7.96746686159918	
0.521553467881118	-58	920.625	2215	0000	302	920.625	022443227 7.97356970410483	
0.196349540849362	-61.5	920.625	2216	0000	303	920.625	022443230 7.97605532015475	
0.110446616727766	-60	920.625	2216	0000	304	920.625	022443462 8.20793350646683	
0.447922390062607	-57.5	920.625	2215	0000	305	920.625	022443465 8.21138573000387	
0.196349540849362	-60.5	920.625	2216	0000	306	920.625	022443467 8.21351302163766	
0.497009775274948	-57.5	920.625	2215	0000	307	920.625	022443469 8.21565352860818	
0.134990309333936	-60	920.625	2216	0000	308	920.625	022443470 8.21696033662106	
0.404970928001809	-57.5	920.625	2215	0000	309	920.625	022443475 8.22113449512505	
0.116582539879309	-60.5	920.625	2216	0000	310	920.625	022443477 8.22381456541554	
0.472466082668777	-57	920.625	2215	0000	311	920.625	022443479 8.22554464178508	
0.184077694546277	-60.5	920.625	2216	0000	312	920.625	022443481 8.22793586257258	
0.423378697456437	-57.5	920.625	2215	0000	313	920.625	022443486 8.23245059918337	
0.171805848243192	-60.5	920.625	2216	0000	314	920.625	022443711 8.45794200204045	
0.362019465941011	-57.5	920.625	2215	0000	315	920.625	022443714 8.46100758258264	
0.104310693576224	-60.5	920.625	2216	0000	316	920.625	022443718 8.46363479152618	
0.42951462060798	-57.5	920.625	2215	0000	317	920.625	022443720 8.46548644899371	
0.411106851153352	-57.5	920.625	2215	0000	318	920.625	022443724 8.46968741575223	
0.319068003880213	-60	920.625	2216	0000	319	920.625	022443726 8.47225949786251	
0.472466082668777	-57.5	920.625	2215	0000	320	920.625	022443727 8.47337071889166	
0.141126232485479	-61	920.625	2216	0000	321	920.625	022443729 8.47478664782789	
0.153398078788564	-60.5	920.625	2216	0000	322	920.625	022443731 8.47715596891451	
0.423378697456437	-56.5	920.625	2215	0000	323	920.625	022443736 8.48235752545463	
0.147262155637022	-60.5	920.625	2216	0000	324	920.625	022443961 8.70792595484584	
0.515417544729575	-57	920.625	2215	0000	325	920.625	022443965 8.71103760027609	
0.177941771394734	-60.5	920.625	2216	0000	326	920.625	022443967 8.7134745083706	
0.423378697456437	-57.5	920.625	2215	0000	327	920.625	022443969 8.71552024249765	
0.423378697456437	-57	920.625	2215	0000	328	920.625	022443971 8.71740210644916	
0.128854386182394	-60.5	920.625	2216	0000	329	920.625	022443976 8.72233520286297	
0.47860200582032	-57.5	920.625	2215	0000	330	920.625	022443977 8.72376094890649	
0.233165079758617	-61	920.625	2216	0000	331	920.625	022443979 8.72583047063967	
0.47860200582032	-58	920.625	2215	0000	332	920.625	022443981 8.72723167391496	
0.227029156607075	-60.5	920.625	2216	0000	333	920.625	022443988 8.73486560757699	
0.159534001940107	-60.5	920.625	2216	0000	334	920.625	022444212 8.95774830296197	
0.466330159517235	-57	920.625	2215	0000	335	920.625	022444215 8.96108083330627	
0.423378697456437	-57	920.625	2215	0000	336	920.625	022444218 8.96445716305234	
0.147262155637022	-60.5	920.625	2216	0000	337	920.625	022444221 8.9668891625932	
0.0245436926061703	-60.5	920.625	2216	0000	338	920.625	022444224 8.9699943891456	
0.417242774304894	-57.5	920.625	2215	0000	339	920.625	022444227 8.9729969136525	
0.184077694546277	-60.5	920.625	2216	0000	340	920.625	022444230 8.9757691137191	
0.497009775274948	-57.5	920.625	2215	0000	341	920.625	022444232 8.9780500808401	
0.362019465941011	-59	920.625	2216	0000	342	920.625	022444237 8.98359259306807	
0.490873852123405	-57.5	920.625	2215	0000	343	920.625	022444240 8.98626360141336	
0.423378697456437	-57.5	920.625	2215	0000	344	920.625	022444462 9.2077964445458	
0.171805848243192	-60.5	920.625	2216	0000	345	920.625	022444465 9.21123356484086	
0.165669925091649	-60.5	920.625	2216	0000	346	920.625	022444468 9.21330799512769	
0.42951462060798	-57.5	920.625	2215	0000	347	920.625	022444469 9.21511736351767	
0.466330159517235	-57.5	920.625	2215	0000	348	920.625	022444471 9.21648043110694	
0.159534001940107	-60.5	920.625	2216	0000	349	920.625	022444473 9.21864850149409	
0.325203927031756	-57	920.625	2215	0000	350	920.625	022444477 9.22281473079604	
0.0368155389092554	-60.5	920.625	2216	0000	351	920.625	022444479 9.22434619953346	
0.515417544729575	-57.5	920.625	2215	0000	352	920.625	022444480 9.22534452382876	
0.208621387152447	-60.5	920.625	2216	0000	353	920.625	022444481 9.22672684805157	
0.153398078788564	-61	920.625	2216	0000	354	920.625	022444722 9.46769152232372	
0.404970928001809	-57.5	920.625	2215	0000	355	920.625	022444725 9.47125550985147	
0.147262155637022	-60.5	920.625	2216	0000	356	920.625	022444727 9.47270806414951	
0.472466082668777	-57.5	920.625	2215	0000	357	920.625	022444728 9.47422745029334	
0.159534001940107	-60.5	920.625	2216	0000	358	920.625	022444730 9.47604550304746	
0.441786466911065	-57.5	920.625	2215	0000	359	920.625	022444735 9.48116021594615	
0.466330159517235	-57.5	920.625	2215	0000	360	920.625	022444738 9.4849439556448	
0.202485464000905	-60.5	920.625	2216	0000	361	920.625	022444742 9.48907809055753	
0.472466082668777	-57.5	920.625	2215	0000	362	920.625	022444751 9.4975562954466	
0.159534001940107	-60.5	920.625	2216	0000	363	920.625	022444756 9.50126036554377	
0.447922390062607	-57.5	920.625	2215	0000	364	920.625	022444962 9.70768354781196	
0.227029156607075	-61.5	920.625	2216	0000	365	920.625	022444966 9.71120864449158	
0.141126232485479	-60.5	920.625	2216	0000	366	920.625	022444968 9.7140204905684	
0.42951462060798	-57.5	920.625	2215	0000	367	920.625	022444970 9.71607604180275	
0.233165079758617	-60.5	920.625	2216	0000	368	920.625	022444972 9.71741041323225	
0.42951462060798	-57	920.625	2215	0000	369	920.625	022444975 9.72108427684545	
0.533825314184203	-57.5	920.625	2215	0000	370	920.625	022444977 9.72320817024979	
0.196349540849362	-60.5	920.625	2216	0000	371	920.625	022444979 9.72517952091006	
0.26384469551633	-60.5	920.625	2216	0000	372	920.625	022444982 9.72724300134646	
0.331339850183298	-57.5	920.625	2215	0000	373	920.625	022444984 9.72974900677305	
0.251572849213245	-60.5	920.625	2216	0000	374	920.625	022445212 9.95771243276226	
0.45405831321415	-57.5	920.625	2215	0000	375	920.625	022445216 9.96164984794811	
0.21475731030399	-60.5	920.625	2216	0000	376	920.625	022445217 9.9632198299526	
0.447922390062607	-57.5	920.625	2215	0000	377	920.625	022445219 9.96464104502352	
0.558369006790373	-57.5	920.625	2215	0000	378	920.625	022445221 9.96657690306513	
0.177941771394734	-61	920.625	2216	0000	379	920.625	022445226 9.97231613501996	
0.509281621578033	-57.5	920.625	2215	0000	380	920.625	022445230 9.97603342045387	
0.245436926061703	-60.5	920.625	2216	0000	381	920.625	022445234 9.97950490062444	
0.466330159517235	-57.5	920.625	2215	0000	382	920.625	022445239 9.98475969609257	
0.184077694546277	-61	920.625	2216	0000	383	920.625	022445242 9.98820210252232	
0.184077694546277	-61	920.625	2216	0000	384	920.625	022445461 10.207668822151	
0.45405831321415	-57.5	920.625	2215	0000	385	920.625	022445465 10.2114419895803	
0.26384469551633	-60.5	920.625	2216	0000	386	920.625	022445467 10.21354624877	
0.490873852123405	-57.5	920.625	2215	0000	387	920.625	022445469 10.215697705591	
0.45405831321415	-57.5	920.625	2215	0000	388	920.625	022445470 10.2168202540516	
0.251572849213245	-60.5	920.625	2216	0000	389	920.625	022445471 10.217849162412	
0.441786466911065	-57.5	920.625	2215	0000	390	920.625	022445476 10.2223986364793	
0.300660234425586	-60.5	920.625	2216	0000	391	920.625	022445478 10.2240905771628	
0.233165079758617	-60.5	920.625	2216	0000	392	920.625	022445480 10.226700039797	
0.441786466911065	-57.5	920.625	2215	0000	393	920.625	022445482 10.2286019155442	
0.208621387152447	-61	920.625	2216	0000	394	920.625	022445712 10.4576444681733	
0.497009775274948	-57	920.625	2215	0000	395	920.625	022445716 10.4613417418116	
0.26384469551633	-61	920.625	2216	0000	396	920.625	022445717 10.4630064966595	
0.398835004850267	-57.5	920.625	2215	0000	397	920.625	022445719 10.4651043369715	
0.42951462060798	-57.5	920.625	2215	0000	398	920.625	022445721 10.4670530327687	
0.26384469551633	-61	920.625	2216	0000	399	920.625	022445725 10.4711875452625	
0.294524311274043	-60.5	920.625	2216	0000	400	920.625	022445728 10.4732887838039	
0.447922390062607	-57	920.625	2215	0000	401	920.625	022445729 10.4743018337601	
0.337475773334841	-60	920.625	2216	0000	402	920.625	022445731 10.4768350250223	
0.490873852123405	-57.5	920.625	2215	0000	403	920.625	022445732 10.4778677091931	
0.589048622548086	-57.5	920.625	2215	0000	404	920.625	022445962 10.7078179666656	
0.257708772364788	-60.5	920.625	2216	0000	405	920.625	022445966 10.7120449865166	
0.45405831321415	-58	920.625	2215	0000	406	920.625	022445969 10.7148572101745	
0.325203927031756	-60.5	920.625	2216	0000	407	920.625	022445971 10.7171030622578	
0.116582539879309	-60.5	920.625	2216	0000	408	920.625	022445974 10.7201059643458	
0.45405831321415	-57.5	920.625	2215	0000	409	920.625	022445977 10.7228188841876	
0.533825314184203	-57.5	920.625	2215	0000	410	920.625	022445978 10.7238934798549	
0.159534001940107	-60.5	920.625	2216	0000	411	920.625	022445980 10.7262148481482	
0.509281621578033	-57	920.625	2215	0000	412	920.625	022445985 10.7314647350627	
0.300660234425586	-60.5	920.625	2216	0000	413	920.625	022445989 10.7353175720934	
0.50314569842649	-57.5	920.625	2215	0000	414	920.625	022445993 10.7395774414957	
0.147262155637022	-60.5	920.625	2216	0000	415	920.625	022446001 10.7475681892497	
0.220893233455532	-60.5	920.625	2216	0000	416	920.625	022446211 10.9572831231088	
0.411106851153352	-58	920.625	2215	0000	417	920.625	022446216 10.9618722431864	
0.220893233455532	-61	920.625	2216	0000	418	920.625	022446217 10.9629683609735	
0.50314569842649	-57.5	920.625	2215	0000	419	920.625	022446218 10.9640372929251	
0.472466082668777	-58	920.625	2215	0000	420	920.625	022446220 10.9657526436337	
0.227029156607075	-61	920.625	2216	0000	421	920.625	022446225 10.9710131028176	
0.288388388122501	-60.5	920.625	2216	0000	422	920.625	022446229 10.9749131374795	
0.484737928971863	-57.5	920.625	2215	0000	423	920.625	022446232 10.9783729126376	
0.50314569842649	-57.5	920.625	2215	0000	424	920.625	022446462 11.2078266510298	
0.233165079758617	-61	920.625	2216	0000	425	920.625	022446466 11.2120453640976	
0.269980618667873	-60.5	920.625	2216	0000	426	920.625	022446469 11.21482322788	
0.460194236365692	-57	920.625	2215	0000	427	920.625	022446470 11.2157970094071	
0.497009775274948	-57.5	920.625	2215	0000	428	920.625	022446471 11.2167587083405	
0.190213617697819	-61	920.625	2216	0000	429	920.625	022446475 11.2206417518552	
0.490873852123405	-57.5	920.625	2215	0000	430	920.625	022446478 11.2233765713979	
0.306796157577128	-60.5	920.625	2216	0000	431	920.625	022446479 11.2252327598381	
0.257708772364788	-60.5	920.625	2216	0000	432	920.625	022446480 11.2263549307177	
0.435650543759522	-58	920.625	2215	0000	433	920.625	022446485 11.2305747765287	
0.447922390062607	-57.5	920.625	2215	0000	434	920.625	022446486 11.2323040977361	
0.306796157577128	-60.5	920.625	2216	0000	435	920.625	022446489 11.2351412417432	
0.447922390062607	-57.5	920.625	2215	0000	436	920.625	022446622 11.3681177358126	
0.257708772364788	-61	920.625	2216	0000	437	920.625	022446625 11.3711047794964	
0.312932080728671	-61.5	920.625	2216	0000	438	920.625	022446632 11.3784457102639	
0.539961237335746	-58.5	920.625	2215	0000	439	920.625	022446635 11.3806575800528	
