50	-57	922750	C00000000000000000095417	0144	0	000A	110532474 8401437	
39	-58	922750	C00000000000000000095417	013E	1	000A	110532720 085974	
36	-57	922750	C00000000000000000095417	014D	2	000A	110532936 3012711	
36	-57	922750	C00000000000000000095417	014D	3	000A	110533032 3972536	
39	-57	922750	C00000000000000000095417	014D	4	000A	110533123 4887637	
33	-57	922750	C00000000000000000095417	0145	5	000B	110533217 5826047	
33	-57	922750	C00000000000000000095417	0145	6	000B	110533341 7063665	
33	-57	922750	C00000000000000000095417	0137	7	000B	110533433 798034	
33	-57	922750	C00000000000000000095417	0137	8	000B	110533526 8917324	
25	-57	922750	C00000000000000000095417	0137	9	000B	110533619 9845055	
36	-57	922750	C00000000000000000095417	0146	10	000A	110533712 0772363	
42	-57	922750	C00000000000000000095417	0146	11	000A	110533836 2009047	
28	-57	922750	C00000000000000000095417	0143	12	000A	110533928 2936566	
39	-57	922750	C00000000000000000095417	0143	13	000A	110534022 3874446	
36	-57	922750	C00000000000000000095417	0143	14	000A	110534114 479176	
36	-57	922750	C00000000000000000095417	014D	15	000A	110534331 6966814	
36	-57	922750	C00000000000000000095417	013D	16	000B	110534423 7883343	
42	-57	922750	C00000000000000000095417	013D	17	000B	110534516 8811133	
47	-57	922750	C00000000000000000095417	013D	18	000B	110534639 004852	
22	-57	922750	C00000000000000000095417	0155	19	000B	110534731 0965228	
50	-57	922750	C00000000000000000095417	0155	20	000B	110534825 1902999	
36	-57	922750	C00000000000000000095417	015A	21	000B	110534917 2820206	
33	-57	922750	C00000000000000000095417	015A	22	000B	110535011 3767338	
45	-57	922750	C00000000000000000095417	015A	23	000B	110535135 5004683	
39	-57	922750	C00000000000000000095417	0137	24	000A	110535229 5941996	
53	-57	922750	C00000000000000000095417	0145	25	0000	110535416 781659	
45	-57	922750	C00000000000000000095417	0130	26	000A	110535541 9063417	
42	-57	922750	C00000000000000000095417	0142	27	000A	110535730 0958173	
28	-57	922750	C00000000000000000095417	0142	28	000A	110535821 1865288	
47	-57	922750	C00000000000000000095417	0142	29	000A	110535912 2773612	
36	-57	922750	C00000000000000000095417	0138	30	000A	110536036 401066	
39	-57	922750	C00000000000000000095417	0138	31	000A	110536129 494778	
30	-57	922750	C00000000000000000095417	0145	32	000A	110536223 5885293	
30	-57	922750	C00000000000000000095417	0145	33	000A	110536412 7770511	
53	-58	922750	C00000000000000000095417	014C	34	000A	110536723 0882575	
28	-57	922750	C00000000000000000095417	0157	35	0000	110536942 3076634	
47	-57	922750	C00000000000000000095417	014A	36	000A	110537036 4012947	
42	-57	922750	C00000000000000000095417	014A	37	000A	110537158 5236375	
42	-57	922750	C00000000000000000095417	0142	38	000A	110537253 6183427	
50	-57	922750	C00000000000000000095417	0142	39	000A	110537343 7081306	
42	-57	922750	C00000000000000000095417	0142	40	000A	110537433 7988138	
22	-57	922750	C00000000000000000095417	0154	41	0000	110537559 9245745	
39	-57	922750	C00000000000000000095417	0154	42	0000	110537652 0172486	
45	-57	922750	C00000000000000000095417	013E	43	000A	110537840 205791	
42	-57	922750	C00000000000000000095417	012F	44	000A	110538058 4232603	
47	-57	922750	C00000000000000000095417	012F	45	000A	110538154 5189952	
42	-57	922750	C00000000000000000095417	0134	46	000A	110538246 6113565	
33	-57	922750	C00000000000000000095417	0139	47	0000	110538336 7010391	
30	-57	922750	C00000000000000000095417	0139	48	0000	110538460 8257903	
36	-57	922750	C00000000000000000095417	0142	49	000A	110538644 0093081	
30	-57	922750	C00000000000000000095417	0144	50	000A	110538860 2256571	
45	-57	922750	C00000000000000000095417	013C	51	000A	110539047 4122213	
42	-57	922750	C00000000000000000095417	013C	52	000A	110539140 5049433	
36	-57	922750	C00000000000000000095417	013C	53	000A	110539233 5986608	
25	-57	922750	C00000000000000000095417	0138	54	000A	110539354 7193295	
53	-57	922750	C00000000000000000095417	0138	55	000A	110539447 8121625	
36	-57	922750	C00000000000000000095417	0138	56	000A	110539541 9058419	
45	-57	922750	C00000000000000000095417	0138	57	000A	110539661 02653	
47	-57	922750	C00000000000000000095417	0138	58	000A	110539755 1202788	
36	-57	922750	C00000000000000000095417	013F	59	000A	110539848 2130481	
33	-57	922750	C00000000000000000095417	013F	60	000A	110539941 3067419	
45	-57	922750	C00000000000000000095417	0143	61	000A	110540034 3994916	
36	-57	922750	C00000000000000000095417	0143	62	000A	110540162 5272195	
47	-57	922750	C00000000000000000095417	0143	63	000A	110540254 6190136	
47	-57	922750	C00000000000000000095417	0138	64	000A	110540347 7127716	
36	-57	922750	C00000000000000000095417	0138	65	000A	110540441 8064414	
28	-57	922750	C00000000000000000095417	0151	66	000A	110540536 9012268	
25	-57	922750	C00000000000000000095417	0151	67	000A	110540660 0259427	
42	-57	922750	C00000000000000000095417	0151	68	000A	110540755 1205705	
45	-57	922750	C00000000000000000095417	014B	69	000A	110540846 21142	
22	-57	922750	C00000000000000000095417	014B	70	000A	110540940 305136	
36	-57	922750	C00000000000000000095417	0143	71	000A	110541161 5265899	
39	-57	922750	C00000000000000000095417	0143	72	000A	110541254 6193414	
42	-57	922750	C00000000000000000095417	014B	73	000A	110541346 7110386	
45	-57	922750	C00000000000000000095417	014B	74	000A	110541439 8048067	
39	-57	922750	C00000000000000000095417	014B	75	000A	110541531 8965308	
33	-57	922750	C00000000000000000095417	0148	76	000A	110541654 .0192538	
28	-57	922750	C00000000000000000095417	0144	77	0000	110541746 .1110388	
39	-57	922750	C00000000000000000095417	0144	78	0000	110541808 .1738189	
36	-57	922750	C00000000000000000095417	0143	79	000A	110541841 .2057813	
22	-57	922750	C00000000000000000095417	0143	80	000A	110541962 .3274116	
33	-57	922750	C00000000000000000095417	0143	81	000A	110542055 .4201164	
39	-57	922750	C00000000000000000095417	0141	82	000A	110542150 .5149796	
33	-57	922750	C00000000000000000095417	0141	83	000A	110542245 .6106346	
42	-57	922750	C00000000000000000095417	0141	84	000A	110542339 .7043915	
25	-57	922750	C00000000000000000095417	0141	85	000A	110542432 .7970899	
42	-57	922750	C00000000000000000095417	0141	86	000A	110542556 .9217657	
16	-57	922750	C00000000000000000095417	0152	87	000A	110542649 .014571	
33	-57	922750	C00000000000000000095417	0152	88	000A	110542745 .1103295	
42	-57	922750	C00000000000000000095417	0135	89	000A	110542841 .2060726	
47	-57	922750	C00000000000000000095417	0135	90	000A	110543060 .4254569	
30	-57	922750	C00000000000000000095417	0136	91	000A	110543151 .51626	
45	-57	922750	C00000000000000000095417	0136	92	000A	110543336 .7017239	
33	-57	922750	C00000000000000000095417	0138	93	0000	110543458 .8234155	
30	-57	922750	C00000000000000000095417	0138	94	0000	110543553 .9181304	
42	-57	922750	C00000000000000000095417	014D	95	000A	110543644 .0089674	
47	-57	922750	C00000000000000000095417	014D	96	000A	110543739 .1045766	
56	-57	922750	C00000000000000000095417	0135	97	000A	110543832 .19732	
50	-57	922750	C00000000000000000095417	0135	98	000A	110543958 .3230906	
39	-57	922750	C00000000000000000095417	0135	99	000A	110544052 .4168212	
42	-57	922750	C00000000000000000095417	013E	100	000A	110544146 .5115693	
39	-57	922750	C00000000000000000095417	013E	101	000A	110544237 .6023982	
33	-57	922750	C00000000000000000095417	015B	102	000A	110544363 .7279845	
33	-57	922750	C00000000000000000095417	015B	103	000A	110544458 .8237208	
33	-57	922750	C00000000000000000095417	015B	104	000A	110544552 .9175009	
39	-57	922750	C00000000000000000095417	013B	105	000A	110544648 .0132414	
42	-57	922750	C00000000000000000095417	0136	106	0000	110544738 .1029849	
33	-57	922750	C00000000000000000095417	0146	107	000A	110544832 .1977493	
36	-57	922750	C00000000000000000095417	0146	108	000A	110544959 .3243949	
39	-57	922750	C00000000000000000095417	014E	109	000A	110545147 .5119132	
33	-57	922750	C00000000000000000095417	014E	110	000A	110545239 .6046596	
45	-57	922750	C00000000000000000095417	014E	111	000A	110545333 .6983381	
50	-57	922750	C00000000000000000095417	0149	112	000A	110545458 .8230127	
39	-57	922750	C00000000000000000095417	0149	113	000A	110545551 .9158256	
39	-57	922750	C00000000000000000095417	013D	114	000A	110545646 .0115903	
36	-57	922750	C00000000000000000095417	013D	115	000A	110545833 .198037	
33	-57	922750	C00000000000000000095417	0141	116	000A	110545954 .3204178	
39	-57	922750	C00000000000000000095417	0141	117	000A	110546048 .4135439	
45	-57	922750	C00000000000000000095417	013F	118	000A	110546143 .5082322	
42	-57	922750	C00000000000000000095417	013F	119	000A	110546237 .6019385	
45	-57	922750	C00000000000000000095417	013F	120	000A	110546360 .7256412	
42	-57	922750	C00000000000000000095417	0154	121	000A	110546454 .8193495	
33	-57	922750	C00000000000000000095417	0154	122	000A	110546549 .9141585	
45	-57	922750	C00000000000000000095417	014B	123	000A	110546737 .1026777	
39	-57	922750	C00000000000000000095417	014B	124	000A	110546861 .2263072	
33	-57	922750	C00000000000000000095417	0142	125	000A	110547047 .4118632	
45	-57	922750	C00000000000000000095417	0149	126	000A	110547141 .5065993	
42	-57	922750	C00000000000000000095417	0149	127	000A	110547235 .6002852	
36	-57	922750	C00000000000000000095417	0149	128	000A	110547361 .7260203	
36	-57	922750	C00000000000000000095417	0169	129	000A	110547454 .8197716	
19	-57	922750	C00000000000000000095417	0169	130	000A	110547638 .0032623	
39	-57	922750	C00000000000000000095417	013A	131	000A	110547732 .0970815	
42	-57	922750	C00000000000000000095417	0143	132	000A	110547949 .3144281	
30	-57	922750	C00000000000000000095417	0143	133	000A	110548045 .4102276	
25	-57	922750	C00000000000000000095417	014F	134	0000	110548137 .5019098	
33	-57	922750	C00000000000000000095417	0146	135	000A	110548262 .6275308	
36	-57	922750	C00000000000000000095417	0146	136	000A	110548356 .7212999	
36	-57	922750	C00000000000000000095417	0132	137	000A	110548450 .8150528	
39	-57	922750	C00000000000000000095417	0132	138	000A	110548543 .9077847	
19	-57	922750	C00000000000000000095417	0132	139	000A	110548636 .0015387	
45	-57	922750	C00000000000000000095417	013D	140	000A	110548761 .1268793	
45	-57	922750	C00000000000000000095417	013D	141	000A	110548854 .219671	
42	-57	922750	C00000000000000000095417	0147	142	000A	110548947 .3123994	
42	-57	922750	C00000000000000000095417	0147	143	000A	110549043 .4083007	
42	-57	922750	C00000000000000000095417	0141	144	000A	110549354 .7193461	
30	-57	922750	C00000000000000000095417	013A	145	000A	110549448 .8131603	
33	-57	922750	C00000000000000000095417	013A	146	000A	110549539 .9048648	
33	-57	922750	C00000000000000000095417	0152	147	000A	110549759 .1242938	
22	-57	922750	C00000000000000000095417	0152	148	000A	110549853 .2180243	
33	-57	922750	C00000000000000000095417	0155	149	000A	110549947 .3127429	
25	-57	922750	C00000000000000000095417	0155	150	000A	110550040 .4055596	
33	-57	922750	C00000000000000000095417	0155	151	000A	110550132 .4972981	
45	-57	922750	C00000000000000000095417	0137	152	000A	110550259 .6239831	
39	-57	922750	C00000000000000000095417	0137	153	000A	110550352 .7176896	
47	-57	922750	C00000000000000000095417	013E	154	0000	110550633 .9980404	
36	-57	922750	C00000000000000000095417	014B	155	000A	110550756 .1215705	
39	-57	922750	C00000000000000000095417	0147	156	000A	110550945 .3101709	
36	-57	922750	C00000000000000000095417	0147	157	000A	110551041 .4059199	
28	-57	922750	C00000000000000000095417	0147	158	000A	110551162 .5275448	
36	-57	922750	C00000000000000000095417	013D	159	000A	110551255 .620283	
36	-57	922750	C00000000000000000095417	0133	160	000A	110551444 .809748	
30	-57	922750	C00000000000000000095417	0133	161	000A	110551538 .9035603	
39	-57	922750	C00000000000000000095417	0133	162	000A	110551662 .0273593	
25	-57	922750	C00000000000000000095417	0150	163	000A	110551754 .119047	
33	-57	922750	C00000000000000000095417	0150	164	000A	110551816 .1817631	
45	-57	922750	C00000000000000000095417	0150	165	000A	110551846 .2117405	
42	-57	922750	C00000000000000000095417	0150	166	000A	110551941 .3064916	
42	-57	922750	C00000000000000000095417	0143	167	000A	110552033 .3982686	
45	-57	922750	C00000000000000000095417	0143	168	000A	110552160 .5259184	
56	-57	922750	C00000000000000000095417	013F	169	000A	110552350 .715424	
42	-57	922750	C00000000000000000095417	0132	170	000A	110552539 .9048255	
45	-57	922750	C00000000000000000095417	0132	171	000A	110552661 .0266137	
30	-57	922750	C00000000000000000095417	0148	172	000A	110552754 .119374	
39	-57	922750	C00000000000000000095417	014B	173	000A	110553034 .3995318	
53	-57	922750	C00000000000000000095417	014B	174	000A	110553162 .5272849	
50	-57	922750	C00000000000000000095417	0120	175	000A	110553256 .6210254	
33	-57	922750	C00000000000000000095417	0120	176	000A	110553348 .7137393	
39	-57	922750	C00000000000000000095417	0120	177	000A	110553444 .8094412	
45	-57	922750	C00000000000000000095417	0141	178	000A	110553632 .996987	
30	-57	922750	C00000000000000000095417	0145	179	000A	110553939 .3045807	
36	-57	922750	C00000000000000000095417	014D	180	000A	110554254 .6188644	
45	-57	922750	C00000000000000000095417	014D	181	000A	110554346 .7115405	
42	-57	922750	C00000000000000000095417	014D	182	000A	110554439 .8042322	
42	-57	922750	C00000000000000000095417	0152	183	000A	110554533 .8980721	
25	-57	922750	C00000000000000000095417	0152	184	000A	110554654 .0197424	
42	-57	922750	C00000000000000000095417	0140	185	000A	110554842 .2067714	
39	-57	922750	C00000000000000000095417	0155	186	000A	110555241 .6068311	
33	-57	922750	C00000000000000000095417	014D	187	000A	110555334 .6995867	
47	-57	922750	C00000000000000000095417	014D	188	000A	110555458 .8232714	
45	-57	922750	C00000000000000000095417	0144	189	000A	110555550 .9155254	
45	-57	922750	C00000000000000000095417	0144	190	000A	110555643 .0082775	
33	-57	922750	C00000000000000000095417	0144	191	000A	110555733 .0980183	
28	-57	922750	C00000000000000000095417	0140	192	0000	110555949 .3145177	
36	-57	922750	C00000000000000000095417	0143	193	000A	110556041 .406192	
28	-57	922750	C00000000000000000095417	0143	194	000A	110556253 .6186308	
45	-57	922750	C00000000000000000095417	013B	195	000A	110556347 .7124337	
42	-57	922750	C00000000000000000095417	013B	196	000A	110556441 .8060493	
36	-57	922750	C00000000000000000095417	0137	197	000A	110556532 .8978455	
45	-57	922750	C00000000000000000095417	0143	198	0000	110556656 .0215466	
42	-57	922750	C00000000000000000095417	0143	199	0000	110556746 .1112832	
