157	-54	922750	C00000000000000000095417	0191	0	000B	115509264 8646619	
163	-55	922750	C00000000000000000095417	019A	1	0000	115509601 2008725	
171	-55	922750	C00000000000000000095417	019F	2	0000	115509908 508083	
160	-55	922750	C00000000000000000095417	019D	3	0000	115509998 5978217	
163	-55	922750	C00000000000000000095417	019D	4	0000	115510092 6926432	
165	-54	922750	C00000000000000000095417	01BD	5	0000	115510407 0076988	
160	-55	922750	C00000000000000000095417	01AC	6	000A	115510500 1005366	
163	-55	922750	C00000000000000000095417	01A4	7	0000	115510809 4096316	
160	-55	922750	C00000000000000000095417	01A4	8	0000	115510901 5014694	
157	-54	922750	C00000000000000000095417	01A7	9	0000	115511211 8116349	
168	-55	922750	C00000000000000000095417	01A9	10	000A	115511801 4017412	
165	-55	922750	C00000000000000000095417	019D	11	0000	115511894 4944751	
165	-55	922750	C00000000000000000095417	019B	12	000A	115512391 9917232	
154	-54	922750	C00000000000000000095417	01A9	13	000A	115512511 1114905	
154	-54	922750	C00000000000000000095417	01B1	14	000A	115512697 2969894	
160	-55	922750	C00000000000000000095417	01B1	15	000A	115512788 3887688	
154	-55	922750	C00000000000000000095417	019A	16	000A	115513195 7957201	
165	-55	922750	C00000000000000000095417	019C	17	000A	115513289 8895001	
163	-55	922750	C00000000000000000095417	018D	18	0000	115513383 9831605	
163	-55	922750	C00000000000000000095417	018D	19	0000	115513508 1078635	
171	-55	922750	C00000000000000000095417	018D	20	0000	115513538 1387822	
163	-55	922750	C00000000000000000095417	018D	21	0000	115513662 2624411	
165	-54	922750	C00000000000000000095417	01A5	22	0000	115514068 6683731	
154	-54	922750	C00000000000000000095417	01A5	23	0000	115514163 7631016	
168	-55	922750	C00000000000000000095417	019B	24	000A	115514284 8847905	
168	-54	922750	C00000000000000000095417	01A5	25	0000	115514471 071286	
168	-54	922750	C00000000000000000095417	01B8	26	000A	115514566 1660186	
157	-54	922750	C00000000000000000095417	01B8	27	000A	115514658 2587528	
163	-54	922750	C00000000000000000095417	01B1	28	000A	115514874 4742507	
157	-54	922750	C00000000000000000095417	01A4	29	000A	115515261 8611133	
160	-54	922750	C00000000000000000095417	01A4	30	000A	115515479 0795354	
165	-54	922750	C00000000000000000095417	01AE	31	000A	115515572 1723644	
165	-55	922750	C00000000000000000095417	019D	32	000A	115515762 3618527	
154	-55	922750	C00000000000000000095417	0194	33	0000	115515980 580259	
160	-55	922750	C00000000000000000095417	0193	34	0000	115516164 7647445	
163	-54	922750	C00000000000000000095417	01A1	35	000A	115516260 8605476	
168	-54	922750	C00000000000000000095417	01AC	36	000A	115516572 1726334	
163	-55	922750	C00000000000000000095417	0188	37	0000	115516667 2674266	
165	-55	922750	C00000000000000000095417	0188	38	0000	115516761 3611957	
160	-54	922750	C00000000000000000095417	01A3	39	0000	115517068 6683745	
160	-54	922750	C00000000000000000095417	01A3	40	0000	115517255 854886	
168	-55	922750	C00000000000000000095417	0199	41	000A	115517563 1630389	
171	-55	922750	C00000000000000000095417	0197	42	0000	115517778 3785414	
171	-55	922750	C00000000000000000095417	0193	43	000A	115517967 5669931	
157	-54	922750	C00000000000000000095417	01A5	44	0000	115518182 7824088	
154	-54	922750	C00000000000000000095417	01A5	45	0000	115518276 8761587	
160	-55	922750	C00000000000000000095417	018D	46	0000	115518368 9688874	
160	-55	922750	C00000000000000000095417	018D	47	0000	115518461 .06163	
163	-54	922750	C00000000000000000095417	01A2	48	000A	115518557 .1573693	
160	-55	922750	C00000000000000000095417	019E	49	0000	115518777 .3768222	
160	-55	922750	C00000000000000000095417	0196	50	000A	115518963 .5633747	
154	-54	922750	C00000000000000000095417	01B5	51	000A	115519084 .6844558	
160	-54	922750	C00000000000000000095417	01B1	52	0000	115519359 .9598518	
171	-55	922750	C00000000000000000095417	01AA	53	000A	115519669 .2690378	
154	-55	922750	C00000000000000000095417	01AE	54	000A	115519853 .4535732	
165	-54	922750	C00000000000000000095417	01A0	55	000A	115520069 .6689681	
154	-54	922750	C00000000000000000095417	01A0	56	000A	115520161 .7617404	
174	-55	922750	C00000000000000000095417	019D	57	000B	115520373 .9731566	
163	-54	922750	C00000000000000000095417	01A0	58	0000	115520467 .0668736	
163	-54	922750	C00000000000000000095417	0196	59	000B	115520872 .4728407	
160	-55	922750	C00000000000000000095417	0196	60	000B	115520965 .5655123	
163	-55	922750	C00000000000000000095417	0192	61	000A	115521278 .8787566	
157	-55	922750	C00000000000000000095417	01B1	62	000A	115521373 .9734961	
160	-54	922750	C00000000000000000095417	01A5	63	0000	115521464 .0642757	
160	-54	922750	C00000000000000000095417	01A5	64	0000	115521556 .156	
165	-55	922750	C00000000000000000095417	019C	65	0000	115521681 .281617	
157	-55	922750	C00000000000000000095417	0191	66	0000	115521964 .5638768	
168	-54	922750	C00000000000000000095417	01A6	67	000A	115522181 .7813165	
165	-54	922750	C00000000000000000095417	01A1	68	000B	115522365 .9648431	
163	-54	922750	C00000000000000000095417	01A4	69	0000	115522861 .4615453	
168	-55	922750	C00000000000000000095417	018E	70	0000	115522956 .5562644	
163	-55	922750	C00000000000000000095417	0197	71	000A	115523354 .9542157	
160	-55	922750	C00000000000000000095417	0197	72	000A	115523478 .0778842	
163	-54	922750	C00000000000000000095417	01BA	73	000A	115523665 .2654001	
177	-54	922750	C00000000000000000095417	018D	74	0000	115523790 .3901507	
157	-54	922750	C00000000000000000095417	018D	75	0000	115523883 .4838524	
163	-55	922750	C00000000000000000095417	019B	76	0000	115523977 .5775721	
154	-55	922750	C00000000000000000095417	0199	77	000A	115524387 .9874666	
151	-55	922750	C00000000000000000095417	0199	78	000A	115524482 .0822757	
154	-54	922750	C00000000000000000095417	01A1	79	0000	115524668 .2687403	
160	-54	922750	C00000000000000000095417	01B1	80	0000	115524980 .5800267	
165	-54	922750	C00000000000000000095417	01A6	81	000B	115525164 .7646518	
151	-54	922750	C00000000000000000095417	01AD	82	0000	115525385 .9857168	
157	-54	922750	C00000000000000000095417	01A6	83	0000	115525575 .1749244	
154	-55	922750	C00000000000000000095417	0196	84	0000	115525666 .2666473	
165	-54	922750	C00000000000000000095417	01A6	85	0000	115525974 .5747796	
165	-54	922750	C00000000000000000095417	01A6	86	0000	115526068 .6685688	
157	-54	922750	C00000000000000000095417	01B7	87	000A	115526164 .7643792	
157	-55	922750	C00000000000000000095417	01B7	88	000A	115526288 .8880642	
163	-54	922750	C00000000000000000095417	01B4	89	0000	115526566 .1660087	
174	-54	922750	C00000000000000000095417	01AF	90	0000	115526783 .383472	
157	-54	922750	C00000000000000000095417	01A8	91	000A	115527064 .6647376	
163	-55	922750	C00000000000000000095417	01A7	92	000A	115527192 .7922994	
163	-54	922750	C00000000000000000095417	01AC	93	0000	115527286 .8860289	
163	-54	922750	C00000000000000000095417	01AC	94	0000	115527379 .9798202	
151	-55	922750	C00000000000000000095417	019D	95	0000	115527784 .3847838	
163	-55	922750	C00000000000000000095417	019D	96	0000	115527877 .4775156	
160	-55	922750	C00000000000000000095417	01A5	97	000A	115528190 .7907322	
160	-54	922750	C00000000000000000095417	01B4	98	000A	115528470 .0699149	
163	-55	922750	C00000000000000000095417	01AB	99	000A	115528779 .3789889	
168	-55	922750	C00000000000000000095417	01A7	100	000A	115528964 .5645788	
160	-54	922750	C00000000000000000095417	01AF	101	0000	115529089 .6892104	
154	-54	922750	C00000000000000000095417	01AD	102	0000	115529687 .2877768	
163	-54	922750	C00000000000000000095417	01AA	103	0000	115529781 .3815243	
154	-55	922750	C00000000000000000095417	019D	104	000A	115530183 .7834042	
160	-54	922750	C00000000000000000095417	01A9	105	000A	115530373 .9729886	
154	-55	922750	C00000000000000000095417	018E	106	0000	115530773 .372842	
165	-54	922750	C00000000000000000095417	019B	107	0000	115530895 .495615	
168	-54	922750	C00000000000000000095417	01A4	108	000B	115531085 .6850874	
165	-54	922750	C00000000000000000095417	01A4	109	000B	115531177 .7777794	
151	-54	922750	C00000000000000000095417	01BC	110	000A	115531272 .8725674	
168	-54	922750	C00000000000000000095417	01A7	111	000A	115531492 .0919676	
165	-54	922750	C00000000000000000095417	01A7	112	000A	115531585 .1857112	
160	-54	922750	C00000000000000000095417	01A7	113	000A	115531679 .2794499	
165	-54	922750	C00000000000000000095417	01AB	114	0000	115531865 .4648747	
157	-54	922750	C00000000000000000095417	01A1	115	000A	115531989 .5896052	
163	-55	922750	C00000000000000000095417	019E	116	0000	115532174 .7741404	
151	-55	922750	C00000000000000000095417	018A	117	000A	115532269 .8695729	
163	-54	922750	C00000000000000000095417	0184	118	0000	115532395 .9953404	
160	-55	922750	C00000000000000000095417	018D	119	0000	115532673 .2730077	
160	-55	922750	C00000000000000000095417	0193	120	0000	115532980 .5801079	
163	-54	922750	C00000000000000000095417	01BD	121	000A	115533072 .672485	
163	-55	922750	C00000000000000000095417	01A1	122	000A	115533292 .8920358	
160	-54	922750	C00000000000000000095417	01A8	123	000B	115533544 .1438694	
163	-54	922750	C00000000000000000095417	01AF	124	000B	115533764 .3640093	
157	-54	922750	C00000000000000000095417	01AF	125	000B	115533891 .4918221	
160	-54	922750	C00000000000000000095417	01AF	126	000B	115533983 .5834893	
157	-55	922750	C00000000000000000095417	019E	127	000A	115534076 .6762778	
149	-54	922750	C00000000000000000095417	01B7	128	0000	115534389 .98938	
163	-54	922750	C00000000000000000095417	01B7	129	0000	115534480 .0807756	
165	-54	922750	C00000000000000000095417	01A2	130	0000	115534667 .2673532	
154	-54	922750	C00000000000000000095417	01A9	131	000A	115535072 .6722713	
160	-54	922750	C00000000000000000095417	01A6	132	0000	115535166 .766052	
163	-55	922750	C00000000000000000095417	01A5	133	000A	115535290 .8907161	
177	-54	922750	C00000000000000000095417	01A7	134	0000	115535383 .983426	
165	-54	922750	C00000000000000000095417	01A1	135	000A	115535573 .1729119	
160	-55	922750	C00000000000000000095417	01A1	136	000A	115535666 .2666092	
160	-55	922750	C00000000000000000095417	019C	137	000A	115535884 .4840946	
163	-55	922750	C00000000000000000095417	019E	138	0000	115536387 .9877273	
171	-55	922750	C00000000000000000095417	019E	139	0000	115536480 .0804369	
160	-54	922750	C00000000000000000095417	01A0	140	000A	115536793 .3938037	
165	-55	922750	C00000000000000000095417	0196	141	000A	115536887 .487446	
165	-55	922750	C00000000000000000095417	0196	142	000A	115536979 .5792224	
154	-54	922750	C00000000000000000095417	01B6	143	0000	115537290 .8904028	
163	-54	922750	C00000000000000000095417	01B0	144	000A	115537384 .984123	
154	-54	922750	C00000000000000000095417	01B0	145	000A	115537476 .0758607	
157	-54	922750	C00000000000000000095417	01B9	146	000A	115537570 .1706392	
157	-54	922750	C00000000000000000095417	01B9	147	000A	115537666 .2663941	
168	-55	922750	C00000000000000000095417	019D	148	000A	115537883 .4837264	
163	-55	922750	C00000000000000000095417	019D	149	000A	115537977 .5775539	
168	-54	922750	C00000000000000000095417	01AC	150	000A	115538165 .765035	
157	-54	922750	C00000000000000000095417	01AE	151	000A	115538381 .9814686	
165	-54	922750	C00000000000000000095417	01AE	152	000A	115538473 .0732309	
160	-54	922750	C00000000000000000095417	01AE	153	000A	115538533 .1330537	
157	-55	922750	C00000000000000000095417	01A5	154	000A	115538776 .37638	
160	-54	922750	C00000000000000000095417	01A5	155	000A	115538994 .5938508	
163	-54	922750	C00000000000000000095417	01A9	156	000A	115539088 .6882081	
157	-54	922750	C00000000000000000095417	019F	157	0000	115539270 .8707232	
165	-54	922750	C00000000000000000095417	01AF	158	000A	115539365 .9654894	
154	-54	922750	C00000000000000000095417	01A1	159	0000	115539488 .0881441	
157	-54	922750	C00000000000000000095417	01A4	160	000A	115539581 .1809682	
154	-54	922750	C00000000000000000095417	01A4	161	000A	115539674 .274685	
154	-54	922750	C00000000000000000095417	01B5	162	000A	115539892 .4927495	
154	-54	922750	C00000000000000000095417	01B5	163	000A	115539984 .5844951	
160	-54	922750	C00000000000000000095417	01AC	164	000A	115540078 .6782054	
160	-54	922750	C00000000000000000095417	01AC	165	000A	115540265 .8653446	
163	-55	922750	C00000000000000000095417	01AC	166	000A	115540391 .9911916	
168	-54	922750	C00000000000000000095417	01AF	167	0000	115540575 .1754935	
157	-54	922750	C00000000000000000095417	01A0	168	0000	115540668 .267936	
151	-54	922750	C00000000000000000095417	01A0	169	0000	115540792 .392614	
149	-54	922750	C00000000000000000095417	01AD	170	0000	115540977 .5770871	
163	-54	922750	C00000000000000000095417	01AD	171	0000	115541068 .6688086	
157	-54	922750	C00000000000000000095417	01B6	172	000A	115541194 .7940138	
154	-54	922750	C00000000000000000095417	01B1	173	000A	115541487 .0876693	
157	-54	922750	C00000000000000000095417	01B1	174	000A	115541583 .1830213	
149	-54	922750	C00000000000000000095417	01B2	175	000A	115541866 .4662365	
160	-54	922750	C00000000000000000095417	01B4	176	0000	115541992 .5919095	
157	-54	922750	C00000000000000000095417	01AD	177	0000	115542181 .7813903	
163	-54	922750	C00000000000000000095417	01AD	178	0000	115542276 .8760877	
160	-54	922750	C00000000000000000095417	01A6	179	000A	115542492 .0925804	
163	-54	922750	C00000000000000000095417	01A3	180	000A	115542681 .2811064	
160	-55	922750	C00000000000000000095417	01A3	181	000A	115542774 .374781	
157	-55	922750	C00000000000000000095417	01AC	182	000A	115543091 .6910243	
165	-55	922750	C00000000000000000095417	019A	183	0000	115543276 .8763845	
163	-55	922750	C00000000000000000095417	0197	184	000A	115543494 .0938555	
165	-55	922750	C00000000000000000095417	019D	185	000A	115543775 .3751402	
163	-55	922750	C00000000000000000095417	01A4	186	0000	115544178 .7780512	
160	-55	922750	C00000000000000000095417	01A4	187	0000	115544301 .9017393	
160	-55	922750	C00000000000000000095417	0195	188	000A	115544395 .9954729	
151	-55	922750	C00000000000000000095417	01A7	189	0000	115544799 .399423	
154	-55	922750	C00000000000000000095417	01C2	190	0000	115545302 .9020645	
157	-55	922750	C00000000000000000095417	01C2	191	0000	115545398 .9978593	
160	-54	922750	C00000000000000000095417	01A3	192	0000	115545998 .5982253	
160	-54	922750	C00000000000000000095417	01A3	193	0000	115546088 .6879272	
168	-55	922750	C00000000000000000095417	019E	194	0000	115546397 .9971524	
157	-55	922750	C00000000000000000095417	01A1	195	0000	115546491 .0908993	
157	-55	922750	C00000000000000000095417	01A1	196	0000	115546682 .2823981	
160	-54	922750	C00000000000000000095417	01AF	197	000A	115546774 .374096	
151	-55	922750	C00000000000000000095417	01AF	198	000A	115546897 .4967934	
163	-55	922750	C00000000000000000095417	019E	199	000A	115546988 .588089	
