5.34438906499357	-66.5	920.625	2216	0000	0	920.625	091108425 0.59656597586955	
4.89953463650674	-62.5	920.625	2215	0000	1	920.625	091108427 0.598103108322717	
1.76714586764426	-62.5	920.625	2215	0000	2	920.625	091108428 0.598438400294815	
2.18438864194915	-67	920.625	2216	0000	3	920.625	091108428 0.598702329448528	
1.730330328735	-61.5	920.625	2215	0000	4	920.625	091108428 0.598935296956168	
2.21506825770687	-67	920.625	2216	0000	5	920.625	091108428 0.599124465062048	
2.11075756413064	-65.5	920.625	2216	0000	6	920.625	091108429 0.599882270228716	
1.73646625188655	-61.5	920.625	2215	0000	7	920.625	091108431 0.602379968872218	
1.74873809818963	-61.5	920.625	2215	0000	8	920.625	091108643 0.814850111650716	
2.28256341237383	-66	920.625	2216	0000	9	920.625	091108648 0.819990500060791	
2.03099056316059	-64	920.625	2216	0000	10	920.625	091108658 0.829093601587049	
1.70578663612883	-61.5	920.625	2215	0000	11	920.625	091108661 0.832875830961495	
2.19666048825224	-65	920.625	2216	0000	12	920.625	091108664 0.83579226698907	
1.69965071297729	-62	920.625	2215	0000	13	920.625	091108671 0.842936478029692	
1.05537878206532	-60.5	920.625	2215	0000	14	920.625	091108675 0.846336217800832	
2.1046216409791	-65.5	920.625	2216	0000	15	920.625	091108680 0.851913467485363	
1.7732817907958	-62	920.625	2215	0000	16	920.625	091108685 0.856218646613589	
2.11075756413064	-65	920.625	2216	0000	17	920.625	091108687 0.859092038401503	
2.04326240946367	-65.5	920.625	2216	0000	18	920.625	091108695 0.866297417572169	
1.76100994449272	-61.5	920.625	2215	0000	19	920.625	091108699 0.870186502383669	
1.76714586764426	-61.5	920.625	2215	0000	20	920.625	091108884 1.05469072713803	
2.04939833261522	-65.5	920.625	2216	0000	21	920.625	091108894 1.06546273690379	
1.79168956025043	-61.5	920.625	2215	0000	22	920.625	091108900 1.07148817529427	
2.33165079758617	-66	920.625	2216	0000	23	920.625	091108907 1.07828010321556	
1.76714586764426	-61.5	920.625	2215	0000	24	920.625	091108911 1.08219108772794	
2.13530125673681	-65.5	920.625	2216	0000	25	920.625	091108920 1.09105102705821	
5.28302983347815	-67	920.625	2216	0000	26	920.625	091108926 1.09755901403016	
4.92714629068868	-62.5	920.625	2215	0000	27	920.625	091108930 1.10137635844222	
5.33211721869049	-67	920.625	2216	0000	28	920.625	091109133 1.30470903981894	
4.98236959905256	-62.5	920.625	2215	0000	29	920.625	091109138 1.31005067892849	
1.81009732970506	-62.5	920.625	2215	0000	30	920.625	091109142 1.31346627710371	
2.18438864194915	-67	920.625	2216	0000	31	920.625	091109147 1.31916321998099	
4.95782590644639	-62.5	920.625	2215	0000	32	920.625	091109153 1.32524680585311	
5.3198453723874	-67	920.625	2216	0000	33	920.625	091109161 1.33241027352726	
1.83464102231123	-61.5	920.625	2215	0000	34	920.625	091109165 1.33549397795984	
2.12302941043373	-66	920.625	2216	0000	35	920.625	091109172 1.34248979964794	
1.7732817907958	-62	920.625	2215	0000	36	920.625	091109383 1.55464050885843	
2.37460225964697	-66	920.625	2216	0000	37	920.625	091109393 1.56426693771952	
1.730330328735	-61.5	920.625	2215	0000	38	920.625	091109404 1.57521338993022	
2.13530125673681	-66.5	920.625	2216	0000	39	920.625	091109409 1.5805659788902	
1.7732817907958	-61.5	920.625	2215	0000	40	920.625	091109416 1.5879593934236	
2.17211679564607	-66.5	920.625	2216	0000	41	920.625	091109424 1.59549666633691	
1.66283517406803	-62	920.625	2215	0000	42	920.625	091109427 1.59900099605881	
2.33778672073772	-65.5	920.625	2216	0000	43	920.625	091109431 1.60280965610673	
2.1905245651007	-67.5	920.625	2216	0000	44	920.625	091109438 1.60988174916687	
1.82236917600814	-62	920.625	2215	0000	45	920.625	091109442 1.6140736539802	
2.19666048825224	-66	920.625	2216	0000	46	920.625	091109450 1.62206968786885	
2.17825271879761	-65.5	920.625	2216	0000	47	920.625	091109634 1.80464900443205	
1.73646625188655	-62	920.625	2215	0000	48	920.625	091109637 1.80858679719895	
1.77941771394734	-61.5	920.625	2215	0000	49	920.625	091109639 1.81028628950347	
2.22120418085841	-65	920.625	2216	0000	50	920.625	091109641 1.81221308559989	
2.15984494934298	-66.5	920.625	2216	0000	51	920.625	091109642 1.81318271373542	
1.73646625188655	-61.5	920.625	2215	0000	52	920.625	091109643 1.81372567528483	
1.84077694546277	-61.5	920.625	2215	0000	53	920.625	091109650 1.82142568563055	
2.17211679564607	-65.5	920.625	2216	0000	54	920.625	091109655 1.82606426882562	
2.13530125673681	-66	920.625	2216	0000	55	920.625	091109659 1.83056163670813	
1.78555363709889	-61.5	920.625	2215	0000	56	920.625	091109664 1.83477393089814	
1.78555363709889	-62	920.625	2215	0000	57	920.625	091109884 2.05465598968147	
2.22734010400995	-67	920.625	2216	0000	58	920.625	091109887 2.05783031356596	
1.78555363709889	-62.5	920.625	2215	0000	59	920.625	091109888 2.05874594761138	
1.96963133164516	-65.5	920.625	2216	0000	60	920.625	091109889 2.05965667310317	
2.18438864194915	-65	920.625	2216	0000	61	920.625	091109891 2.06153325091998	
1.88986433067511	-62	920.625	2215	0000	62	920.625	091109892 2.06288197042936	
2.17825271879761	-65.5	920.625	2216	0000	63	920.625	091109893 2.06403925634657	
1.76100994449272	-61.5	920.625	2215	0000	64	920.625	091109897 2.06776333823937	
5.08668029262879	-61.5	920.625	2215	0000	65	920.625	091109901 2.07210891853991	
4.80442782765783	-60	920.625	2215	0000	66	920.625	091110133 2.30460633777343	
1.74260217503809	-62	920.625	2215	0000	67	920.625	091110137 2.30817712176007	
2.13530125673681	-65.5	920.625	2216	0000	68	920.625	091110139 2.31052378798371	
1.79782548340197	-62	920.625	2215	0000	69	920.625	091110140 2.31184645440067	
2.33165079758617	-65.5	920.625	2216	0000	70	920.625	091110142 2.31385669590906	
2.20893233455532	-65	920.625	2216	0000	71	920.625	091110383 2.55466882743715	
1.76714586764426	-61	920.625	2215	0000	72	920.625	091110387 2.55807913947768	
1.76100994449272	-62	920.625	2215	0000	73	920.625	091110389 2.5601762246275	
2.13530125673681	-66	920.625	2216	0000	74	920.625	091110391 2.56216532159711	
1.69351478982575	-61.5	920.625	2215	0000	75	920.625	091110393 2.56393428881477	
2.22734010400995	-66.5	920.625	2216	0000	76	920.625	091110396 2.56770103736618	
1.7732817907958	-62	920.625	2215	0000	77	920.625	091110400 2.57182233452322	
2.15984494934298	-65.5	920.625	2216	0000	78	920.625	091110402 2.57329225754954	
2.1475731030399	-65.5	920.625	2216	0000	79	920.625	091110633 2.80450967702472	
1.79782548340197	-61.5	920.625	2215	0000	80	920.625	091110637 2.80779840796726	
2.1905245651007	-65.5	920.625	2216	0000	81	920.625	091110638 2.80935744012131	
1.84077694546277	-62	920.625	2215	0000	82	920.625	091110639 2.81056947529072	
1.73646625188655	-61.5	920.625	2215	0000	83	920.625	091110641 2.81202580539926	
2.16598087249453	-65	920.625	2216	0000	84	920.625	091110642 2.81336130957191	
2.22734010400995	-66	920.625	2216	0000	85	920.625	091110647 2.81818528506236	
1.82850509915968	-61.5	920.625	2215	0000	86	920.625	091110650 2.82143927854834	
2.23961195031304	-65.5	920.625	2216	0000	87	920.625	091110651 2.82223370907682	
1.68737886667421	-62	920.625	2215	0000	88	920.625	091110652 2.82336834013105	
2.20279641140378	-67	920.625	2216	0000	89	920.625	091110883 3.05440716376974	
1.84691286861431	-62.5	920.625	2215	0000	90	920.625	091110887 3.05839970578885	
1.82850509915968	-62.5	920.625	2215	0000	91	920.625	091110888 3.06009051372922	
2.21506825770687	-67	920.625	2216	0000	92	920.625	091110891 3.06225631863008	
2.23961195031304	-67	920.625	2216	0000	93	920.625	091110892 3.06354991130621	
1.82236917600814	-62.5	920.625	2215	0000	94	920.625	091110894 3.06539854812535	
1.74260217503809	-62	920.625	2215	0000	95	920.625	091111133 3.30451987171306	
2.25188379661612	-67.5	920.625	2216	0000	96	920.625	091111137 3.30778254956318	
1.81009732970506	-62	920.625	2215	0000	97	920.625	091111139 3.30988076745614	
2.30097118182846	-67.5	920.625	2216	0000	98	920.625	091111141 3.31195784081032	
1.63829148146186	-60.5	920.625	2215	0000	99	920.625	091111142 3.31289839520502	
2.26415564291921	-66.5	920.625	2216	0000	100	920.625	091111148 3.31905560938183	
2.09234979467601	-66	920.625	2216	0000	101	920.625	091111149 3.32062332590002	
1.84077694546277	-61.5	920.625	2215	0000	102	920.625	091111152 3.32324638145201	
2.25801971976766	-67.5	920.625	2216	0000	103	920.625	091111154 3.3250323398169	
1.80396140655351	-61.5	920.625	2215	0000	104	920.625	091111383 3.5545072227479	
2.28869933552538	-67.5	920.625	2216	0000	105	920.625	091111387 3.55800022503831	
2.05553425576676	-61	920.625	2215	0000	106	920.625	091111388 3.55965629552212	
2.24574787346458	-67.5	920.625	2216	0000	107	920.625	091111390 3.5612247672024	
2.18438864194915	-61.5	920.625	2215	0000	108	920.625	091111391 3.56211208266911	
2.29483525867692	-67.5	920.625	2216	0000	109	920.625	091111392 3.56326899100526	
1.77941771394734	-61.5	920.625	2215	0000	110	920.625	091111623 3.79445771432067	
2.29483525867692	-67.5	920.625	2216	0000	111	920.625	091111626 3.79755312376578	
1.8162332528566	-62	920.625	2215	0000	112	920.625	091111628 3.79956412043627	
2.30710710498	-67.5	920.625	2216	0000	113	920.625	091111631 3.80198668045089	
1.8591847149174	-62	920.625	2215	0000	114	920.625	091111633 3.8036503025557	
2.29483525867692	-67.5	920.625	2216	0000	115	920.625	091111636 3.80754052011034	
1.90827210012974	-61.5	920.625	2215	0000	116	920.625	091111638 3.80939217757788	
2.25188379661612	-67.5	920.625	2216	0000	117	920.625	091111640 3.81088475546718	
1.84691286861431	-61.5	920.625	2215	0000	118	920.625	091111883 4.0543391991808	
2.28869933552538	-67.5	920.625	2216	0000	119	920.625	091111885 4.05708308066868	
1.90827210012974	-62	920.625	2215	0000	120	920.625	091111887 4.05871083257377	
2.33778672073772	-67.5	920.625	2216	0000	121	920.625	091111889 4.0612262775266	
1.91440802328128	-62	920.625	2215	0000	122	920.625	091111892 4.06309681404662	
2.26415564291921	-67.5	920.625	2216	0000	123	920.625	091111894 4.06439116188485	
1.89600025382665	-61.5	920.625	2215	0000	124	920.625	091111900 4.07136772693943	
2.28256341237383	-67.5	920.625	2216	0000	125	920.625	091111902 4.07315897143901	
1.78555363709889	-61.5	920.625	2215	0000	126	920.625	091112132 4.3042510340057	
2.23961195031304	-67.5	920.625	2216	0000	127	920.625	091112136 4.3081454049519	
1.76100994449272	-61.5	920.625	2215	0000	128	920.625	091112139 4.3106506552164	
5.34438906499357	-67	920.625	2216	0000	129	920.625	091112141 4.31327975206518	
1.90827210012974	-61.5	920.625	2215	0000	130	920.625	091112148 4.31885133803397	
2.28869933552538	-67.5	920.625	2216	0000	131	920.625	091112151 4.32195052328958	
1.87145656122048	-61.5	920.625	2215	0000	132	920.625	091112152 4.32248404531275	
2.31324302813155	-67.5	920.625	2216	0000	133	920.625	091112154 4.32469629268271	
1.8162332528566	-62.5	920.625	2215	0000	134	920.625	091112383 4.55435090419334	
2.27642748922229	-67.5	920.625	2216	0000	135	920.625	091112385 4.55703399513223	
1.60761186570415	-60	920.625	2215	0000	136	920.625	091112387 4.55824603030163	
2.31937895128309	-67	920.625	2216	0000	137	920.625	091112388 4.55969782943758	
1.8162332528566	-61.5	920.625	2215	0000	138	920.625	091112389 4.56102125101664	
2.28256341237383	-67.5	920.625	2216	0000	139	920.625	091112391 4.56303149252503	
1.78555363709889	-62	920.625	2215	0000	140	920.625	091112397 4.56843429976462	
2.28256341237383	-67.5	920.625	2216	0000	141	920.625	091112399 4.57087196302122	
1.86532063806894	-61.5	920.625	2215	0000	142	920.625	091112633 4.80425820804565	
2.28256341237383	-67.5	920.625	2216	0000	143	920.625	091112636 4.80820921614929	
1.82236917600814	-61.5	920.625	2215	0000	144	920.625	091112638 4.80965270850214	
2.25801971976766	-67.5	920.625	2216	0000	145	920.625	091112640 4.81163916240441	
1.82850509915968	-61.5	920.625	2215	0000	146	920.625	091112642 4.81378080211808	
2.33778672073772	-67	920.625	2216	0000	147	920.625	091112643 4.81471229456759	
1.8591847149174	-62	920.625	2215	0000	148	920.625	091112648 4.8201524823311	
2.33778672073772	-67.5	920.625	2216	0000	149	920.625	091112650 4.82184555575777	
1.77941771394734	-62	920.625	2215	0000	150	920.625	091112883 5.05431427883152	
2.31937895128309	-67.5	920.625	2216	0000	151	920.625	091112887 5.05782578259336	
1.85304879176585	-61.5	920.625	2215	0000	152	920.625	091112888 5.05941200058299	
2.30097118182846	-67	920.625	2216	0000	153	920.625	091112890 5.06131274358698	
1.82850509915968	-62.5	920.625	2215	0000	154	920.625	091112891 5.06271092621387	
2.27642748922229	-67.5	920.625	2216	0000	155	920.625	091112897 5.0681201523313	
1.93281579273591	-62.5	920.625	2215	0000	156	920.625	091112899 5.07049589229576	
2.28869933552538	-67.5	920.625	2216	0000	157	920.625	091112901 5.07222106011166	
1.86532063806894	-61.5	920.625	2215	0000	158	920.625	091113132 5.30427595435498	
2.22734010400995	-67.5	920.625	2216	0000	159	920.625	091113135 5.30693601284984	
1.87145656122048	-61.5	920.625	2215	0000	160	920.625	091113137 5.30906179415943	
2.26415564291921	-67.5	920.625	2216	0000	161	920.625	091113140 5.31150247806443	
1.82850509915968	-61.5	920.625	2215	0000	162	920.625	091113142 5.31351989361276	
2.31324302813155	-67.5	920.625	2216	0000	163	920.625	091113146 5.31784999309027	
1.82236917600814	-61.5	920.625	2215	0000	164	920.625	091113383 5.55418514611254	
2.25801971976766	-67.5	920.625	2216	0000	165	920.625	091113386 5.55680253794878	
2.24574787346458	-67.5	920.625	2216	0000	166	920.625	091113387 5.55782313952601	
1.82850509915968	-62.5	920.625	2215	0000	167	920.625	091113388 5.55883203609071	
1.96963133164516	-61.5	920.625	2215	0000	168	920.625	091113389 5.56013959926568	
2.30097118182846	-67.5	920.625	2216	0000	169	920.625	091113390 5.56113339258839	
1.79782548340197	-62	920.625	2215	0000	170	920.625	091113391 5.56210943960176	
2.30097118182846	-67.5	920.625	2216	0000	171	920.625	091113392 5.56298618279907	
2.20893233455532	-65.5	920.625	2216	0000	172	920.625	091113632 5.80410226707214	
1.90827210012974	-62	920.625	2215	0000	173	920.625	091113635 5.80724676205371	
1.730330328735	-61	920.625	2215	0000	174	920.625	091113637 5.80917997702797	
2.20279641140378	-65.5	920.625	2216	0000	175	920.625	091113639 5.81094630117828	
2.35619449019234	-67.5	920.625	2216	0000	176	920.625	091113641 5.81245096166118	
1.79168956025043	-61.5	920.625	2215	0000	177	920.625	091113642 5.81391522097176	
2.28256341237383	-67.5	920.625	2216	0000	178	920.625	091113647 5.81916510788623	
1.84691286861431	-62	920.625	2215	0000	179	920.625	091113650 5.82184404543357	
2.30097118182846	-67.5	920.625	2216	0000	180	920.625	091113651 5.82317275314733	
1.87759248437202	-61.5	920.625	2215	0000	181	920.625	091113882 6.05414059154868	
2.30097118182846	-68	920.625	2216	0000	182	920.625	091113886 6.05713254378619	
1.87759248437202	-61.5	920.625	2215	0000	183	920.625	091113887 6.05834910992819	
2.25188379661612	-67.5	920.625	2216	0000	184	920.625	091113889 6.06018906238319	
1.85304879176585	-62	920.625	2215	0000	185	920.625	091113890 6.06136862558232	
2.22734010400995	-67	920.625	2216	0000	186	920.625	091113892 6.06302960461978	
1.8162332528566	-61	920.625	2215	0000	187	920.625	091113896 6.06748506100577	
2.21506825770687	-66.5	920.625	2216	0000	188	920.625	091113900 6.07153650566862	
2.22120418085841	-65.5	920.625	2216	0000	189	920.625	091113903 6.07453449920293	
1.78555363709889	-62	920.625	2215	0000	190	920.625	091113908 6.07951026227535	
1.91440802328128	-60.5	920.625	2215	0000	191	920.625	091114133 6.30419590717245	
2.30710710498	-65.5	920.625	2216	0000	192	920.625	091114136 6.30753070300305	
2.21506825770687	-67.5	920.625	2216	0000	193	920.625	091114138 6.30943257875019	
1.84691286861431	-60.5	920.625	2215	0000	194	920.625	091114140 6.31163953998546	
2.24574787346458	-67	920.625	2216	0000	195	920.625	091114141 6.31250646607548	
1.74260217503809	-61	920.625	2215	0000	196	920.625	091114142 6.31341266059466	
2.17211679564607	-67.5	920.625	2216	0000	197	920.625	091114148 6.31919644711336	
1.73646625188655	-60.5	920.625	2215	0000	198	920.625	091114149 6.3202057212591	
2.17825271879761	-67.5	920.625	2216	0000	199	920.625	091114150 6.3208732845549	
1.76714586764426	-62.5	920.625	2215	0000	200	920.625	091114382 6.55401296915389	
2.23961195031304	-67.5	920.625	2216	0000	201	920.625	091114386 6.55735380628129	
1.71805848243192	-62	920.625	2215	0000	202	920.625	091114387 6.55905896230155	
2.17211679564607	-67.5	920.625	2216	0000	203	920.625	091114389 6.56074712717458	
1.82236917600814	-62.5	920.625	2215	0000	204	920.625	091114391 6.56277435983021	
2.17825271879761	-68	920.625	2216	0000	205	920.625	091114392 6.56417216487605	
1.74260217503809	-62	920.625	2215	0000	206	920.625	091114622 6.79402198578936	
2.19666048825224	-68	920.625	2216	0000	207	920.625	091114627 6.79876893474569	
1.84077694546277	-62	920.625	2215	0000	208	920.625	091114629 6.80114014373755	
2.1475731030399	-67.5	920.625	2216	0000	209	920.625	091114632 6.80346151203087	
1.81009732970506	-62	920.625	2215	0000	210	920.625	091114637 6.80861020722403	
2.18438864194915	-67.5	920.625	2216	0000	211	920.625	091114638 6.80995401817977	
1.84691286861431	-62	920.625	2215	0000	212	920.625	091114640 6.81194915644618	
2.22734010400995	-67.5	920.625	2216	0000	213	920.625	091114641 6.81290028311027	
1.83464102231123	-62.5	920.625	2215	0000	214	920.625	091114882 7.05394424940286	
2.20893233455532	-67.5	920.625	2216	0000	215	920.625	091114886 7.05737910421161	
1.77941771394734	-61.5	920.625	2215	0000	216	920.625	091114888 7.05932742242786	
2.15370902619144	-67.5	920.625	2216	0000	217	920.625	091114889 7.06086455488103	
1.63829148146186	-60	920.625	2215	0000	218	920.625	091114890 7.06180095588418	
2.19666048825224	-67.5	920.625	2216	0000	219	920.625	091114891 7.0630031739463	
1.79782548340197	-63	920.625	2215	0000	220	920.625	091114897 7.06883755632565	
2.17825271879761	-67.5	920.625	2216	0000	221	920.625	091114900 7.07197034629468	
1.62601963515878	-61.5	920.625	2215	0000	222	920.625	091115133 7.30403619038845	
2.33165079758617	-67.5	920.625	2216	0000	223	920.625	091115136 7.30701983584286	
1.90827210012974	-62	920.625	2215	0000	224	920.625	091115137 7.30801551707082	
2.11075756413064	-67	920.625	2216	0000	225	920.625	091115139 7.31037200040175	
1.88372840752357	-60.5	920.625	2215	0000	226	920.625	091115140 7.31132577013319	
2.20279641140378	-68	920.625	2216	0000	227	920.625	091115140 7.31188949864033	
1.84691286861431	-62	920.625	2215	0000	228	920.625	091115141 7.31280739817205	
2.22120418085841	-67.5	920.625	2216	0000	229	920.625	091115142 7.31393900857789	
1.76100994449272	-62	920.625	2215	0000	230	920.625	091115382 7.55376905179581	
2.24574787346458	-68	920.625	2216	0000	231	920.625	091115386 7.55773063216885	
1.86532063806894	-62	920.625	2215	0000	232	920.625	091115388 7.55902120419659	
2.20279641140378	-68	920.625	2216	0000	233	920.625	091115389 7.56022077919136	
1.82850509915968	-61.5	920.625	2215	0000	234	920.625	091115391 7.56207696763149	
2.23961195031304	-67.5	920.625	2216	0000	235	920.625	091115392 7.56306811788685	
1.87145656122048	-62	920.625	2215	0000	236	920.625	091115397 7.56882018759737	
2.15984494934298	-67.5	920.625	2216	0000	237	920.625	091115401 7.57286445822028	
1.8591847149174	-62	920.625	2215	0000	238	920.625	091115633 7.80390252669687	
2.15984494934298	-68	920.625	2216	0000	239	920.625	091115636 7.80694620753818	
1.81009732970506	-62.5	920.625	2215	0000	240	920.625	091115637 7.80870611281065	
2.1905245651007	-67.5	920.625	2216	0000	241	920.625	091115639 7.81054077913094	
1.86532063806894	-62.5	920.625	2215	0000	242	920.625	091115641 7.81240338644892	
2.19666048825224	-67.5	920.625	2216	0000	243	920.625	091115647 7.81835557411576	
1.77941771394734	-62.5	920.625	2215	0000	244	920.625	091115649 7.82041263567431	
2.19666048825224	-67	920.625	2216	0000	245	920.625	091115651 7.82224616925146	
1.99417502425133	-61	920.625	2215	0000	246	920.625	091115883 8.05381964765647	
2.22120418085841	-68	920.625	2216	0000	247	920.625	091115885 8.05639324009095	
1.76714586764426	-62	920.625	2215	0000	248	920.625	091115888 8.05866967623935	
2.18438864194915	-68	920.625	2216	0000	249	920.625	091115890 8.06087550473147	
1.84691286861431	-62.5	920.625	2215	0000	250	920.625	091115891 8.06214115640993	
2.20893233455532	-68	920.625	2216	0000	251	920.625	091115896 8.0674510787113	
1.8162332528566	-62.5	920.625	2215	0000	252	920.625	091115899 8.0703920575071	
2.17211679564607	-68	920.625	2216	0000	253	920.625	091115901 8.07257636387939	
1.84077694546277	-62	920.625	2215	0000	254	920.625	091116122 8.29384263479077	
2.25188379661612	-68	920.625	2216	0000	255	920.625	091116126 8.29736735388935	
1.84691286861431	-62.5	920.625	2215	0000	256	920.625	091116127 8.29906948926122	
2.20279641140378	-68	920.625	2216	0000	257	920.625	091116129 8.30094455675383	
1.8162332528566	-62	920.625	2215	0000	258	920.625	091116130 8.30181752414065	
2.1905245651007	-67.5	920.625	2216	0000	259	920.625	091116131 8.3026398956668	
1.84077694546277	-62.5	920.625	2215	0000	260	920.625	091116134 8.30589502189592	
2.21506825770687	-68	920.625	2216	0000	261	920.625	091116136 8.30791092712006	
1.77941771394734	-62.5	920.625	2215	0000	262	920.625	091116383 8.5537871756862	
2.20279641140378	-68	920.625	2216	0000	263	920.625	091116386 8.55668435508024	
1.96349540849362	-61.5	920.625	2215	0000	264	920.625	091116387 8.55852430753523	
2.24574787346458	-68	920.625	2216	0000	265	920.625	091116389 8.56033367592521	
1.85304879176585	-63	920.625	2215	0000	266	920.625	091116391 8.56207319182099	
2.19666048825224	-67.5	920.625	2216	0000	267	920.625	091116393 8.56402943923928	
1.58306817309798	-62.5	920.625	2215	0000	268	920.625	091116398 8.56894290143851	
2.17825271879761	-67	920.625	2216	0000	269	920.625	091116399 8.57013303690704	
1.87145656122048	-62.5	920.625	2215	0000	270	920.625	091116623 8.79374182065051	
2.1905245651007	-67.5	920.625	2216	0000	271	920.625	091116628 8.79910347155569	
1.79168956025043	-62.5	920.625	2215	0000	272	920.625	091116631 8.80222040312063	
2.16598087249453	-68	920.625	2216	0000	273	920.625	091116635 8.80611364132368	
1.7732817907958	-62.5	920.625	2215	0000	274	920.625	091116637 8.80795623684602	
2.1475731030399	-66.5	920.625	2216	0000	275	920.625	091116638 8.80893152869729	
1.82236917600814	-62.5	920.625	2215	0000	276	920.625	091116882 9.05367427895235	
2.21506825770687	-68	920.625	2216	0000	277	920.625	091116886 9.05709252019492	
4.95168998329485	-63	920.625	2215	0000	278	920.625	091116887 9.05876595940702	
5.27689391032661	-67.5	920.625	2216	0000	279	920.625	091116889 9.06066368176261	
4.97623367590102	-63	920.625	2215	0000	280	920.625	091116890 9.06160234825206	
5.33211721869049	-67.5	920.625	2216	0000	281	920.625	091116892 9.06363675494763	
5.38120460390283	-67.5	920.625	2216	0000	282	920.625	091116898 9.06959573907337	
5.01304921481027	-63	920.625	2215	0000	283	920.625	091116900 9.07148402190272	
5.04372883056799	-63	920.625	2215	0000	284	920.625	091117142 9.31359125643115	
2.17825271879761	-66.5	920.625	2216	0000	285	920.625	091117145 9.31643746238349	
1.99417502425133	-62.5	920.625	2215	0000	286	920.625	091117147 9.31856626434147	
2.1475731030399	-68	920.625	2216	0000	287	920.625	091117150 9.32129995114101	
1.87759248437202	-62.5	920.625	2215	0000	288	920.625	091117152 9.32311611598988	
2.17211679564607	-68	920.625	2216	0000	289	920.625	091117156 9.32756892930852	
1.84691286861431	-62.5	920.625	2215	0000	290	920.625	091117158 9.32933261039148	
5.25848614087198	-68	920.625	2216	0000	291	920.625	091117161 9.33231210245435	
1.96963133164516	-62	920.625	2215	0000	292	920.625	091117383 9.55370524059842	
2.23961195031304	-68	920.625	2216	0000	293	920.625	091117386 9.55655597752336	
1.8162332528566	-62	920.625	2215	0000	294	920.625	091117387 9.55831172940428	
2.1905245651007	-68	920.625	2216	0000	295	920.625	091117389 9.55960909789091	
1.71805848243192	-62	920.625	2215	0000	296	920.625	091117396 9.56709728526777	
2.21506825770687	-68	920.625	2216	0000	297	920.625	091117397 9.56849206966521	
1.95122356219054	-62.5	920.625	2215	0000	298	920.625	091117399 9.57051816957769	
2.21506825770687	-67.5	920.625	2216	0000	299	920.625	091117401 9.57163543190364	
1.7732817907958	-62.5	920.625	2215	0000	300	920.625	091117622 9.79367347848052	
2.21506825770687	-67.5	920.625	2216	0000	301	920.625	091117627 9.79911970754082	
1.87145656122048	-62.5	920.625	2215	0000	302	920.625	091117631 9.80241070396966	
2.19666048825224	-68	920.625	2216	0000	303	920.625	091117635 9.80680688013086	
1.86532063806894	-62	920.625	2215	0000	304	920.625	091117638 9.80996572319231	
2.22120418085841	-67.5	920.625	2216	0000	305	920.625	091117641 9.81240074338157	
1.8591847149174	-62	920.625	2215	0000	306	920.625	091117646 9.81820340895275	
2.17825271879761	-68	920.625	2216	0000	307	920.625	091117650 9.82229978576051	
1.82850509915968	-62	920.625	2215	0000	308	920.625	091117882 10.0535980075803	
2.20279641140378	-68	920.625	2216	0000	309	920.625	091117886 10.0568482252558	
1.81009732970506	-62	920.625	2215	0000	310	920.625	091117887 10.0583785612501	
2.20893233455532	-68	920.625	2216	0000	311	920.625	091117888 10.0593074106322	
1.83464102231123	-62	920.625	2215	0000	312	920.625	091117889 10.0605964723358	
2.22734010400995	-68	920.625	2216	0000	313	920.625	091117890 10.0611062067528	
1.80396140655351	-62.5	920.625	2215	0000	314	920.625	091118132 10.3035030459463	
5.30143760293278	-68	920.625	2216	0000	315	920.625	091118136 10.3071229154694	
1.78555363709889	-61.5	920.625	2215	0000	316	920.625	091118137 10.3087287676736	
2.18438864194915	-68	920.625	2216	0000	317	920.625	091118139 10.3103648263618	
1.84691286861431	-62.5	920.625	2215	0000	318	920.625	091118140 10.311666725821	
5.3198453723874	-68	920.625	2216	0000	319	920.625	091118146 10.3179519399737	
1.84691286861431	-62	920.625	2215	0000	320	920.625	091118149 10.3203858274198	
2.18438864194915	-68	920.625	2216	0000	321	920.625	091118150 10.3219244701971	
1.80396140655351	-62	920.625	2215	0000	322	920.625	091118382 10.5536859839649	
2.21506825770687	-68	920.625	2216	0000	323	920.625	091118385 10.5567236235094	
1.74873809818963	-61	920.625	2215	0000	324	920.625	091118387 10.5587368856662	
2.20893233455532	-68	920.625	2216	0000	325	920.625	091118389 10.5604552570232	
1.82236917600814	-61.5	920.625	2215	0000	326	920.625	091118391 10.562286525114	
2.18438864194915	-68	920.625	2216	0000	327	920.625	091118396 10.5676610137749	
1.85304879176585	-62.5	920.625	2215	0000	328	920.625	091118397 10.5686110076959	
2.15984494934298	-68	920.625	2216	0000	329	920.625	091118399 10.5705831135182	
1.84077694546277	-62	920.625	2215	0000	330	920.625	091118632 10.8034581138014	
2.22120418085841	-68	920.625	2216	0000	331	920.625	091118636 10.8068778653682	
1.84384490703854	-63	920.625	2215	0000	332	920.625	091118638 10.8095326377284	
2.19666048825224	-68	920.625	2216	0000	333	920.625	091118641 10.8125842477717	
4.94862202171908	-62.5	920.625	2215	0000	334	920.625	091118646 10.8171816746324	
2.16598087249453	-68	920.625	2216	0000	335	920.625	091118648 10.8190778866638	
4.96702979117371	-63	920.625	2215	0000	336	920.625	091118649 10.82002259445	
2.20279641140378	-68	920.625	2216	0000	337	920.625	091118650 10.8209480456027	
4.98543756062833	-63	920.625	2215	0000	338	920.625	091118882 11.0534443320931	
2.19666048825224	-67.5	920.625	2216	0000	339	920.625	091118885 11.0563792695921	
2.3500585670408	-61.5	920.625	2215	0000	340	920.625	091118887 11.0583562839681	
2.18438864194915	-68	920.625	2216	0000	341	920.625	091118889 11.0600772983925	
1.78555363709889	-62.5	920.625	2215	0000	342	920.625	091118890 11.0611284840347	
2.1046216409791	-68	920.625	2216	0000	343	920.625	091118896 11.0670901112278	
1.7732817907958	-62.5	920.625	2215	0000	344	920.625	091118897 11.068109957643	
2.08007794837293	-67.5	920.625	2216	0000	345	920.625	091118898 11.0691165887214	
1.77941771394734	-62.5	920.625	2215	0000	346	920.625	091119132 11.3034146919807	
2.1475731030399	-67.5	920.625	2216	0000	347	920.625	091119135 11.3064466678095	
1.84691286861431	-62	920.625	2215	0000	348	920.625	091119137 11.3083523193671	
2.15370902619144	-67.5	920.625	2216	0000	349	920.625	091119139 11.309620991694	
1.7732817907958	-62	920.625	2215	0000	350	920.625	091119141 11.3123901711122	
2.12916533358527	-65	920.625	2216	0000	351	920.625	091119145 11.3164155626826	
1.71805848243192	-62	920.625	2215	0000	352	920.625	091119148 11.3193082111041	
2.09234979467601	-67.5	920.625	2216	0000	353	920.625	091119150 11.3211334378981	
1.61988371200724	-62.5	920.625	2215	0000	354	920.625	091119382 11.5533926034893	
2.07394202522139	-66.5	920.625	2216	0000	355	920.625	091119385 11.5566084612893	
1.79168956025043	-62.5	920.625	2215	0000	356	920.625	091119387 11.558704791277	
2.15370902619144	-68	920.625	2216	0000	357	920.625	091119388 11.5595660536512	
1.82850509915968	-61.5	920.625	2215	0000	358	920.625	091119389 11.5607222068253	
2.21506825770687	-68	920.625	2216	0000	359	920.625	091119394 11.5656537929149	
1.82236917600814	-62.5	920.625	2215	0000	360	920.625	091119396 11.5674216273894	
2.15984494934298	-67.5	920.625	2216	0000	361	920.625	091119397 11.5686453675714	
5.02838902268913	-63	920.625	2215	0000	362	920.625	091119632 11.8032893350722	
2.18438864194915	-68	920.625	2216	0000	363	920.625	091119635 11.8062578772846	
1.82850509915968	-62	920.625	2215	0000	364	920.625	091119636 11.8077708445506	
5.33211721869049	-68	920.625	2216	0000	365	920.625	091119637 11.8083262662747	
1.79168956025043	-62	920.625	2215	0000	366	920.625	091119637 11.8088711157293	
2.22734010400995	-67.5	920.625	2216	0000	367	920.625	091119638 11.8098313043386	
1.65669925091649	-62	920.625	2215	0000	368	920.625	091119640 11.8110743011541	
2.24574787346458	-67	920.625	2216	0000	369	920.625	091119641 11.8129946783727	
1.63215555831032	-62	920.625	2215	0000	370	920.625	091119882 12.0533167096983	
2.23961195031304	-67	920.625	2216	0000	371	920.625	091119885 12.05650802473	
1.79782548340197	-61.5	920.625	2215	0000	372	920.625	091119887 12.0584446379338	
2.21506825770687	-68	920.625	2216	0000	373	920.625	091119889 12.0600746553251	
1.8162332528566	-62	920.625	2215	0000	374	920.625	091119894 12.0655167309939	
2.23961195031304	-68	920.625	2216	0000	375	920.625	091119896 12.0681537570447	
1.82236917600814	-62.5	920.625	2215	0000	376	920.625	091119899 12.070771148881	
2.20893233455532	-68	920.625	2216	0000	377	920.625	091119901 12.0728984405147	
1.75487402134117	-62	920.625	2215	0000	378	920.625	091120132 12.3032459132515	
2.19666048825224	-68	920.625	2216	0000	379	920.625	091120135 12.3064138182582	
1.89600025382665	-62.5	920.625	2215	0000	380	920.625	091120137 12.3082488621595	
2.23961195031304	-68	920.625	2216	0000	381	920.625	091120138 12.309902289576	
1.83464102231123	-62.5	920.625	2215	0000	382	920.625	091120141 12.312784365728	
2.23961195031304	-68	920.625	2216	0000	383	920.625	091120145 12.3162248842525	
1.68124294352266	-60.5	920.625	2215	0000	384	920.625	091120146 12.3177725889751	
2.21506825770687	-68	920.625	2216	0000	385	920.625	091120147 12.3190703350428	
1.82850509915968	-61.5	920.625	2215	0000	386	920.625	091120382 12.5532702672292	
2.27642748922229	-68	920.625	2216	0000	387	920.625	091120385 12.5558653817835	
1.86532063806894	-61.5	920.625	2215	0000	388	920.625	091120386 12.55757997733	
2.29483525867692	-68	920.625	2216	0000	389	920.625	091120388 12.5593640477897	
1.8162332528566	-62	920.625	2215	0000	390	920.625	091120391 12.5623835634438	
2.26415564291921	-67	920.625	2216	0000	391	920.625	091120394 12.5654476336618	
1.730330328735	-61.5	920.625	2215	0000	392	920.625	091120395 12.5664705007253	
2.26415564291921	-68	920.625	2216	0000	393	920.625	091120398 12.569243078373	
1.79782548340197	-61	920.625	2215	0000	394	920.625	091120632 12.8032251462938	
2.26415564291921	-66.5	920.625	2216	0000	395	920.625	091120635 12.8063511398039	
1.82236917600814	-62	920.625	2215	0000	396	920.625	091120637 12.807560531906	
5.37506868075129	-68	920.625	2216	0000	397	920.625	091120637 12.8080725318093	
1.84077694546277	-61.5	920.625	2215	0000	398	920.625	091120638 12.8090089328125	
5.43642791226671	-68	920.625	2216	0000	399	920.625	091120640 12.8111834220775	
1.86532063806894	-62	920.625	2215	0000	400	920.625	091120641 12.812282560513	
2.26415564291921	-68	920.625	2216	0000	401	920.625	091120646 12.8164786187179	
1.76714586764426	-62	920.625	2215	0000	402	920.625	091120882 13.0530897834875	
2.27642748922229	-68	920.625	2216	0000	403	920.625	091120886 13.0574108210198	
1.79168956025043	-62	920.625	2215	0000	404	920.625	091120890 13.0612663011179	
2.30710710498	-68	920.625	2216	0000	405	920.625	091120896 13.067738040309	
1.87759248437202	-62	920.625	2215	0000	406	920.625	091120898 13.0695481638611	
2.27642748922229	-67.5	920.625	2216	0000	407	920.625	091120901 13.0724098506365	
1.84691286861431	-61.5	920.625	2215	0000	408	920.625	091120905 13.0765892952752	
2.24574787346458	-67.5	920.625	2216	0000	409	920.625	091120907 13.0780305221417	
1.83464102231123	-62	920.625	2215	0000	410	920.625	091121132 13.3031409457197	
2.19666048825224	-67.5	920.625	2216	0000	411	920.625	091121134 13.3061219481068	
1.84691286861431	-62	920.625	2215	0000	412	920.625	091121136 13.307325298912	
2.23961195031304	-67.5	920.625	2216	0000	413	920.625	091121137 13.3086162485208	
1.70578663612883	-61.5	920.625	2215	0000	414	920.625	091121139 13.3110924250445	
2.28256341237383	-68	920.625	2216	0000	415	920.625	091121141 13.3124989144545	
1.80396140655351	-62	920.625	2215	0000	416	920.625	091121145 13.3164880582441	
2.27029156607075	-68	920.625	2216	0000	417	920.625	091121147 13.3185047186304	
1.82236917600814	-61	920.625	2215	0000	418	920.625	091121381 13.5531026212432	
2.23347602716149	-68	920.625	2216	0000	419	920.625	091121384 13.5561304436804	
1.8591847149174	-62.5	920.625	2215	0000	420	920.625	091121387 13.5585567795055	
2.13530125673681	-67	920.625	2216	0000	421	920.625	091121389 13.5610208734356	
1.82850509915968	-62	920.625	2215	0000	422	920.625	091121392 13.5632146193341	
2.24574787346458	-67.5	920.625	2216	0000	423	920.625	091121395 13.5663172028192	
1.8162332528566	-62	920.625	2215	0000	424	920.625	091121396 13.5678792556216	
2.28256341237383	-67.5	920.625	2216	0000	425	920.625	091121398 13.5692211786721	
1.9021361769782	-61.5	920.625	2215	0000	426	920.625	091121596 13.7674021442073	
5.43642791226671	-67.5	920.625	2216	0000	427	920.625	091121599 13.7699119254444	
4.96396182959793	-63	920.625	2215	0000	428	920.625	091121601 13.772570096034	
5.43029198911517	-67.5	920.625	2216	0000	429	920.625	091121607 13.7781783073646	
