0.98174770424681	-60	920.625	2215		0	920.625	150003619 0.6797927	
3.72450535298634	-57.5	920.625	2216		1	920.625	150003621 0.6811825	
0.920388472731385	-61	920.625	2215		2	920.625	150003621 0.6816941	
3.71223350668325	-58	920.625	2216		3	920.625	150003622 0.6821084	
3.73064127613788	-57.5	920.625	2216		4	920.625	150003622 0.6824763	
0.920388472731385	-60	920.625	2215		5	920.625	150003622 0.6827861	
0.570640853093458	-58	920.625	2216		6	920.625	150003623 0.6835045	
0.935728280610241	-61	920.625	2215		7	920.625	150003625 0.6855239	
1.00015547370144	-60	920.625	2215		8	920.625	150003627 0.687775	
3.70609758353171	-57.5	920.625	2216		9	920.625	150003629 0.6894977	
3.70302962195594	-58.5	920.625	2216		10	920.625	150003830 0.8901573	
0.969475857943725	-61	920.625	2215		11	920.625	150003836 0.8961581	
0.994019550549895	-60	920.625	2215		12	920.625	150003839 0.9002133	
3.69996166038017	-57.5	920.625	2216		13	920.625	150003842 0.9028503	
0.926524395882927	-60	920.625	2215		14	920.625	150003845 0.9047351	
3.78586458450176	-57.5	920.625	2216		15	920.625	150003850 0.9103824	
3.68155389092554	-57.5	920.625	2216		16	920.625	150003852 0.9119568	
1.00015547370144	-60	920.625	2215		17	920.625	150003853 0.9133561	
0.57370881466923	-58	920.625	2216		18	920.625	150003855 0.9154964	
0.975611781095268	-60.5	920.625	2215		19	920.625	150003857 0.9171646	
3.71223350668325	-57	920.625	2216		20	920.625	150004080 1.1403171	
0.994019550549895	-60	920.625	2215		21	920.625	150004092 1.1523157	
3.66314612147091	-57.5	920.625	2216		22	920.625	150004098 1.1584716	
0.920388472731385	-60	920.625	2215		23	920.625	150004102 1.1623678	
0.987883627398353	-60.5	920.625	2215		24	920.625	150004105 1.1651762	
3.68768981407708	-58	920.625	2216		25	920.625	150004110 1.1701786	
0.865165164367502	-60	920.625	2215		26	920.625	150004112 1.1724567	
3.68768981407708	-57.5	920.625	2216		27	920.625	150004115 1.1751485	
0.883572933822129	-60	920.625	2215		28	920.625	150004117 1.1773594	
3.68768981407708	-58	920.625	2216		29	920.625	150004119 1.1791239	
3.74291312244096	-58.5	920.625	2216		30	920.625	150004330 1.3899866	
0.98174770424681	-60.5	920.625	2215		31	920.625	150004333 1.3935117	
0.95720401164064	-60.5	920.625	2215		32	920.625	150004336 1.3959637	
3.70609758353171	-58.5	920.625	2216		33	920.625	150004338 1.3983778	
1.00015547370144	-60.5	920.625	2215		34	920.625	150004340 1.4007403	
3.69996166038017	-58	920.625	2216		35	920.625	150004343 1.4031877	
1.01856324315607	-60	920.625	2215		36	920.625	150004348 1.4085509	
3.66314612147091	-57.5	920.625	2216		37	920.625	150004351 1.4115244	
0.963339934792183	-61	920.625	2215		38	920.625	150004354 1.4139757	
0.521553467881118	-58.5	920.625	2216		39	920.625	150004356 1.416429	
3.60792281310703	-58	920.625	2216		40	920.625	150004358 1.418741	
0.987883627398353	-60	920.625	2215		41	920.625	150004364 1.4239739	
0.475534044244549	-59	920.625	2216		42	920.625	150004580 1.6398417	
0.926524395882927	-61	920.625	2215		43	920.625	150004583 1.6426459	
3.62019465941011	-58	920.625	2216		44	920.625	150004584 1.6443312	
0.9081166264283	-60.5	920.625	2215		45	920.625	150004586 1.6463345	
0.938796242186012	-61	920.625	2215		46	920.625	150004588 1.6482452	
0.484737928971863	-58.5	920.625	2216		47	920.625	150004590 1.650257	
1.01856324315607	-60	920.625	2215		48	920.625	150004592 1.6521151	
3.60178688995549	-57.5	920.625	2216		49	920.625	150004594 1.6538768	
0.95720401164064	-61	920.625	2215		50	920.625	150004830 1.890012	
3.59871892837971	-58.5	920.625	2216		51	920.625	150004835 1.894736	
3.57110727419777	-57.5	920.625	2216		52	920.625	150004838 1.898196	
0.889708856973672	-60.5	920.625	2215		53	920.625	150004841 1.901587	
0.475534044244549	-58.5	920.625	2216		54	920.625	150004845 1.90495	
0.898912741700986	-61.5	920.625	2215		55	920.625	150004853 1.9130344	
3.62633058256166	-58	920.625	2216		56	920.625	150004856 1.9161484	
0.901980703276757	-60.5	920.625	2215		57	920.625	150004859 1.9189227	
0.481669967396091	-58.5	920.625	2216		58	920.625	150004861 1.9214214	
0.938796242186012	-61	920.625	2215		59	920.625	150004867 1.926893	
3.60792281310703	-57.5	920.625	2216		60	920.625	150005079 2.1401273	
0.98174770424681	-60.5	920.625	2215		61	920.625	150005088 2.1492967	
4.09266074207889	-61	920.625	2215		62	920.625	150005094 2.1550456	
0.481669967396091	-58.5	920.625	2216		63	920.625	150005103 2.1637295	
0.938796242186012	-60	920.625	2215		64	920.625	150005106 2.1667729	
3.63860242886474	-57.5	920.625	2216		65	920.625	150005109 2.1694445	
0.93266031903447	-61	920.625	2215		66	920.625	150005111 2.1718552	
0.475534044244549	-58	920.625	2216		67	920.625	150005118 2.1784965	
0.914252549579842	-60.5	920.625	2215		68	920.625	150005120 2.1805532	
3.66314612147091	-57	920.625	2216		69	920.625	150005122 2.1824649	
0.472466082668777	-58	920.625	2216		70	920.625	150005330 2.3902832	
0.898912741700986	-61	920.625	2215		71	920.625	150005341 2.4014687	
0.901980703276757	-60.5	920.625	2215		72	920.625	150005352 2.4119134	
3.5895150436524	-57	920.625	2216		73	920.625	150005355 2.4152987	
0.901980703276757	-61	920.625	2215		74	920.625	150005359 2.4187605	
0.460194236365692	-58.5	920.625	2216		75	920.625	150005362 2.4218205	
3.60792281310703	-57.5	920.625	2216		76	920.625	150005368 2.428055	
0.914252549579842	-60.5	920.625	2215		77	920.625	150005369 2.430089	
3.62939854413743	-58	920.625	2216		78	920.625	150005371 2.4318364	
0.889708856973672	-61	920.625	2215		79	920.625	150005373 2.4335439	
0.883572933822129	-60.5	920.625	2215		80	920.625	150005373 2.4342779	
3.62633058256166	-57.5	920.625	2216		81	920.625	150005375 2.4357656	
0.886640895397901	-61	920.625	2215		82	920.625	150005580 2.6397418	
0.460194236365692	-58.5	920.625	2216		83	920.625	150005585 2.6448814	
0.938796242186012	-60	920.625	2215		84	920.625	150005587 2.647151	
3.55269950474315	-57.5	920.625	2216		85	920.625	150005589 2.6493422	
0.47860200582032	-58.5	920.625	2216		86	920.625	150005591 2.6511016	
0.889708856973672	-61	920.625	2215		87	920.625	150005593 2.6529534	
0.9081166264283	-60.5	920.625	2215		88	920.625	150005595 2.6548301	
3.5895150436524	-57.5	920.625	2216		89	920.625	150005595 2.6555617	
0.917320511155613	-61	920.625	2215		90	920.625	150005597 2.6569447	
0.47860200582032	-58.5	920.625	2216		91	920.625	150005597 2.6575632	
0.852893318064416	-60.5	920.625	2215		92	920.625	150005830 2.8900991	
3.60178688995549	-58	920.625	2216		93	920.625	150005840 2.900271	
0.95720401164064	-60	920.625	2215		94	920.625	150005847 2.906719	
3.64473835201628	-57.5	920.625	2216		95	920.625	150005857 2.9173849	
3.63860242886474	-57.5	920.625	2216		96	920.625	150005862 2.9215303	
0.926524395882927	-60.5	920.625	2215		97	920.625	150005868 2.9287186	
0.917320511155613	-61	920.625	2215		98	920.625	150005871 2.9314891	
0.521553467881118	-58.5	920.625	2216		99	920.625	150005874 2.9341029	
3.66314612147091	-58	920.625	2216		100	920.625	150005876 2.9365808	
0.951068088489098	-60	920.625	2215		101	920.625	150005878 2.9386964	
0.515417544729575	-58.5	920.625	2216		102	920.625	150006080 3.1400022	
0.941864203761784	-61	920.625	2215		103	920.625	150006090 3.1500075	
3.59565096680394	-57.5	920.625	2216		104	920.625	150006093 3.1532023	
0.93266031903447	-60	920.625	2215		105	920.625	150006097 3.1574895	
3.61405873625857	-57.5	920.625	2216		106	920.625	150006103 3.1635204	
0.920388472731385	-60	920.625	2215		107	920.625	150006105 3.1649005	
0.938796242186012	-60	920.625	2215		108	920.625	150006106 3.1661375	
3.62633058256166	-57.5	920.625	2216		109	920.625	150006107 3.16725	
3.6109907746828	-58.5	920.625	2216		110	920.625	150006108 3.1683864	
0.889708856973672	-61	920.625	2215		111	920.625	150006109 3.1695359	
0.865165164367502	-60	920.625	2215		112	920.625	150006111 3.170879	
3.65087427516783	-58	920.625	2216		113	920.625	150006112 3.1726099	
0.914252549579842	-61	920.625	2215		114	920.625	150006330 3.3899401	
0.47860200582032	-58.5	920.625	2216		115	920.625	150006339 3.3988329	
3.62019465941011	-58	920.625	2216		116	920.625	150006349 3.4089565	
0.877437010670587	-60	920.625	2215		117	920.625	150006356 3.4160099	
3.57724319734932	-58.5	920.625	2216		118	920.625	150006359 3.4194124	
0.93266031903447	-61	920.625	2215		119	920.625	150006365 3.4252293	
3.57724319734932	-57.5	920.625	2216		120	920.625	150006368 3.4277549	
0.95720401164064	-60.5	920.625	2215		121	920.625	150006370 3.429922	
0.898912741700986	-61	920.625	2215		122	920.625	150006580 3.6399843	
0.45405831321415	-58.5	920.625	2216		123	920.625	150006590 3.6505361	
0.889708856973672	-60	920.625	2215		124	920.625	150006602 3.6619479	
3.62019465941011	-57.5	920.625	2216		125	920.625	150006607 3.6671067	
0.435650543759522	-58	920.625	2216		126	920.625	150006610 3.6702173	
0.895844780125214	-61	920.625	2215		127	920.625	150006618 3.6785616	
0.963339934792183	-60	920.625	2215		128	920.625	150006620 3.6805081	
3.6324665057132	-57	920.625	2216		129	920.625	150006623 3.6826901	
0.926524395882927	-61	920.625	2215		130	920.625	150006625 3.684836	
3.60792281310703	-58	920.625	2216		131	920.625	150006627 3.6873893	
3.64473835201628	-56.5	920.625	2216		132	920.625	150006829 3.889475	
0.901980703276757	-60	920.625	2215		133	920.625	150006832 3.8927285	
0.417242774304894	-57.5	920.625	2216		134	920.625	150006835 3.8950545	
0.880504972246358	-61	920.625	2215		135	920.625	150006836 3.8970111	
0.859029241215959	-60	920.625	2215		136	920.625	150006838 3.8989098	
3.60792281310703	-57	920.625	2216		137	920.625	150006840 3.9007475	
0.463262197941464	-57.5	920.625	2216		138	920.625	150006842 3.9025374	
0.877437010670587	-60.5	920.625	2215		139	920.625	150006844 3.9044571	
3.62019465941011	-56.5	920.625	2216		140	920.625	150006845 3.9059919	
0.871301087519044	-60	920.625	2215		141	920.625	150006850 3.9102708	
0.819145740730932	-60.5	920.625	2215		142	920.625	150007079 4.1396147	
0.500077736850719	-57	920.625	2216		143	920.625	150007083 4.1436995	
0.816077779155161	-59.5	920.625	2215		144	920.625	150007086 4.1465969	
3.69382573722862	-56	920.625	2216		145	920.625	150007089 4.1493985	
0.543029198911517	-57	920.625	2216		146	920.625	150007092 4.1521605	
3.98221412535112	-60.5	920.625	2215		147	920.625	150007098 4.1587576	
3.75518496874405	-56.5	920.625	2216		148	920.625	150007101 4.1615795	
0.797670009700533	-59.5	920.625	2215		149	920.625	150007104 4.1641612	
0.610524353578485	-57	920.625	2216		150	920.625	150007106 4.1661194	
0.81300981757939	-60	920.625	2215		151	920.625	150007108 4.1685183	
0.797670009700533	-59.5	920.625	2215		152	920.625	150007114 4.174353	
3.76132089189559	-56.5	920.625	2216		153	920.625	150007116 4.1764312	
0.868233125943273	-60.5	920.625	2215		154	920.625	150007340 4.4000808	
0.601320468851171	-56.5	920.625	2216		155	920.625	150007352 4.4124327	
3.78586458450176	-56.5	920.625	2216		156	920.625	150007359 4.4188458	
0.889708856973672	-59.5	920.625	2215		157	920.625	150007368 4.4285593	
0.874369049094815	-60	920.625	2215		158	920.625	150007371 4.4319139	
0.644271930911969	-56.5	920.625	2216		159	920.625	150007374 4.4348184	
0.822213702306704	-59.5	920.625	2215		160	920.625	150007380 4.4405622	
3.81040827710793	-56.5	920.625	2216		161	920.625	150007392 4.4528589	
0.825281663882475	-60.5	920.625	2215		162	920.625	150007580 4.6401167	
0.665747661942368	-56.5	920.625	2216		163	920.625	150007589 4.6491119	
0.828349625458246	-59.5	920.625	2215		164	920.625	150007599 4.6593685	
3.81654420025948	-56	920.625	2216		165	920.625	150007602 4.662556	
0.681087469821225	-57	920.625	2216		166	920.625	150007605 4.66542	
0.825281663882475	-60.5	920.625	2215		167	920.625	150007608 4.6679631	
3.7920005076533	-56.5	920.625	2216		168	920.625	150007615 4.6756713	
0.791534086548991	-60	920.625	2215		169	920.625	150007617 4.6775984	
0.585980660972315	-57	920.625	2216		170	920.625	150007620 4.6800161	
0.859029241215959	-60.5	920.625	2215		171	920.625	150007622 4.6819882	
0.785398163397448	-60.5	920.625	2215		172	920.625	150007829 4.8896444	
3.73064127613788	-57	920.625	2216		173	920.625	150007839 4.8999357	
0.834485548609789	-61	920.625	2215		174	920.625	150007852 4.912073	
0.521553467881118	-58	920.625	2216		175	920.625	150007857 4.917817	
3.675417967774	-57	920.625	2216		176	920.625	150007865 4.9249979	
0.822213702306704	-60	920.625	2215		177	920.625	150007868 4.9284236	
3.65701019831937	-57.5	920.625	2216		178	920.625	150007870 4.9304338	
0.944932165337555	-60.5	920.625	2215		179	920.625	150007872 4.9326206	
3.66928204462245	-57.5	920.625	2216		180	920.625	150007874 4.9345341	
0.9081166264283	-60.5	920.625	2215		181	920.625	150007879 4.9393117	
0.592116584123857	-58.5	920.625	2216		182	920.625	150008079 5.1395006	
0.948000126913326	-61	920.625	2215		183	920.625	150008081 5.1419912	
3.76745681504713	-58	920.625	2216		184	920.625	150008082 5.1430836	
1.04924285891378	-60.5	920.625	2215		185	920.625	150008084 5.1451852	
3.74291312244096	-58	920.625	2216		186	920.625	150008086 5.1470683	
0.975611781095268	-60	920.625	2215		187	920.625	150008087 5.1481968	
3.74291312244096	-58	920.625	2216		188	920.625	150008089 5.1500346	
0.975611781095268	-60	920.625	2215		189	920.625	150008091 5.1520447	
3.72450535298634	-58	920.625	2216		190	920.625	150008096 5.1565991	
1.00015547370144	-60	920.625	2215		191	920.625	150008097 5.1582227	
3.79813643080485	-58.5	920.625	2216		192	920.625	150008099 5.1598894	
0.994019550549895	-60	920.625	2215		193	920.625	150008101 5.1613036	
3.80427235395639	-58.5	920.625	2216		194	920.625	150008330 5.3896689	
1.03083508945915	-60	920.625	2215		195	920.625	150008333 5.3934635	
3.80427235395639	-58	920.625	2216		196	920.625	150008336 5.3964509	
0.994019550549895	-60	920.625	2215		197	920.625	150008339 5.3992507	
0.963339934792183	-59.5	920.625	2215		198	920.625	150008346 5.4058241	
3.75518496874405	-58	920.625	2216		199	920.625	150008349 5.4087259	
3.73677719928942	-58	920.625	2216		200	920.625	150008351 5.4114942	
1.00015547370144	-59.5	920.625	2215		201	920.625	150008354 5.4140611	
3.76132089189559	-58	920.625	2216		202	920.625	150008356 5.4164828	
0.969475857943725	-59.5	920.625	2215		203	920.625	150008361 5.4205276	
0.975611781095268	-59.5	920.625	2215		204	920.625	150008590 5.6500584	
3.76745681504713	-58.5	920.625	2216		205	920.625	150008600 5.6613666	
3.71223350668325	-58.5	920.625	2216		206	920.625	150008615 5.6759577	
0.969475857943725	-59.5	920.625	2215		207	920.625	150008620 5.6800254	
1.00015547370144	-60	920.625	2215		208	920.625	150008623 5.6835369	
3.73677719928942	-58.5	920.625	2216		209	920.625	150008630 5.6903977	
3.71223350668325	-58.5	920.625	2216		210	920.625	150008632 5.6927304	
0.969475857943725	-60	920.625	2215		211	920.625	150008634 5.6948979	
3.71223350668325	-58.5	920.625	2216		212	920.625	150008636 5.6970047	
0.944932165337555	-60	920.625	2215		213	920.625	150008638 5.6988753	
3.73677719928942	-58.5	920.625	2216		214	920.625	150008644 5.7050274	
0.9081166264283	-60	920.625	2215		215	920.625	150008646 5.7066786	
3.74904904559251	-58.5	920.625	2216		216	920.625	150008829 5.8897673	
0.951068088489098	-59.5	920.625	2215		217	920.625	150008838 5.898001	
3.73064127613788	-58.5	920.625	2216		218	920.625	150008845 5.9049652	
0.944932165337555	-60	920.625	2215		219	920.625	150008851 5.9108979	
3.69996166038017	-58.5	920.625	2216		220	920.625	150008854 5.914316	
1.03083508945915	-59.5	920.625	2215		221	920.625	150008861 5.9216388	
3.73064127613788	-58.5	920.625	2216		222	920.625	150008864 5.923997	
0.914252549579842	-60	920.625	2215		223	920.625	150008866 5.9259974	
3.70609758353171	-58.5	920.625	2216		224	920.625	150008868 5.9280683	
0.98174770424681	-59.5	920.625	2215		225	920.625	150008870 5.9300924	
3.72450535298634	-58.5	920.625	2216		226	920.625	150009079 6.1396127	
0.938796242186012	-59.5	920.625	2215		227	920.625	150009088 6.1482803	
3.69382573722862	-58.5	920.625	2216		228	920.625	150009096 6.1564643	
0.93266031903447	-60	920.625	2215		229	920.625	150009102 6.1620427	
0.987883627398353	-59.5	920.625	2215		230	920.625	150009108 6.1678959	
3.70609758353171	-58.5	920.625	2216		231	920.625	150009111 6.1714105	
3.69996166038017	-58.5	920.625	2216		232	920.625	150009113 6.1734178	
0.926524395882927	-60	920.625	2215		233	920.625	150009115 6.1750953	
3.71223350668325	-58.5	920.625	2216		234	920.625	150009117 6.1769898	
0.975611781095268	-60	920.625	2215		235	920.625	150009119 6.1788479	
0.944932165337555	-60	920.625	2215		236	920.625	150009329 6.3892936	
3.71836942983479	-58.5	920.625	2216		237	920.625	150009335 6.3953946	
0.938796242186012	-60	920.625	2215		238	920.625	150009339 6.3995196	
3.68155389092554	-58.5	920.625	2216		239	920.625	150009342 6.4021068	
0.926524395882927	-60	920.625	2215		240	920.625	150009345 6.4053209	
3.71836942983479	-58.5	920.625	2216		241	920.625	150009347 6.4075502	
3.69996166038017	-58.5	920.625	2216		242	920.625	150009349 6.409431	
0.938796242186012	-60	920.625	2215		243	920.625	150009351 6.4112721	
3.73677719928942	-58.5	920.625	2216		244	920.625	150009353 6.413049	
0.963339934792183	-60	920.625	2215		245	920.625	150009358 6.4180442	
3.69996166038017	-58.5	920.625	2216		246	920.625	150009579 6.6393893	
0.95720401164064	-60	920.625	2215		247	920.625	150009584 6.64428	
3.71223350668325	-58.5	920.625	2216		248	920.625	150009588 6.6480416	
0.895844780125214	-60	920.625	2215		249	920.625	150009591 6.6516267	
0.963339934792183	-60	920.625	2215		250	920.625	150009596 6.6561202	
3.70609758353171	-58.5	920.625	2216		251	920.625	150009599 6.6590234	
3.69996166038017	-59	920.625	2216		252	920.625	150009601 6.6615117	
0.901980703276757	-59.5	920.625	2215		253	920.625	150009604 6.6638498	
0.969475857943725	-60	920.625	2215		254	920.625	150009611 6.6707228	
3.76132089189559	-58.5	920.625	2216		255	920.625	150009613 6.6726956	
3.72450535298634	-58.5	920.625	2216		256	920.625	150009614 6.6744925	
0.969475857943725	-60	920.625	2215		257	920.625	150009616 6.6761489	
0.93266031903447	-60	920.625	2215		258	920.625	150009828 6.8895408	
3.70609758353171	-58.5	920.625	2216		259	920.625	150009834 6.8942702	
0.951068088489098	-59.5	920.625	2215		260	920.625	150009838 6.8980888	
3.77972866135022	-58.5	920.625	2216		261	920.625	150009841 6.9016633	
3.73064127613788	-58.5	920.625	2216		262	920.625	150009845 6.9055962	
0.98174770424681	-60	920.625	2215		263	920.625	150009853 6.9129965	
0.607456392002714	-59	920.625	2216		264	920.625	150009856 6.9165733	
0.975611781095268	-60.5	920.625	2215		265	920.625	150009863 6.924247	
3.81654420025948	-58.5	920.625	2216		266	920.625	150010079 7.139738	
0.951068088489098	-60	920.625	2215		267	920.625	150010087 7.1479407	
3.72450535298634	-58.5	920.625	2216		268	920.625	150010093 7.1541242	
0.987883627398353	-60	920.625	2215		269	920.625	150010100 7.1608734	
0.883572933822129	-60	920.625	2215		270	920.625	150010105 7.1660507	
3.71836942983479	-58.5	920.625	2216		271	920.625	150010113 7.1735014	
3.74904904559251	-58.5	920.625	2216		272	920.625	150010115 7.1761472	
0.938796242186012	-60	920.625	2215		273	920.625	150010119 7.1786637	
0.920388472731385	-60	920.625	2215		274	920.625	150010121 7.1808197	
3.76745681504713	-58.5	920.625	2216		275	920.625	150010125 7.1850857	
0.944932165337555	-60	920.625	2215		276	920.625	150010321 7.3897773	
3.76132089189559	-58.5	920.625	2216		277	920.625	150010337 7.3981738	
3.76745681504713	-58.5	920.625	2216		278	920.625	150010347 7.407342	
0.865165164367502	-60	920.625	2215		279	920.625	150010357 7.4167797	
3.66314612147091	-58.5	920.625	2216		280	920.625	150010360 7.4203078	
0.914252549579842	-60	920.625	2215		281	920.625	150010363 7.4229633	
0.625864161457342	-59	920.625	2216		282	920.625	150010365 7.4254378	
0.975611781095268	-60.5	920.625	2215		283	920.625	150010371 7.4311361	
3.70609758353171	-58.5	920.625	2216		284	920.625	150010373 7.4333952	
0.951068088489098	-60	920.625	2215		285	920.625	150010375 7.4352974	
0.93266031903447	-60	920.625	2215		286	920.625	150010579 7.6393102	
3.73064127613788	-58.5	920.625	2216		287	920.625	150010587 7.6471448	
1.01242732000452	-60	920.625	2215		288	920.625	150010592 7.6518555	
3.76745681504713	-58.5	920.625	2216		289	920.625	150010595 7.6550834	
3.70609758353171	-58.5	920.625	2216		290	920.625	150010598 7.6579443	
0.969475857943725	-60	920.625	2215		291	920.625	150010600 7.6602139	
3.74904904559251	-58.5	920.625	2216		292	920.625	150010604 7.6645655	
0.98174770424681	-60	920.625	2215		293	920.625	150010606 7.6664452	
3.84722381601719	-58	920.625	2216		294	920.625	150010608 7.6682363	
0.969475857943725	-60	920.625	2215		295	920.625	150010610 7.6700298	
0.914252549579842	-60	920.625	2215		296	920.625	150010827 7.889387	
3.74291312244096	-58.5	920.625	2216		297	920.625	150010833 7.8933188	
0.834485548609789	-59.5	920.625	2215		298	920.625	150010836 7.8965446	
3.74904904559251	-58.5	920.625	2216		299	920.625	150010839 7.8995294	
1.03083508945915	-60	920.625	2215		300	920.625	150010842 7.9025581	
3.72450535298634	-58.5	920.625	2216		301	920.625	150010845 7.9055174	
0.975611781095268	-60	920.625	2215		302	920.625	150010851 7.911103	
3.66928204462245	-58	920.625	2216		303	920.625	150010854 7.9142925	
0.93266031903447	-60	920.625	2215		304	920.625	150010856 7.9163248	
3.76132089189559	-59	920.625	2216		305	920.625	150010859 7.9190038	
0.969475857943725	-60	920.625	2215		306	920.625	150011076 8.1397895	
3.74291312244096	-58.5	920.625	2216		307	920.625	150011088 8.1481516	
3.72450535298634	-58.5	920.625	2216		308	920.625	150011095 8.1550591	
0.920388472731385	-60	920.625	2215		309	920.625	150011104 8.1647222	
3.76745681504713	-58.5	920.625	2216		310	920.625	150011108 8.1688758	
1.01856324315607	-60	920.625	2215		311	920.625	150011111 8.1722654	
3.71836942983479	-58.5	920.625	2216		312	920.625	150011118 8.1784683	
1.00015547370144	-60	920.625	2215		313	920.625	150011120 8.1811555	
3.76132089189559	-58.5	920.625	2216		314	920.625	150011123 8.1837464	
0.938796242186012	-60	920.625	2215		315	920.625	150011126 8.1870846	
0.95720401164064	-59.5	920.625	2215		316	920.625	150011329 8.3895622	
3.78586458450176	-58.5	920.625	2216		317	920.625	150011338 8.3979463	
3.71836942983479	-58.5	920.625	2216		318	920.625	150011347 8.4065622	
0.883572933822129	-59.5	920.625	2215		319	920.625	150011352 8.4130782	
0.963339934792183	-60.5	920.625	2215		320	920.625	150011361 8.4215516	
3.71836942983479	-58.5	920.625	2216		321	920.625	150011364 8.424736	
0.969475857943725	-60	920.625	2215		322	920.625	150011367 8.4272814	
3.72450535298634	-58.5	920.625	2216		323	920.625	150011372 8.4318267	
3.69382573722862	-58.5	920.625	2216		324	920.625	150011374 8.4341929	
1.03083508945915	-60	920.625	2215		325	920.625	150011376 8.4362454	
0.987883627398353	-60	920.625	2215		326	920.625	150011579 8.6394571	
3.66314612147091	-58.5	920.625	2216		327	920.625	150011587 8.6478306	
3.72450535298634	-58.5	920.625	2216		328	920.625	150011595 8.6548048	
0.926524395882927	-60	920.625	2215		329	920.625	150011601 8.661147	
0.975611781095268	-60	920.625	2215		330	920.625	150011609 8.6697039	
3.70609758353171	-58.5	920.625	2216		331	920.625	150011613 8.6734532	
0.975611781095268	-60	920.625	2215		332	920.625	150011616 8.6765627	
3.77972866135022	-58.5	920.625	2216		333	920.625	150011623 8.6834201	
3.71836942983479	-58.5	920.625	2216		334	920.625	150011626 8.6868912	
0.9081166264283	-60	920.625	2215		335	920.625	150011629 8.689912	
3.71223350668325	-58.5	920.625	2216		336	920.625	150011631 8.6918274	
0.987883627398353	-59.5	920.625	2215		337	920.625	150011633 8.6935455	
3.71836942983479	-58.5	920.625	2216		338	920.625	150011822 8.8892784	
1.00015547370144	-60	920.625	2215		339	920.625	150011838 8.8975953	
0.987883627398353	-60	920.625	2215		340	920.625	150011846 8.906791	
3.76132089189559	-58.5	920.625	2216		341	920.625	150011849 8.9101902	
0.987883627398353	-60	920.625	2215		342	920.625	150011853 8.9136182	
3.69382573722862	-58.5	920.625	2216		343	920.625	150011856 8.916559	
3.70609758353171	-58.5	920.625	2216		344	920.625	150011858 8.9188215	
0.93266031903447	-60	920.625	2215		345	920.625	150011860 8.9209268	
3.79813643080485	-58.5	920.625	2216		346	920.625	150011862 8.9228685	
0.95720401164064	-60	920.625	2215		347	920.625	150011864 8.924548	
0.951068088489098	-60	920.625	2215		348	920.625	150012079 9.1391276	
3.74904904559251	-58.5	920.625	2216		349	920.625	150012083 9.1435325	
3.77359273819868	-58.5	920.625	2216		350	920.625	150012086 9.1467862	
0.938796242186012	-60	920.625	2215		351	920.625	150012089 9.1494667	
0.914252549579842	-60	920.625	2215		352	920.625	150012092 9.152075	
3.74291312244096	-59	920.625	2216		353	920.625	150012094 9.1547958	
0.93266031903447	-60.5	920.625	2215		354	920.625	150012099 9.1598659	
3.74904904559251	-58.5	920.625	2216		355	920.625	150012101 9.1617558	
3.81040827710793	-58.5	920.625	2216		356	920.625	150012103 9.1636185	
0.883572933822129	-60	920.625	2215		357	920.625	150012104 9.1653254	
3.74904904559251	-58.5	920.625	2216		358	920.625	150012106 9.1668455	
0.963339934792183	-60	920.625	2215		359	920.625	150012107 9.1676459	
0.963339934792183	-60.5	920.625	2215		360	920.625	150012329 9.3889896	
3.76132089189559	-59	920.625	2216		361	920.625	150012334 9.3944004	
3.81654420025948	-58.5	920.625	2216		362	920.625	150012338 9.3986151	
0.969475857943725	-60.5	920.625	2215		363	920.625	150012343 9.4033751	
0.975611781095268	-60	920.625	2215		364	920.625	150012347 9.4075495	
3.76745681504713	-59	920.625	2216		365	920.625	150012355 9.4148776	
3.78586458450176	-59	920.625	2216		366	920.625	150012357 9.4181309	
0.944932165337555	-60.5	920.625	2215		367	920.625	150012361 9.4209265	
3.81040827710793	-58.5	920.625	2216		368	920.625	150012363 9.4234876	
0.914252549579842	-60	920.625	2215		369	920.625	150012365 9.425607	
0.987883627398353	-60	920.625	2215		370	920.625	150012573 9.6394242	
3.81654420025948	-58.5	920.625	2216		371	920.625	150012587 9.6475214	
3.82881604656256	-58.5	920.625	2216		372	920.625	150012596 9.6591555	
1.02469916630761	-60.5	920.625	2215		373	920.625	150012605 9.6657098	
0.951068088489098	-60	920.625	2215		374	920.625	150012609 9.6700405	
3.76745681504713	-59	920.625	2216		375	920.625	150012615 9.676133	
0.938796242186012	-60.5	920.625	2215		376	920.625	150012619 9.6794165	
3.79813643080485	-58.5	920.625	2216		377	920.625	150012621 9.6821033	
0.95720401164064	-60	920.625	2215		378	920.625	150012625 9.6846864	
3.81040827710793	-58.5	920.625	2216		379	920.625	150012627 9.6871712	
3.77359273819868	-59	920.625	2216		380	920.625	150012829 9.8893487	
1.03083508945915	-60	920.625	2215		381	920.625	150012836 9.8965963	
0.951068088489098	-60	920.625	2215		382	920.625	150012843 9.9036581	
3.81040827710793	-58.5	920.625	2216		383	920.625	150012850 9.910019	
3.8349519697141	-58.5	920.625	2216		384	920.625	150012859 9.9199614	
0.871301087519044	-59.5	920.625	2215		385	920.625	150012863 9.9236855	
0.975611781095268	-60	920.625	2215		386	920.625	150012866 9.9268214	
3.75518496874405	-58.5	920.625	2216		387	920.625	150012869 9.9299905	
0.98174770424681	-60.5	920.625	2215		388	920.625	150012876 9.9366399	
3.70609758353171	-58	920.625	2216		389	920.625	150012878 9.9388173	
3.82268012341102	-58.5	920.625	2216		390	920.625	150012880 9.9406075	
0.938796242186012	-60	920.625	2215		391	920.625	150012882 9.9429129	
3.77972866135022	-59	920.625	2216		392	920.625	150013075 10.1397454	
0.969475857943725	-60	920.625	2215		393	920.625	150013088 10.1485833	
0.951068088489098	-60	920.625	2215		394	920.625	150013101 10.1617952	
3.80427235395639	-58.5	920.625	2216		395	920.625	150013107 10.1674591	
3.78586458450176	-58.5	920.625	2216		396	920.625	150013112 10.1716227	
0.93266031903447	-60.5	920.625	2215		397	920.625	150013115 10.1745532	
3.85335973916873	-58.5	920.625	2216		398	920.625	150013117 10.1769097	
0.975611781095268	-60.5	920.625	2215		399	920.625	150013122 10.1824393	
3.77359273819868	-58.5	920.625	2216		400	920.625	150013124 10.1843608	
0.944932165337555	-60	920.625	2215		401	920.625	150013126 10.1861542	
0.9081166264283	-60	920.625	2215		402	920.625	150013329 10.3890618	
3.84108789286565	-58.5	920.625	2216		403	920.625	150013337 10.396873	
0.944932165337555	-59.5	920.625	2215		404	920.625	150013341 10.4016626	
3.73677719928942	-58.5	920.625	2216		405	920.625	150013344 10.4042501	
0.926524395882927	-60.5	920.625	2215		406	920.625	150013348 10.4078229	
3.74904904559251	-58.5	920.625	2216		407	920.625	150013349 10.409283	
0.93266031903447	-60	920.625	2215		408	920.625	150013350 10.4102707	
3.80427235395639	-58.5	920.625	2216		409	920.625	150013351 10.4116141	
0.9081166264283	-60	920.625	2215		410	920.625	150013353 10.4128679	
3.75518496874405	-58.5	920.625	2216		411	920.625	150013354 10.4140157	
3.76745681504713	-58.5	920.625	2216		412	920.625	150013355 10.4151695	
0.975611781095268	-60.5	920.625	2215		413	920.625	150013360 10.4202068	
