3.90858304753261	-62.5	920.625	2216		0	920.625	150619263 0.6567338	
5.6082337605099	-62	920.625	2215		1	920.625	150619267 0.6586041	
0.656543777215054	-61.5	920.625	2216		2	920.625	150619267 0.6592359	
5.6082337605099	-62	920.625	2215		3	920.625	150619268 0.6597247	
5.58982599105528	-62.5	920.625	2215		4	920.625	150619268 0.6601844	
0.66881562351814	-63	920.625	2216		5	920.625	150619269 0.6605672	
0.632000084608884	-62	920.625	2216		6	920.625	150619270 0.661987	
5.54073860584294	-62	920.625	2215		7	920.625	150619272 0.6644004	
5.55607841372179	-62.5	920.625	2215		8	920.625	150619274 0.6660072	
0.653475815639283	-62.5	920.625	2216		9	920.625	150619276 0.6680195	
0.521553467881118	-62	920.625	2216		10	920.625	150619478 0.8693968	
5.51619491323677	-62	920.625	2215		11	920.625	150619490 0.8818855	
5.51005899008522	-62.5	920.625	2215		12	920.625	150619493 0.8848815	
0.610524353578485	-62.5	920.625	2216		13	920.625	150619496 0.8879623	
5.51005899008522	-62	920.625	2215		14	920.625	150619503 0.8948695	
0.374291312244096	-62	920.625	2216		15	920.625	150619507 0.8982752	
5.43642791226671	-62.5	920.625	2215		16	920.625	150619509 0.9011192	
0.576776776245001	-62.5	920.625	2216		17	920.625	150619512 0.9039453	
0.447922390062607	-61.5	920.625	2216		18	920.625	150619520 0.911288	
5.46097160487288	-62	920.625	2215		19	920.625	150619524 0.9160191	
0.515417544729575	-62.5	920.625	2216		20	920.625	150619727 1.1187521	
5.44256383541826	-62.5	920.625	2215		21	920.625	150619729 1.1211581	
5.43642791226671	-62	920.625	2215		22	920.625	150619732 1.1241472	
0.42951462060798	-61	920.625	2216		23	920.625	150619734 1.1260445	
0.487805890547634	-62	920.625	2216		24	920.625	150619736 1.12742	
5.46097160487288	-62.5	920.625	2215		25	920.625	150619738 1.1294664	
0.368155389092554	-61	920.625	2216		26	920.625	150619740 1.1319122	
5.38734052705437	-61.5	920.625	2215		27	920.625	150619746 1.1379098	
0.487805890547634	-62	920.625	2216		28	920.625	150619748 1.139636	
5.41802014281208	-62.5	920.625	2215		29	920.625	150619749 1.1411188	
0.472466082668777	-61	920.625	2216		30	920.625	150619977 1.369281	
5.33211721869049	-61.5	920.625	2215		31	920.625	150619981 1.3732883	
0.555301045214602	-62	920.625	2216		32	920.625	150619984 1.376776	
5.37200071917552	-62.5	920.625	2215		33	920.625	150619989 1.3812307	
5.33825314184203	-61	920.625	2215		34	920.625	150619993 1.385116	
0.521553467881118	-61	920.625	2216		35	920.625	150619996 1.3884868	
5.37506868075129	-62.5	920.625	2215		36	920.625	150620000 1.3918695	
0.50314569842649	-62	920.625	2216		37	920.625	150620008 1.4000072	
0.460194236365692	-61	920.625	2216		38	920.625	150620011 1.4036148	
5.32598129553895	-61	920.625	2215		39	920.625	150620014 1.4063927	
5.38734052705437	-62.5	920.625	2215		40	920.625	150620227 1.619273	
0.435650543759522	-62	920.625	2216		41	920.625	150620238 1.6299368	
0.398835004850267	-61	920.625	2216		42	920.625	150620244 1.6357402	
5.31370944923586	-61.5	920.625	2215		43	920.625	150620249 1.6413602	
5.33518518026626	-62	920.625	2215		44	920.625	150620258 1.6503522	
0.386563158547182	-62.5	920.625	2216		45	920.625	150620262 1.6537788	
5.28302983347815	-61.5	920.625	2215		46	920.625	150620265 1.6575534	
0.312932080728671	-61.5	920.625	2216		47	920.625	150620274 1.6657923	
5.32598129553895	-62	920.625	2215		48	920.625	150620479 1.8711553	
0.42951462060798	-62.5	920.625	2216		49	920.625	150620484 1.8757639	
5.30757352608432	-61.5	920.625	2215		50	920.625	150620491 1.8824155	
0.349747619637926	-61.5	920.625	2216		51	920.625	150620494 1.8862974	
5.33211721869049	-62	920.625	2215		52	920.625	150620498 1.8901733	
0.386563158547182	-62.5	920.625	2216		53	920.625	150620506 1.8975572	
5.35666091129666	-61	920.625	2215		54	920.625	150620508 1.9000678	
0.374291312244096	-61.5	920.625	2216		55	920.625	150620511 1.9023303	
0.389631120122953	-62.5	920.625	2216		56	920.625	150620513 1.9044543	
5.33518518026626	-62	920.625	2215		57	920.625	150620515 1.9065822	
5.39961237335746	-62	920.625	2215		58	920.625	150620517 1.9085083	
0.343611696486384	-61.5	920.625	2216		59	920.625	150620521 1.912851	
5.33825314184203	-62	920.625	2215		60	920.625	150620727 2.119006	
3.51588396583389	-63	920.625	2216		61	920.625	150620730 2.1219653	
0.380427235395639	-62	920.625	2216		62	920.625	150620732 2.1241386	
5.41802014281208	-61.5	920.625	2215		63	920.625	150620734 2.1262251	
3.51895192740966	-63	920.625	2216		64	920.625	150620737 2.1291261	
5.37200071917552	-62.5	920.625	2215		65	920.625	150620739 2.1313966	
5.37506868075129	-62	920.625	2215		66	920.625	150620741 2.133373	
0.50314569842649	-63.5	920.625	2216		67	920.625	150620743 2.1354488	
0.490873852123405	-63	920.625	2216		68	920.625	150620977 2.3689851	
5.43949587384248	-62.5	920.625	2215		69	920.625	150620989 2.3813068	
5.43642791226671	-62	920.625	2215		70	920.625	150620996 2.3880737	
0.398835004850267	-62	920.625	2216		71	920.625	150621005 2.3969414	
5.4486997585698	-62.5	920.625	2215		72	920.625	150621008 2.3998746	
0.527689391032661	-63.5	920.625	2216		73	920.625	150621010 2.4020118	
0.435650543759522	-63	920.625	2216		74	920.625	150621012 2.4041222	
5.45483568172134	-61.5	920.625	2215		75	920.625	150621015 2.4072039	
5.50699102850945	-62.5	920.625	2215		76	920.625	150621019 2.4108028	
3.66621408304668	-63.5	920.625	2216		77	920.625	150621021 2.4133247	
5.30757352608432	-61.5	920.625	2215		78	920.625	150621227 2.6190704	
0.497009775274948	-63	920.625	2216		79	920.625	150621230 2.6226643	
0.561436968366145	-63.5	920.625	2216		80	920.625	150621237 2.6291038	
5.51619491323677	-62.5	920.625	2215		81	920.625	150621239 2.6315143	
5.54073860584294	-61.5	920.625	2215		82	920.625	150621244 2.6358706	
0.582912699396544	-62	920.625	2216		83	920.625	150621245 2.6374312	
5.53153472111562	-62	920.625	2215		84	920.625	150621246 2.6380374	
0.5982525072754	-63.5	920.625	2216		85	920.625	150621247 2.6393442	
5.26462206402352	-61.5	920.625	2215		86	920.625	150621251 2.6436025	
0.570640853093458	-63.5	920.625	2216		87	920.625	150621253 2.6451413	
0.564504929941916	-63.5	920.625	2216		88	920.625	150621477 2.8693311	
5.53767064426716	-62	920.625	2215		89	920.625	150621487 2.8792139	
5.51005899008522	-61.5	920.625	2215		90	920.625	150621495 2.8867875	
0.497009775274948	-63	920.625	2216		91	920.625	150621498 2.8901891	
0.57370881466923	-63.5	920.625	2216		92	920.625	150621505 2.8967576	
5.54994249057025	-62	920.625	2215		93	920.625	150621507 2.8993083	
0.632000084608884	-62.5	920.625	2216		94	920.625	150621510 2.9018743	
5.50392306693368	-61	920.625	2215		95	920.625	150621512 2.9039979	
5.51005899008522	-62	920.625	2215		96	920.625	150621514 2.9057744	
0.659611738790826	-63	920.625	2216		97	920.625	150621519 2.9101417	
0.527689391032661	-62	920.625	2216		98	920.625	150621727 3.1189303	
5.60209783735836	-61.5	920.625	2215		99	920.625	150621739 3.1309217	
5.53460268269139	-62	920.625	2215		100	920.625	150621743 3.1349416	
0.601320468851171	-63	920.625	2216		101	920.625	150621746 3.1378697	
5.54687452899448	-62	920.625	2215		102	920.625	150621749 3.1405043	
0.576776776245001	-62.5	920.625	2216		103	920.625	150621754 3.1458575	
5.55607841372179	-62	920.625	2215		104	920.625	150621756 3.147762	
0.613592315154256	-63	920.625	2216		105	920.625	150621758 3.1494379	
0.632000084608884	-62.5	920.625	2216		106	920.625	150621760 3.1511285	
5.51005899008522	-61.5	920.625	2215		107	920.625	150621761 3.152398	
5.52846675953985	-62	920.625	2215		108	920.625	150621977 3.3690995	
0.613592315154256	-63	920.625	2216		109	920.625	150621985 3.3764898	
0.705631162427395	-62.5	920.625	2216		110	920.625	150621995 3.3868724	
5.51619491323677	-61.5	920.625	2215		111	920.625	150622000 3.3914709	
5.54073860584294	-62	920.625	2215		112	920.625	150622007 3.398348	
0.589048622548086	-63	920.625	2216		113	920.625	150622009 3.4009047	
5.52846675953985	-61.5	920.625	2215		114	920.625	150622012 3.4036318	
0.582912699396544	-62.5	920.625	2216		115	920.625	150622015 3.4068068	
0.607456392002714	-63	920.625	2216		116	920.625	150622021 3.4129338	
5.54380656741871	-62	920.625	2215		117	920.625	150622024 3.4152939	
0.546097160487288	-62.5	920.625	2216		118	920.625	150622226 3.6185344	
5.51005899008522	-61.5	920.625	2215		119	920.625	150622231 3.6226225	
5.51926287481254	-62	920.625	2215		120	920.625	150622234 3.6258394	
0.632000084608884	-63.5	920.625	2216		121	920.625	150622238 3.629606	
0.625864161457342	-62	920.625	2216		122	920.625	150622239 3.6308756	
5.48551529747905	-62	920.625	2215		123	920.625	150622241 3.6326931	
5.50085510535791	-62.5	920.625	2215		124	920.625	150622242 3.6342453	
0.616660276730028	-63	920.625	2216		125	920.625	150622244 3.6358752	
5.4916512206306	-62	920.625	2215		126	920.625	150622245 3.6371936	
0.564504929941916	-62.5	920.625	2216		127	920.625	150622246 3.6383889	
5.54994249057025	-62	920.625	2215		128	920.625	150622477 3.8690634	
0.635068046184655	-63	920.625	2216		129	920.625	150622484 3.8757461	
0.589048622548086	-62.5	920.625	2216		130	920.625	150622491 3.8833892	
5.58982599105528	-61.5	920.625	2215		131	920.625	150622495 3.8870111	
0.607456392002714	-63	920.625	2216		132	920.625	150622498 3.8899549	
5.55301045214602	-62	920.625	2215		133	920.625	150622501 3.8928655	
5.53460268269139	-61.5	920.625	2215		134	920.625	150622507 3.8993494	
0.625864161457342	-62.5	920.625	2216		135	920.625	150622509 3.9014798	
0.546097160487288	-62.5	920.625	2216		136	920.625	150622512 3.9036309	
5.55301045214602	-61.5	920.625	2215		137	920.625	150622514 3.905522	
5.43029198911517	-61	920.625	2215		138	920.625	150622727 4.1190278	
0.650407854063512	-62	920.625	2216		139	920.625	150622734 4.1257057	
0.552233083638831	-62	920.625	2216		140	920.625	150622740 4.1318636	
5.4916512206306	-62	920.625	2215		141	920.625	150622745 4.1369779	
5.51619491323677	-61.5	920.625	2215		142	920.625	150622750 4.1423287	
0.662679700366597	-62.5	920.625	2216		143	920.625	150622761 4.152575	
5.55607841372179	-62	920.625	2215		144	920.625	150622763 4.1554027	
0.659611738790826	-63	920.625	2216		145	920.625	150622766 4.1579376	
5.52846675953985	-62	920.625	2215		146	920.625	150622772 4.1637283	
0.582912699396544	-62.5	920.625	2216		147	920.625	150622774 4.1657592	
5.54687452899448	-62	920.625	2215		148	920.625	150622977 4.3687964	
0.628932123033113	-63	920.625	2216		149	920.625	150622986 4.3781611	
0.632000084608884	-62.5	920.625	2216		150	920.625	150622994 4.3853542	
5.57141822160065	-61.5	920.625	2215		151	920.625	150622997 4.389049	
3.81040827710793	-63.5	920.625	2216		152	920.625	150623000 4.3921293	
5.54687452899448	-62.5	920.625	2215		153	920.625	150623004 4.3954165	
0.650407854063512	-62.5	920.625	2216		154	920.625	150623009 4.4010484	
5.4916512206306	-61.5	920.625	2215		155	920.625	150623011 4.4034557	
5.55607841372179	-62	920.625	2215		156	920.625	150623013 4.4056851	
3.80427235395639	-63	920.625	2216		157	920.625	150623016 4.4079691	
5.52846675953985	-62	920.625	2215		158	920.625	150623227 4.6190761	
0.711767085578938	-62	920.625	2216		159	920.625	150623238 4.6296023	
5.53767064426716	-62.5	920.625	2215		160	920.625	150623244 4.6360859	
0.5982525072754	-63.5	920.625	2216		161	920.625	150623248 4.6398776	
0.527689391032661	-63	920.625	2216		162	920.625	150623251 4.643057	
5.54073860584294	-62	920.625	2215		163	920.625	150623257 4.6493041	
0.515417544729575	-63.5	920.625	2216		164	920.625	150623260 4.6516834	
5.51312695166099	-62.5	920.625	2215		165	920.625	150623263 4.6547047	
5.47937937432751	-62	920.625	2215		166	920.625	150623266 4.6579302	
0.50314569842649	-63	920.625	2216		167	920.625	150623272 4.6642365	
5.39347645020591	-62.5	920.625	2215		168	920.625	150623476 4.8686125	
0.371223350668325	-63.5	920.625	2216		169	920.625	150623489 4.8805415	
5.38734052705437	-62	920.625	2215		170	920.625	150623493 4.8856741	
0.411106851153352	-62.5	920.625	2216		171	920.625	150623497 4.8892585	
5.39040848863014	-62.5	920.625	2215		172	920.625	150623501 4.8929461	
0.389631120122953	-63.5	920.625	2216		173	920.625	150623506 4.8985547	
5.39347645020591	-62	920.625	2215		174	920.625	150623508 4.900523	
0.392699081698724	-62.5	920.625	2216		175	920.625	150623510 4.9023793	
5.405748296509	-62.5	920.625	2215		176	920.625	150623512 4.9043317	
3.58644708207663	-63.5	920.625	2216		177	920.625	150623513 4.906101	
0.337475773334841	-62.5	920.625	2216		178	920.625	150623727 5.1188209	
5.30757352608432	-62	920.625	2215		179	920.625	150623732 5.1240832	
0.423378697456437	-63.5	920.625	2216		180	920.625	150623738 5.129932	
5.43642791226671	-62.5	920.625	2215		181	920.625	150623741 5.132882	
0.417242774304894	-62.5	920.625	2216		182	920.625	150623743 5.1354186	
5.37506868075129	-62	920.625	2215		183	920.625	150623746 5.1379211	
5.48858325905482	-63	920.625	2215		184	920.625	150623748 5.1400746	
0.536893275759974	-63.5	920.625	2216		185	920.625	150623754 5.1455824	
0.570640853093458	-62.5	920.625	2216		186	920.625	150623756 5.1477375	
5.36893275759974	-62	920.625	2215		187	920.625	150623758 5.1496857	
5.50085510535791	-63	920.625	2215		188	920.625	150623977 5.36888	
0.628932123033113	-63.5	920.625	2216		189	920.625	150623986 5.3781488	
5.51619491323677	-62.5	920.625	2215		190	920.625	150623994 5.3852918	
0.638136007760427	-62.5	920.625	2216		191	920.625	150624000 5.3916408	
0.681087469821225	-63	920.625	2216		192	920.625	150624008 5.3999568	
5.52233083638831	-62.5	920.625	2215		193	920.625	150624011 5.4029474	
5.55914637529756	-62	920.625	2215		194	920.625	150624014 5.4059242	
0.638136007760427	-62.5	920.625	2216		195	920.625	150624021 5.4131662	
5.57141822160065	-62.5	920.625	2215		196	920.625	150624024 5.4153057	
0.763922432367049	-63	920.625	2216		197	920.625	150624026 5.4173854	
5.57141822160065	-62	920.625	2215		198	920.625	150624227 5.6188479	
0.748582624488193	-61.5	920.625	2216		199	920.625	150624239 5.6302904	
0.816077779155161	-62.5	920.625	2216		200	920.625	150624245 5.6370526	
5.55301045214602	-62.5	920.625	2215		201	920.625	150624258 5.6497994	
5.51619491323677	-62	920.625	2215		202	920.625	150624262 5.653865	
0.644271930911969	-62	920.625	2216		203	920.625	150624265 5.6570873	
5.54073860584294	-62.5	920.625	2215		204	920.625	150624270 5.6614541	
0.730174855033565	-62	920.625	2216		205	920.625	150624272 5.6639868	
0.74244670133665	-61.5	920.625	2216		206	920.625	150624275 5.6662029	
5.58369006790373	-62	920.625	2215		207	920.625	150624277 5.6683589	
5.53153472111562	-62	920.625	2215		208	920.625	150624477 5.868724	
0.71790300873048	-62	920.625	2216		209	920.625	150624486 5.8775917	
5.50392306693368	-61.5	920.625	2215		210	920.625	150624490 5.8815985	
0.662679700366597	-61.5	920.625	2216		211	920.625	150624494 5.8854404	
5.52233083638831	-62	920.625	2215		212	920.625	150624497 5.8892072	
0.674951546669682	-62	920.625	2216		213	920.625	150624506 5.8972885	
0.705631162427395	-61.5	920.625	2216		214	920.625	150624508 5.9001397	
5.55301045214602	-60.5	920.625	2215		215	920.625	150624511 5.9032188	
5.54380656741871	-62	920.625	2215		216	920.625	150624518 5.9094192	
0.650407854063512	-62	920.625	2216		217	920.625	150624521 5.9127431	
0.656543777215054	-61.5	920.625	2216		218	920.625	150624726 6.1181883	
5.405748296509	-62	920.625	2215		219	920.625	150624731 6.1224764	
5.51005899008522	-62	920.625	2215		220	920.625	150624735 6.1270768	
0.607456392002714	-62	920.625	2216		221	920.625	150624738 6.1295729	
0.852893318064416	-60	920.625	2216		222	920.625	150624740 6.131708	
5.47324345117597	-62	920.625	2215		223	920.625	150624742 6.1338122	
5.52539879796408	-62	920.625	2215		224	920.625	150624744 6.1357327	
0.632000084608884	-62	920.625	2216		225	920.625	150624746 6.1379637	
0.69335931612431	-61	920.625	2216		226	920.625	150624751 6.1429483	
5.43029198911517	-61.5	920.625	2215		227	920.625	150624753 6.1444303	
5.53767064426716	-62.5	920.625	2215		228	920.625	150624977 6.3684379	
0.653475815639283	-62	920.625	2216		229	920.625	150624980 6.3721135	
0.730174855033565	-61	920.625	2216		230	920.625	150624983 6.3750777	
5.51619491323677	-61.5	920.625	2215		231	920.625	150624989 6.3802157	
0.671883585093911	-62	920.625	2216		232	920.625	150624990 6.3820071	
5.50699102850945	-62	920.625	2215		233	920.625	150624993 6.3841496	
0.607456392002714	-61.5	920.625	2216		234	920.625	150624994 6.3857086	
5.52233083638831	-61.5	920.625	2215		235	920.625	150624996 6.3870994	
5.54687452899448	-62	920.625	2215		236	920.625	150624997 6.3884884	
0.650407854063512	-61.5	920.625	2216		237	920.625	150624998 6.3895188	
5.57755414475219	-61.5	920.625	2215		238	920.625	150625227 6.6183718	
0.681087469821225	-61.5	920.625	2216		239	920.625	150625236 6.6284899	
0.678019508245453	-61.5	920.625	2216		240	920.625	150625244 6.6357609	
5.57755414475219	-62	920.625	2215		241	920.625	150625250 6.6421152	
5.52846675953985	-61.5	920.625	2215		242	920.625	150625259 6.6509756	
0.632000084608884	-61	920.625	2216		243	920.625	150625262 6.6540192	
5.54687452899448	-62	920.625	2215		244	920.625	150625264 6.6565291	
0.5982525072754	-61.5	920.625	2216		245	920.625	150625271 6.6627409	
0.50314569842649	-61	920.625	2216		246	920.625	150625273 6.6649315	
5.57141822160065	-61.5	920.625	2215		247	920.625	150625275 6.666828	
0.564504929941916	-61.5	920.625	2216		248	920.625	150625477 6.8687819	
5.55301045214602	-62	920.625	2215		249	920.625	150625489 6.8805172	
0.607456392002714	-61	920.625	2216		250	920.625	150625495 6.8869738	
5.51005899008522	-61.5	920.625	2215		251	920.625	150625504 6.8959338	
5.54073860584294	-62	920.625	2215		252	920.625	150625507 6.8994713	
0.632000084608884	-62	920.625	2216		253	920.625	150625510 6.9026589	
0.644271930911969	-61	920.625	2216		254	920.625	150625513 6.9052411	
5.30757352608432	-60.5	920.625	2215		255	920.625	150625515 6.90771	
5.53153472111562	-62	920.625	2215		256	920.625	150625518 6.9103755	
0.641203969336198	-62	920.625	2216		257	920.625	150625524 6.9163092	
0.625864161457342	-61.5	920.625	2216		258	920.625	150625526 6.9182819	
5.52233083638831	-61.5	920.625	2215		259	920.625	150625528 6.9200674	
0.644271930911969	-62	920.625	2216		260	920.625	150625718 7.1186684	
5.56835026002488	-62	920.625	2215		261	920.625	150625735 7.1269759	
0.533825314184203	-61	920.625	2216		262	920.625	150625742 7.1337217	
5.49778714378214	-61.5	920.625	2215		263	920.625	150625754 7.1466148	
5.60209783735836	-62	920.625	2215		264	920.625	150625761 7.1529246	
0.66881562351814	-61.5	920.625	2216		265	920.625	150625766 7.1577867	
0.711767085578938	-61.5	920.625	2216		266	920.625	150625769 7.1611867	
5.51005899008522	-61.5	920.625	2215		267	920.625	150625772 7.1641699	
5.59902987578259	-62	920.625	2215		268	920.625	150625977 7.3682949	
0.610524353578485	-61.5	920.625	2216		269	920.625	150625986 7.3781318	
0.50314569842649	-61.5	920.625	2216		270	920.625	150625990 7.3822655	
5.49778714378214	-61.5	920.625	2215		271	920.625	150625993 7.385016	
5.56221433687333	-62	920.625	2215		272	920.625	150625997 7.3895844	
0.570640853093458	-62	920.625	2216		273	920.625	150626000 7.3924167	
0.484737928971863	-61	920.625	2216		274	920.625	150626002 7.3943629	
5.60209783735836	-61.5	920.625	2215		275	920.625	150626004 7.3962349	
0.555301045214602	-62	920.625	2216		276	920.625	150626006 7.3980285	
5.53153472111562	-62	920.625	2215		277	920.625	150626007 7.3997712	
0.576776776245001	-61	920.625	2216		278	920.625	150626008 7.4006813	
5.51619491323677	-61.5	920.625	2215		279	920.625	150626009 7.4018566	
0.579844737820772	-62	920.625	2216		280	920.625	150626227 7.61861	
5.51926287481254	-62	920.625	2215		281	920.625	150626234 7.6258695	
0.42951462060798	-61	920.625	2216		282	920.625	150626240 7.6328403	
5.4916512206306	-61.5	920.625	2215		283	920.625	150626248 7.6398968	
5.51926287481254	-62	920.625	2215		284	920.625	150626256 7.6480603	
0.582912699396544	-62	920.625	2216		285	920.625	150626261 7.6521973	
0.490873852123405	-61.5	920.625	2216		286	920.625	150626264 7.6562655	
5.47324345117597	-61.5	920.625	2215		287	920.625	150626272 7.6637921	
5.51005899008522	-62	920.625	2215		288	920.625	150626276 7.66714	
0.579844737820772	-62	920.625	2216		289	920.625	150626278 7.6701702	
5.43029198911517	-61.5	920.625	2215		290	920.625	150626476 7.868246	
0.834485548609789	-60.5	920.625	2216		291	920.625	150626483 7.8758556	
5.55607841372179	-62	920.625	2215		292	920.625	150626493 7.8858637	
0.582912699396544	-62	920.625	2216		293	920.625	150626503 7.894868	
0.576776776245001	-61.5	920.625	2216		294	920.625	150626509 7.9015983	
5.52233083638831	-61.5	920.625	2215		295	920.625	150626513 7.9047302	
5.57141822160065	-62	920.625	2215		296	920.625	150626516 7.9081449	
0.5982525072754	-62	920.625	2216		297	920.625	150626519 7.9105223	
0.527689391032661	-61	920.625	2216		298	920.625	150626521 7.9126981	
5.48551529747905	-61	920.625	2215		299	920.625	150626525 7.9171567	
5.55607841372179	-62	920.625	2215		300	920.625	150626726 8.1185747	
0.567572891517687	-62	920.625	2216		301	920.625	150626738 8.130879	
5.47324345117597	-61.5	920.625	2215		302	920.625	150626745 8.1374061	
0.539961237335746	-61.5	920.625	2216		303	920.625	150626754 8.1458369	
5.52233083638831	-61.5	920.625	2215		304	920.625	150626758 8.150055	
0.466330159517235	-61.5	920.625	2216		305	920.625	150626764 8.1557187	
5.51619491323677	-62	920.625	2215		306	920.625	150626767 8.1586502	
0.521553467881118	-61	920.625	2216		307	920.625	150626769 8.1612505	
5.53153472111562	-62	920.625	2215		308	920.625	150626771 8.1638255	
0.564504929941916	-62	920.625	2216		309	920.625	150626774 8.1661917	
5.43642791226671	-61.5	920.625	2215		310	920.625	150626976 8.3685173	
0.589048622548086	-61.5	920.625	2216		311	920.625	150626987 8.3795645	
0.616660276730028	-62	920.625	2216		312	920.625	150626994 8.3860702	
5.57141822160065	-62	920.625	2215		313	920.625	150627004 8.3962767	
0.539961237335746	-61	920.625	2216		314	920.625	150627009 8.4005055	
5.50392306693368	-61.5	920.625	2215		315	920.625	150627012 8.4045538	
0.558369006790373	-61.5	920.625	2216		316	920.625	150627020 8.4119841	
5.56221433687333	-62	920.625	2215		317	920.625	150627022 8.4145399	
5.46097160487288	-61.5	920.625	2215		318	920.625	150627025 8.4171493	
0.582912699396544	-61.5	920.625	2216		319	920.625	150627027 8.4195838	
5.59596191420682	-62	920.625	2215		320	920.625	150627225 8.617631	
0.576776776245001	-62	920.625	2216		321	920.625	150627227 8.619311	
5.51619491323677	-61.5	920.625	2215		322	920.625	150627228 8.6204797	
0.546097160487288	-61	920.625	2216		323	920.625	150627229 8.6216371	
0.567572891517687	-62	920.625	2216		324	920.625	150627231 8.6228725	
5.53460268269139	-62	920.625	2215		325	920.625	150627232 8.6243054	
5.4916512206306	-62	920.625	2215		326	920.625	150627233 8.6254584	
0.546097160487288	-60	920.625	2216		327	920.625	150627234 8.6266866	
5.51926287481254	-62	920.625	2215		328	920.625	150627235 8.6278573	
0.5982525072754	-62	920.625	2216		329	920.625	150627237 8.6289876	
0.589048622548086	-61.5	920.625	2216		330	920.625	150627476 8.8677014	
5.53460268269139	-62	920.625	2215		331	920.625	150627478 8.8696401	
0.607456392002714	-61.5	920.625	2216		332	920.625	150627479 8.8704982	
5.50085510535791	-62	920.625	2215		333	920.625	150627480 8.8720754	
5.45483568172134	-61	920.625	2215		334	920.625	150627482 8.873596	
0.552233083638831	-61	920.625	2216		335	920.625	150627483 8.8750493	
3.71836942983479	-62	920.625	2216		336	920.625	150627485 8.8761298	
5.50085510535791	-62	920.625	2215		337	920.625	150627486 8.877225	
0.613592315154256	-61.5	920.625	2216		338	920.625	150627489 8.881246	
5.49778714378214	-61	920.625	2215		339	920.625	150627490 8.8823367	
5.48551529747905	-62	920.625	2215		340	920.625	150627723 9.1186507	
0.635068046184655	-62	920.625	2216		341	920.625	150627740 9.1313727	
5.48551529747905	-61.5	920.625	2215		342	920.625	150627745 9.1362116	
0.662679700366597	-61.5	920.625	2216		343	920.625	150627751 9.1429907	
0.625864161457342	-62	920.625	2216		344	920.625	150627755 9.147267	
5.50699102850945	-62	920.625	2215		345	920.625	150627759 9.1512656	
5.51005899008522	-61.5	920.625	2215		346	920.625	150627765 9.1572985	
0.558369006790373	-61	920.625	2216		347	920.625	150627768 9.1599056	
0.773126317094363	-62	920.625	2216		348	920.625	150627770 9.1621932	
5.46710752802443	-62	920.625	2215		349	920.625	150627772 9.1644161	
0.576776776245001	-62	920.625	2216		350	920.625	150627976 9.3680278	
5.43029198911517	-61.5	920.625	2215		351	920.625	150627986 9.3785054	
0.607456392002714	-62.5	920.625	2216		352	920.625	150627989 9.3817145	
5.49778714378214	-62	920.625	2215		353	920.625	150627996 9.3872665	
5.47937937432751	-62	920.625	2215		354	920.625	150628000 9.3915358	
0.527689391032661	-62	920.625	2216		355	920.625	150628002 9.3943566	
5.48551529747905	-62	920.625	2215		356	920.625	150628004 9.3968411	
0.632000084608884	-62.5	920.625	2216		357	920.625	150628006 9.398928	
0.490873852123405	-62	920.625	2216		358	920.625	150628012 9.4034333	
5.46097160487288	-61.5	920.625	2215		359	920.625	150628014 9.4053757	
0.607456392002714	-62.5	920.625	2216		360	920.625	150628226 9.6181966	
5.4916512206306	-62.5	920.625	2215		361	920.625	150628238 9.6299435	
5.38120460390283	-62	920.625	2215		362	920.625	150628245 9.6369809	
0.558369006790373	-62	920.625	2216		363	920.625	150628249 9.6406862	
0.524621429456889	-62.5	920.625	2216		364	920.625	150628252 9.6442266	
5.50699102850945	-62.5	920.625	2215		365	920.625	150628255 9.646788	
0.552233083638831	-62	920.625	2216		366	920.625	150628258 9.64927	
5.4916512206306	-62	920.625	2215		367	920.625	150628260 9.6514206	
0.530757352608432	-62.5	920.625	2216		368	920.625	150628265 9.6568653	
5.50085510535791	-62.5	920.625	2215		369	920.625	150628267 9.659059	
0.47860200582032	-61.5	920.625	2216		370	920.625	150628471 9.8682407	
5.4916512206306	-62	920.625	2215		371	920.625	150628487 9.8785738	
5.50085510535791	-62.5	920.625	2215		372	920.625	150628500 9.8917453	
0.595184545699629	-62.5	920.625	2216		373	920.625	150628505 9.8971427	
0.570640853093458	-62	920.625	2216		374	920.625	150628510 9.9016558	
5.52233083638831	-61.5	920.625	2215		375	920.625	150628513 9.9049477	
0.579844737820772	-62.5	920.625	2216		376	920.625	150628516 9.9074746	
5.49778714378214	-62.5	920.625	2215		377	920.625	150628518 9.9095851	
0.472466082668777	-62	920.625	2216		378	920.625	150628520 9.9113628	
5.45483568172134	-62	920.625	2215		379	920.625	150628522 9.9132254	
5.47324345117597	-62	920.625	2215		380	920.625	150628726 10.1179065	
0.546097160487288	-62.5	920.625	2216		381	920.625	150628734 10.1255485	
5.53460268269139	-61	920.625	2215		382	920.625	150628737 10.1288341	
0.50314569842649	-62	920.625	2216		383	920.625	150628740 10.1314603	
0.536893275759974	-62.5	920.625	2216		384	920.625	150628742 10.1339876	
5.46403956644865	-62.5	920.625	2215		385	920.625	150628744 10.1358285	
0.45405831321415	-61.5	920.625	2216		386	920.625	150628749 10.1405676	
5.44256383541826	-62	920.625	2215		387	920.625	150628751 10.1425955	
5.47324345117597	-62	920.625	2215		388	920.625	150628753 10.1445614	
0.518485506305347	-62.5	920.625	2216		389	920.625	150628755 10.1463433	
0.466330159517235	-61.5	920.625	2216		390	920.625	150628976 10.3680685	
5.45483568172134	-62	920.625	2215		391	920.625	150628987 10.3792913	
0.567572891517687	-62.5	920.625	2216		392	920.625	150628997 10.3888313	
5.51005899008522	-62	920.625	2215		393	920.625	150629002 10.3939246	
0.533825314184203	-62	920.625	2216		394	920.625	150629006 10.3975097	
5.54687452899448	-61.5	920.625	2215		395	920.625	150629009 10.4005189	
0.527689391032661	-62.5	920.625	2216		396	920.625	150629016 10.4073592	
5.47324345117597	-62	920.625	2215		397	920.625	150629018 10.4099385	
5.42415606596363	-62	920.625	2215		398	920.625	150629020 10.4121173	
0.50314569842649	-61.5	920.625	2216		399	920.625	150629022 10.4143636	
5.47631141275174	-62.5	920.625	2215		400	920.625	150629223 10.6181878	
0.561436968366145	-62.5	920.625	2216		401	920.625	150629238 10.6296572	
0.564504929941916	-62	920.625	2216		402	920.625	150629248 10.639395	
5.49778714378214	-61.5	920.625	2215		403	920.625	150629254 10.6463507	
0.595184545699629	-62.5	920.625	2216		404	920.625	150629259 10.6507846	
5.55607841372179	-62	920.625	2215		405	920.625	150629268 10.659765	
0.607456392002714	-62	920.625	2216		406	920.625	150629271 10.6625246	
5.52846675953985	-61.5	920.625	2215		407	920.625	150629273 10.6650091	
5.54380656741871	-62.5	920.625	2215		408	920.625	150629278 10.6694873	
0.595184545699629	-62.5	920.625	2216		409	920.625	150629280 10.6714314	
5.51619491323677	-62	920.625	2215		410	920.625	150629469 10.8681728	
0.619728238305799	-62.5	920.625	2216		411	920.625	150629487 10.8786169	
0.66881562351814	-62.5	920.625	2216		412	920.625	150629493 10.885035	
5.52846675953985	-62.5	920.625	2215		413	920.625	150629501 10.8925333	
5.43029198911517	-62	920.625	2215		414	920.625	150629504 10.8957747	
0.662679700366597	-62	920.625	2216		415	920.625	150629507 10.8985135	
5.53460268269139	-62.5	920.625	2215		416	920.625	150629509 10.9010566	
0.604388430426943	-62.5	920.625	2216		417	920.625	150629514 10.9057646	
5.405748296509	-62	920.625	2215		418	920.625	150629516 10.9081114	
0.490873852123405	-62	920.625	2216		419	920.625	150629518 10.9099889	
5.52846675953985	-62.5	920.625	2215		420	920.625	150629724 11.1181445	
0.613592315154256	-62	920.625	2216		421	920.625	150629738 11.1298747	
0.533825314184203	-61	920.625	2216		422	920.625	150629748 11.1398258	
5.52233083638831	-61.5	920.625	2215		423	920.625	150629754 11.1463942	
0.62279619988157	-62.5	920.625	2216		424	920.625	150629761 11.1530619	
5.54073860584294	-62.5	920.625	2215		425	920.625	150629770 11.1620891	
5.51619491323677	-62	920.625	2215		426	920.625	150629773 11.1656791	
0.595184545699629	-61.5	920.625	2216		427	920.625	150629777 11.1688113	
5.53767064426716	-62.5	920.625	2215		428	920.625	150629780 11.1715251	
0.613592315154256	-62	920.625	2216		429	920.625	150629784 11.1765021	
0.656543777215054	-61	920.625	2216		430	920.625	150629976 11.3678173	
5.48551529747905	-62	920.625	2215		431	920.625	150629987 11.3787802	
5.52539879796408	-62	920.625	2215		432	920.625	150630000 11.3921834	
0.613592315154256	-62	920.625	2216		433	920.625	150630004 11.3959217	
5.59596191420682	-60.5	920.625	2215		434	920.625	150630007 11.3994458	
0.527689391032661	-62	920.625	2216		435	920.625	150630010 11.4024504	
0.558369006790373	-62.5	920.625	2216		436	920.625	150630013 11.4052053	
5.54073860584294	-62.5	920.625	2215		437	920.625	150630018 11.4097515	
5.46710752802443	-61.5	920.625	2215		438	920.625	150630020 11.4119534	
0.589048622548086	-61.5	920.625	2216		439	920.625	150630022 11.4137575	
0.613592315154256	-62	920.625	2216		440	920.625	150630051 11.4436194	
5.4701754896002	-62	920.625	2215		441	920.625	150630054 11.4456184	
