0.463262197941464	-62.5	920.625	2215	0000	0	920.625	031554397 0.647923928019486	
5.0099812532345	-63	920.625	2216	0000	1	920.625	031554399 0.649405933079826	
0.411106851153352	-61.5	920.625	2215	0000	2	920.625	031554399 0.649638900499502	
1.87759248437202	-63.5	920.625	2216	0000	3	920.625	031554399 0.649820516915813	
0.460194236365692	-62.5	920.625	2215	0000	4	920.625	031554399 0.649996469618519	
1.76407790606849	-62	920.625	2216	0000	5	920.625	031554400 0.650189413462043	
0.319068003880213	-62	920.625	2215	0000	6	920.625	031554400 0.650901153471913	
1.65669925091649	-62	920.625	2216	0000	7	920.625	031554403 0.653346367426246	
0.50314569842649	-62.5	920.625	2215	0000	8	920.625	031554405 0.655785162505159	
4.95475794487062	-63.5	920.625	2216	0000	9	920.625	031554412 0.662354692707667	
1.54625263418873	-62.5	920.625	2216	0000	10	920.625	031554608 0.858645790973475	
0.349747619637926	-61.5	920.625	2215	0000	11	920.625	031554613 0.862964561388803	
4.94248609856754	-63.5	920.625	2216	0000	12	920.625	031554615 0.865741668960471	
0.50314569842649	-62.5	920.625	2215	0000	13	920.625	031554618 0.868579944639087	
0.355883542789469	-62	920.625	2215	0000	14	920.625	031554625 0.875627492269975	
1.74873809818963	-62.5	920.625	2216	0000	15	920.625	031554628 0.878524670570098	
0.469398121093006	-62.5	920.625	2215	0000	16	920.625	031554634 0.884067180705314	
1.81930121443237	-63.5	920.625	2216	0000	17	920.625	031554638 0.888049148951515	
0.392699081698724	-61.5	920.625	2215	0000	18	920.625	031554642 0.891902739689304	
1.73646625188655	-59	920.625	2216	0000	19	920.625	031554648 0.898841921599856	
4.94862202171908	-63.5	920.625	2216	0000	20	920.625	031554858 1.10862247535246	
0.490873852123405	-62.5	920.625	2215	0000	21	920.625	031554892 1.14224756545271	
1.87145656122048	-62	920.625	2216	0000	22	920.625	031554895 1.14508735145495	
0.417242774304894	-62	920.625	2215	0000	23	920.625	031554901 1.1508284691473	
0.500077736850719	-62.5	920.625	2215	0000	24	920.625	031554904 1.1540598065502	
1.87452452279625	-63.5	920.625	2216	0000	25	920.625	031554907 1.15728396991586	
1.84691286861431	-63	920.625	2216	0000	26	920.625	031554914 1.1638176299322	
6.2279619988157	-59.5	920.625	2215	0000	27	920.625	031554917 1.1670757755795	
4.92714629068868	-63.5	920.625	2216	0000	28	920.625	031555108 1.35861048715866	
0.506213660002262	-62.5	920.625	2215	0000	29	920.625	031555113 1.3632437824696	
1.74260217503809	-62	920.625	2216	0000	30	920.625	031555116 1.36628708458077	
0.484737928971863	-61.5	920.625	2215	0000	31	920.625	031555119 1.36962489979947	
4.99464144535565	-63.5	920.625	2216	0000	32	920.625	031555126 1.37663280143511	
0.512349583153804	-62.5	920.625	2215	0000	33	920.625	031555129 1.37972065809331	
0.325203927031756	-60.5	920.625	2215	0000	34	920.625	031555135 1.38549084951551	
1.81930121443237	-62.5	920.625	2216	0000	35	920.625	031555138 1.38849186256508	
0.450990351638379	-62.5	920.625	2215	0000	36	920.625	031555141 1.39215099913572	
1.71805848243192	-62.5	920.625	2216	0000	37	920.625	031555149 1.39922686533464	
0.42951462060798	-61.5	920.625	2215	0000	38	920.625	031555152 1.40286976592627	
0.472466082668777	-62.5	920.625	2215	0000	39	920.625	031555358 1.60859963170758	
4.93328221384022	-63	920.625	2216	0000	40	920.625	031555361 1.61121702255555	
1.74873809818963	-62.5	920.625	2216	0000	41	920.625	031555363 1.6131895052142	
0.355883542789469	-61.5	920.625	2215	0000	42	920.625	031555365 1.61491769302597	
1.80702936812929	-63.5	920.625	2216	0000	43	920.625	031555367 1.61706386290188	
0.497009775274948	-62.5	920.625	2215	0000	44	920.625	031555373 1.62344837845992	
1.81009732970506	-62.5	920.625	2216	0000	45	920.625	031555377 1.62686359776457	
0.558369006790373	-62	920.625	2215	0000	46	920.625	031555378 1.6286219920489	
0.50314569842649	-62.5	920.625	2215	0000	47	920.625	031555383 1.63324207202809	
4.89033075177942	-62.5	920.625	2216	0000	48	920.625	031555386 1.63636013515886	
0.42951462060798	-61.5	920.625	2215	0000	49	920.625	031555609 1.85971245703601	
1.8162332528566	-63	920.625	2216	0000	50	920.625	031555612 1.86292944636444	
0.506213660002262	-63	920.625	2215	0000	51	920.625	031555613 1.86389982929567	
1.87145656122048	-64	920.625	2216	0000	52	920.625	031555615 1.86521267810963	
0.497009775274948	-62	920.625	2215	0000	53	920.625	031555616 1.86657536760333	
1.84077694546277	-63	920.625	2216	0000	54	920.625	031555617 1.86788897157911	
1.85611675334163	-63.5	920.625	2216	0000	55	920.625	031555618 1.86874834572365	
0.509281621578033	-63	920.625	2215	0000	56	920.625	031555623 1.87407148135185	
0.435650543759522	-62	920.625	2215	0000	57	920.625	031555626 1.87701774516989	
1.84691286861431	-62.5	920.625	2216	0000	58	920.625	031555627 1.87795074759132	
4.94862202171908	-63	920.625	2216	0000	59	920.625	031555858 2.10849560816768	
0.524621429456889	-62.5	920.625	2215	0000	60	920.625	031555861 2.11137881597424	
0.527689391032661	-62	920.625	2215	0000	61	920.625	031555862 2.1124839952893	
1.72419440558346	-62	920.625	2216	0000	62	920.625	031555864 2.11426693233259	
0.469398121093006	-62.5	920.625	2215	0000	63	920.625	031555865 2.11574893739293	
4.95168998329485	-63.5	920.625	2216	0000	64	920.625	031555866 2.11666570383535	
0.42951462060798	-61.5	920.625	2215	0000	65	920.625	031555871 2.12177361834651	
1.79168956025043	-63	920.625	2216	0000	66	920.625	031555873 2.12372042550348	
0.484737928971863	-62	920.625	2215	0000	67	920.625	031556108 2.35848097690753	
1.80702936812929	-63.5	920.625	2216	0000	68	920.625	031556111 2.36104248578125	
1.90827210012974	-62.5	920.625	2216	0000	69	920.625	031556112 2.36229001309828	
0.441786466911065	-61.5	920.625	2215	0000	70	920.625	031556113 2.36270006596338	
0.493941813699176	-62.5	920.625	2215	0000	71	920.625	031556115 2.36463139230316	
1.85611675334163	-63.5	920.625	2216	0000	72	920.625	031556116 2.36604581038113	
1.74260217503809	-62.5	920.625	2216	0000	73	920.625	031556116 2.36652458297133	
0.404970928001809	-62	920.625	2215	0000	74	920.625	031556117 2.36703544993862	
4.92714629068868	-63.5	920.625	2216	0000	75	920.625	031556117 2.36753310157417	
0.518485506305347	-62.5	920.625	2215	0000	76	920.625	031556118 2.36806813371952	
1.68737886667421	-62.5	920.625	2216	0000	77	920.625	031556358 2.60850712438535	
0.533825314184203	-62	920.625	2215	0000	78	920.625	031556361 2.61136616701385	
4.95475794487062	-63.5	920.625	2216	0000	79	920.625	031556363 2.61348175283629	
0.512349583153804	-62.5	920.625	2215	0000	80	920.625	031556364 2.61475306775047	
0.472466082668777	-61	920.625	2215	0000	81	920.625	031556367 2.61720470058023	
1.79168956025043	-62.5	920.625	2216	0000	82	920.625	031556370 2.62080946550024	
0.521553467881118	-62.5	920.625	2215	0000	83	920.625	031556371 2.62134978377829	
5.01304921481027	-63.5	920.625	2216	0000	84	920.625	031556374 2.6247253570877	
0.417242774304894	-61	920.625	2215	0000	85	920.625	031556376 2.62664422325755	
1.81009732970506	-62	920.625	2216	0000	86	920.625	031556377 2.62784870635118	
4.97930163747679	-63.5	920.625	2216	0000	87	920.625	031556608 2.85851590314144	
0.530757352608432	-62.5	920.625	2215	0000	88	920.625	031556611 2.86111365978223	
0.404970928001809	-62	920.625	2215	0000	89	920.625	031556613 2.86303290353299	
1.78555363709889	-62	920.625	2216	0000	90	920.625	031556614 2.86415469640796	
0.481669967396091	-62.5	920.625	2215	0000	91	920.625	031556615 2.86551549799712	
4.88112686705211	-63.5	920.625	2216	0000	92	920.625	031556616 2.86646586914027	
0.515417544729575	-62	920.625	2215	0000	93	920.625	031556617 2.86774813390076	
1.8162332528566	-62	920.625	2216	0000	94	920.625	031556623 2.87411074976618	
5.02532106111336	-63.5	920.625	2216	0000	95	920.625	031556626 2.8767625004767	
0.444854428486836	-62.5	920.625	2215	0000	96	920.625	031556629 2.87991907685999	
0.539961237335746	-62	920.625	2215	0000	97	920.625	031556858 3.10841405069175	
1.66897109721958	-62.5	920.625	2216	0000	98	920.625	031556861 3.1110306863779	
4.91180648280982	-63.5	920.625	2216	0000	99	920.625	031556863 3.11281551132573	
0.497009775274948	-62.5	920.625	2215	0000	100	920.625	031556864 3.11384857268753	
1.730330328735	-62	920.625	2216	0000	101	920.625	031556865 3.11497565169521	
0.404970928001809	-62	920.625	2215	0000	102	920.625	031556865 3.11547783430164	
1.8591847149174	-64	920.625	2216	0000	103	920.625	031556867 3.11681824652182	
0.481669967396091	-62.5	920.625	2215	0000	104	920.625	031556868 3.11780108962298	
0.398835004850267	-61.5	920.625	2215	0000	105	920.625	031556873 3.12352295068907	
1.76100994449272	-62.5	920.625	2216	0000	106	920.625	031556875 3.12540972248181	
1.84077694546277	-63.5	920.625	2216	0000	107	920.625	031557108 3.35838393861441	
0.524621429456889	-62.5	920.625	2215	0000	108	920.625	031557110 3.3610239843168	
1.8162332528566	-62.5	920.625	2216	0000	109	920.625	031557111 3.3615084206206	
0.45405831321415	-62	920.625	2215	0000	110	920.625	031557113 3.36360890320676	
4.95475794487062	-63.5	920.625	2216	0000	111	920.625	031557114 3.36489343345269	
0.490873852123405	-62.5	920.625	2215	0000	112	920.625	031557115 3.36631615831061	
0.472466082668777	-62.5	920.625	2215	0000	113	920.625	031557117 3.3678378093662	
5.01918513796182	-63.5	920.625	2216	0000	114	920.625	031557122 3.37337276788327	
0.392699081698724	-61.5	920.625	2215	0000	115	920.625	031557368 3.61832271764613	
1.79168956025043	-63	920.625	2216	0000	116	920.625	031557370 3.62105073969988	
1.730330328735	-63	920.625	2216	0000	117	920.625	031557371 3.62214081577865	
0.45405831321415	-61.5	920.625	2215	0000	118	920.625	031557374 3.62439799444125	
0.497009775274948	-62.5	920.625	2215	0000	119	920.625	031557375 3.62582034171827	
4.98543756062833	-63.5	920.625	2216	0000	120	920.625	031557376 3.62715546780575	
0.472466082668777	-61	920.625	2215	0000	121	920.625	031557380 3.63099810869724	
1.66283517406803	-62.5	920.625	2216	0000	122	920.625	031557381 3.63149500517097	
0.487805890547634	-63	920.625	2215	0000	123	920.625	031557382 3.63268514019013	
4.97623367590102	-63.5	920.625	2216	0000	124	920.625	031557383 3.63368384168939	
1.88372840752357	-62.5	920.625	2216	0000	125	920.625	031557608 3.85833013333515	
0.509281621578033	-61.5	920.625	2215	0000	126	920.625	031557611 3.86134813752554	
0.500077736850719	-62.5	920.625	2215	0000	127	920.625	031557613 3.86333836648683	
4.93021425226445	-63.5	920.625	2216	0000	128	920.625	031557614 3.86426117422376	
0.392699081698724	-62	920.625	2215	0000	129	920.625	031557616 3.86633371582279	
1.8591847149174	-63	920.625	2216	0000	130	920.625	031557617 3.86716552656112	
0.487805890547634	-62.5	920.625	2215	0000	131	920.625	031557622 3.87266046150204	
4.98236959905256	-63.5	920.625	2216	0000	132	920.625	031557624 3.87459103268001	
0.50314569842649	-62	920.625	2215	0000	133	920.625	031557627 3.87732132021919	
1.88986433067511	-64	920.625	2216	0000	134	920.625	031557632 3.8826878776517	
0.484737928971863	-62.5	920.625	2215	0000	135	920.625	031557858 4.10819429860382	
1.80396140655351	-63.5	920.625	2216	0000	136	920.625	031557861 4.11191535844322	
1.78555363709889	-62.5	920.625	2216	0000	137	920.625	031557864 4.11442249566632	
0.362019465941011	-62	920.625	2215	0000	138	920.625	031557866 4.11683599282445	
0.487805890547634	-62.5	920.625	2215	0000	139	920.625	031557873 4.12313479751657	
4.93941813699176	-63	920.625	2216	0000	140	920.625	031557876 4.12611051264537	
1.87145656122048	-63	920.625	2216	0000	141	920.625	031557878 4.1286992073444	
0.423378697456437	-62	920.625	2215	0000	142	920.625	031557883 4.13342954094846	
4.94862202171908	-63.5	920.625	2216	0000	143	920.625	031557885 4.13567954557383	
0.518485506305347	-62.5	920.625	2215	0000	144	920.625	031557889 4.13925636950672	
0.386563158547182	-61.5	920.625	2215	0000	145	920.625	031558108 4.3582344165752	
4.97623367590102	-63.5	920.625	2216	0000	146	920.625	031558112 4.36225640839755	
0.490873852123405	-62.5	920.625	2215	0000	147	920.625	031558114 4.36393437794867	
0.656543777215054	-61.5	920.625	2215	0000	148	920.625	031558115 4.3652880055006	
1.69965071297729	-62.5	920.625	2216	0000	149	920.625	031558117 4.36724047637118	
0.472466082668777	-61.5	920.625	2215	0000	150	920.625	031558122 4.37251603680508	
1.75487402134117	-63	920.625	2216	0000	151	920.625	031558123 4.37346980617639	
0.527689391032661	-62	920.625	2215	0000	152	920.625	031558125 4.37494199413315	
1.66897109721958	-63	920.625	2216	0000	153	920.625	031558126 4.37587197590732	
0.484737928971863	-62.5	920.625	2215	0000	154	920.625	031558357 4.60820203901241	
1.75487402134117	-63	920.625	2216	0000	155	920.625	031558361 4.61141034397998	
0.362019465941011	-61.5	920.625	2215	0000	156	920.625	031558362 4.61305508641128	
1.74873809818963	-63	920.625	2216	0000	157	920.625	031558364 4.61437359893885	
0.50314569842649	-63	920.625	2215	0000	158	920.625	031558365 4.615840123182	
4.97009775274948	-64	920.625	2216	0000	159	920.625	031558367 4.61816488882697	
1.98190317794825	-62.5	920.625	2216	0000	160	920.625	031558373 4.62348538138881	
0.45405831321415	-62	920.625	2215	0000	161	920.625	031558374 4.62511653090745	
0.475534044244549	-62.5	920.625	2215	0000	162	920.625	031558375 4.62630175737482	
4.94555406014331	-64	920.625	2216	0000	163	920.625	031558376 4.62730083645498	
0.50314569842649	-60	920.625	2215	0000	164	920.625	031558618 4.8684209830772	
1.81009732970506	-62.5	920.625	2216	0000	165	920.625	031558623 4.87353418372105	
4.92714629068868	-63.5	920.625	2216	0000	166	920.625	031558624 4.87448833067328	
0.524621429456889	-62.5	920.625	2215	0000	167	920.625	031558625 4.87542586406559	
0.435650543759522	-62	920.625	2215	0000	168	920.625	031558626 4.87628486062922	
1.730330328735	-62.5	920.625	2216	0000	169	920.625	031558627 4.87796660598941	
0.484737928971863	-63	920.625	2215	0000	170	920.625	031558632 4.88271355315339	
1.80396140655351	-64	920.625	2216	0000	171	920.625	031558634 4.88442059643435	
1.82850509915968	-62.5	920.625	2216	0000	172	920.625	031558635 4.88562658985161	
0.362019465941011	-61.5	920.625	2215	0000	173	920.625	031558638 4.88834064141179	
0.469398121093006	-62.5	920.625	2215	0000	174	920.625	031558857 5.10832569675949	
4.96089386802216	-63.5	920.625	2216	0000	175	920.625	031558860 5.11097065101367	
1.89600025382665	-63.5	920.625	2216	0000	176	920.625	031558862 5.11312512766954	
0.47860200582032	-62.5	920.625	2215	0000	177	920.625	031558864 5.11451160476039	
6.04388430426943	-60	920.625	2215	0000	178	920.625	031558866 5.11700175084267	
1.68737886667421	-62.5	920.625	2216	0000	179	920.625	031558871 5.12196958283729	
0.644271930911969	-62	920.625	2215	0000	180	920.625	031558874 5.12486185258562	
1.88986433067511	-64	920.625	2216	0000	181	920.625	031558876 5.12690758594025	
4.99464144535565	-63.5	920.625	2216	0000	182	920.625	031559107 5.35804260547439	
0.487805890547634	-63	920.625	2215	0000	183	920.625	031559112 5.36289754077779	
1.76100994449272	-63	920.625	2216	0000	184	920.625	031559114 5.36478620047507	
0.460194236365692	-62	920.625	2215	0000	185	920.625	031559116 5.3667466005447	
0.506213660002262	-62.5	920.625	2215	0000	186	920.625	031559117 5.36781477693086	
4.98236959905256	-64	920.625	2216	0000	187	920.625	031559121 5.37165741782235	
0.472466082668777	-62	920.625	2215	0000	188	920.625	031559122 5.37258739959652	
1.91440802328128	-64	920.625	2216	0000	189	920.625	031559124 5.37452023625993	
4.91180648280982	-63.5	920.625	2216	0000	190	920.625	031559358 5.60808725441666	
0.543029198911517	-62.5	920.625	2215	0000	191	920.625	031559362 5.61208432589914	
1.79782548340197	-63	920.625	2216	0000	192	920.625	031559364 5.61421879076694	
0.472466082668777	-62	920.625	2215	0000	193	920.625	031559365 5.61556071331075	
5.0099812532345	-64	920.625	2216	0000	194	920.625	031559367 5.61762721361527	
0.543029198911517	-62	920.625	2215	0000	195	920.625	031559371 5.62178551214508	
1.98190317794825	-62.5	920.625	2216	0000	196	920.625	031559372 5.62237793658831	
0.435650543759522	-62	920.625	2215	0000	197	920.625	031559373 5.62326487413907	
0.515417544729575	-62.5	920.625	2215	0000	198	920.625	031559373 5.62372099187484	
5.0099812532345	-64	920.625	2216	0000	199	920.625	031559374 5.62426546354286	
2.22734010400995	-61.5	920.625	2216	0000	200	920.625	031559374 5.62474159306671	
0.325203927031756	-62	920.625	2215	0000	201	920.625	031559375 5.62527171666027	
0.475534044244549	-62.5	920.625	2215	0000	202	920.625	031559608 5.85801674118226	
5.01611717638605	-64	920.625	2216	0000	203	920.625	031559611 5.86103889876263	
1.88372840752357	-63	920.625	2216	0000	204	920.625	031559612 5.86201909879744	
0.45405831321415	-62	920.625	2215	0000	205	920.625	031559613 5.86298872656686	
4.97623367590102	-64	920.625	2216	0000	206	920.625	031559614 5.86417395303422	
0.487805890547634	-62.5	920.625	2215	0000	207	920.625	031559616 5.86588968067605	
2.03099056316059	-63	920.625	2216	0000	208	920.625	031559618 5.86823634601363	
0.45405831321415	-61.5	920.625	2215	0000	209	920.625	031559622 5.87261213114593	
4.98236959905256	-64	920.625	2216	0000	210	920.625	031559857 6.10792923680704	
0.506213660002262	-62.5	920.625	2215	0000	211	920.625	031559861 6.11175526413861	
1.63829148146186	-62	920.625	2216	0000	212	920.625	031559863 6.11418952824664	
0.362019465941011	-62	920.625	2215	0000	213	920.625	031559866 6.11675594567215	
5.03759290741645	-64	920.625	2216	0000	214	920.625	031559872 6.12182723483531	
0.527689391032661	-62.5	920.625	2215	0000	215	920.625	031559875 6.1250098643012	
1.83464102231123	-62.5	920.625	2216	0000	216	920.625	031559878 6.12847492428559	
0.398835004850267	-62	920.625	2215	0000	217	920.625	031559884 6.13379503926653	
0.487805890547634	-62.5	920.625	2215	0000	218	920.625	031559887 6.13653967488018	
5.02532106111336	-63.5	920.625	2216	0000	219	920.625	031559889 6.13900565578441	
0.374291312244096	-62	920.625	2215	0000	220	920.625	031600107 6.3579523636376	
1.82850509915968	-62.5	920.625	2216	0000	221	920.625	031600110 6.36067321165411	
4.97316571432525	-63.5	920.625	2216	0000	222	920.625	031600113 6.36336007738898	
0.521553467881118	-62.5	920.625	2215	0000	223	920.625	031600116 6.36634900784953	
1.92054394643282	-63	920.625	2216	0000	224	920.625	031600120 6.37081088142865	
0.343611696486384	-62	920.625	2215	0000	225	920.625	031600123 6.37334180624889	
5.00077736850719	-63.5	920.625	2216	0000	226	920.625	031600124 6.37419551667983	
3.60485485153126	-62	920.625	2215	0000	227	920.625	031600124 6.37498239529021	
1.81009732970506	-62.5	920.625	2216	0000	228	920.625	031600125 6.37547627111668	
0.50314569842649	-62	920.625	2215	0000	229	920.625	031600127 6.37772929638931	
4.98236959905256	-64	920.625	2216	0000	230	920.625	031600357 6.60788411588864	
0.493941813699176	-63	920.625	2215	0000	231	920.625	031600360 6.61041315280435	
0.392699081698724	-62	920.625	2215	0000	232	920.625	031600363 6.61343342248019	
1.80396140655351	-63	920.625	2216	0000	233	920.625	031600365 6.61546027678946	
5.01304921481027	-64	920.625	2216	0000	234	920.625	031600367 6.6176559097642	
0.481669967396091	-63	920.625	2215	0000	235	920.625	031600371 6.62182175991216	
1.74873809818963	-63	920.625	2216	0000	236	920.625	031600372 6.62271436117653	
0.509281621578033	-61.5	920.625	2215	0000	237	920.625	031600373 6.62366850812875	
0.506213660002262	-63	920.625	2215	0000	238	920.625	031600374 6.62463058428002	
1.8162332528566	-64	920.625	2216	0000	239	920.625	031600375 6.62547825341645	
0.472466082668777	-62	920.625	2215	0000	240	920.625	031600608 6.85823951391744	
1.87759248437202	-63	920.625	2216	0000	241	920.625	031600611 6.86198209586855	
0.457126274789921	-62	920.625	2215	0000	242	920.625	031600613 6.86322698011923	
4.95475794487062	-64	920.625	2216	0000	243	920.625	031600614 6.86497366939544	
0.417242774304894	-61.5	920.625	2215	0000	244	920.625	031600616 6.86644850041855	
1.80396140655351	-62.5	920.625	2216	0000	245	920.625	031600617 6.86730372117311	
4.92101036753714	-63	920.625	2216	0000	246	920.625	031600622 6.87233083337015	
0.595184545699629	-62.5	920.625	2215	0000	247	920.625	031600622 6.87285265018375	
0.527689391032661	-59.5	920.625	2215	0000	248	920.625	031600623 6.87334539326751	
1.73646625188655	-63	920.625	2216	0000	249	920.625	031600624 6.87439808883648	
0.441786466911065	-61.5	920.625	2215	0000	250	920.625	031600857 7.10781369704947	
1.84691286861431	-62.5	920.625	2216	0000	251	920.625	031600859 7.11036576640051	
1.8162332528566	-62.5	920.625	2216	0000	252	920.625	031600862 7.11330749924767	
0.288388388122501	-60	920.625	2215	0000	253	920.625	031600864 7.11457994690457	
0.466330159517235	-62.5	920.625	2215	0000	254	920.625	031600865 7.11554051273222	
1.86838859964471	-63.5	920.625	2216	0000	255	920.625	031600866 7.11654865375415	
0.362019465941011	-60	920.625	2215	0000	256	920.625	031600866 7.1170568776551	
4.96702979117371	-63.5	920.625	2216	0000	257	920.625	031600871 7.12179136464914	
0.521553467881118	-62.5	920.625	2215	0000	258	920.625	031600872 7.12310534620582	
1.85304879176585	-63	920.625	2216	0000	259	920.625	031601107 7.35784211001273	
0.497009775274948	-61.5	920.625	2215	0000	260	920.625	031601110 7.36092619086186	
0.481669967396091	-63	920.625	2215	0000	261	920.625	031601111 7.3622590514639	
4.92101036753714	-63.5	920.625	2216	0000	262	920.625	031601113 7.36353300944443	
1.74873809818963	-62.5	920.625	2216	0000	263	920.625	031601114 7.36517322090484	
6.09910761263331	-59.5	920.625	2215	0000	264	920.625	031601115 7.36620326161939	
0.460194236365692	-62	920.625	2215	0000	265	920.625	031601119 7.37028755429141	
5.0529327152953	-64	920.625	2216	0000	266	920.625	031601121 7.37170876882571	
0.47860200582032	-61.5	920.625	2215	0000	267	920.625	031601121 7.37223738209564	
1.84691286861431	-61.5	920.625	2216	0000	268	920.625	031601122 7.37323910424216	
0.506213660002262	-63	920.625	2215	0000	269	920.625	031601357 7.60775234015207	
4.9885055222041	-63.5	920.625	2216	0000	270	920.625	031601361 7.61112753588057	
1.8162332528566	-63	920.625	2216	0000	271	920.625	031601362 7.61281607769709	
0.460194236365692	-61.5	920.625	2215	0000	272	920.625	031601364 7.61400205932627	
0.530757352608432	-62.5	920.625	2215	0000	273	920.625	031601367 7.61736517246574	
5.0099812532345	-63.5	920.625	2216	0000	274	920.625	031601370 7.62057007920515	
1.7732817907958	-62	920.625	2216	0000	275	920.625	031601371 7.62179683957229	
0.300660234425586	-61.5	920.625	2215	0000	276	920.625	031601373 7.62324712783643	
5.03452494584067	-63.5	920.625	2216	0000	277	920.625	031601374 7.62467815947432	
0.466330159517235	-62.5	920.625	2215	0000	278	920.625	031601375 7.62532948653905	
0.552233083638831	-62	920.625	2215	0000	279	920.625	031601607 7.85781095958789	
1.87759248437202	-62.5	920.625	2216	0000	280	920.625	031601610 7.86046346546022	
3.64167039044051	-62	920.625	2215	0000	281	920.625	031601611 7.86100869229006	
4.99770940693142	-63	920.625	2216	0000	282	920.625	031601613 7.86306877371916	
1.79168956025043	-63	920.625	2216	0000	283	920.625	031601614 7.86449036583437	
0.460194236365692	-62.5	920.625	2215	0000	284	920.625	031601616 7.86627103739221	
5.00384533008296	-63.5	920.625	2216	0000	285	920.625	031601621 7.87146466276928	
0.512349583153804	-62.5	920.625	2215	0000	286	920.625	031601623 7.8734620657678	
0.533825314184203	-62	920.625	2215	0000	287	920.625	031601624 7.87486477883765	
1.92054394643282	-63.5	920.625	2216	0000	288	920.625	031601626 7.8762304889786	
0.497009775274948	-62.5	920.625	2215	0000	289	920.625	031601857 8.10765095967851	
4.97316571432525	-63.5	920.625	2216	0000	290	920.625	031601860 8.11051491085881	
0.319068003880213	-61	920.625	2215	0000	291	920.625	031601862 8.11163670373378	
1.82236917600814	-62	920.625	2216	0000	292	920.625	031601864 8.11377532199156	
1.84691286861431	-63.5	920.625	2216	0000	293	920.625	031601865 8.11554164547494	
0.524621429456889	-62.5	920.625	2215	0000	294	920.625	031601868 8.11756434639423	
0.533825314184203	-61.5	920.625	2215	0000	295	920.625	031601872 8.1223214882427	
1.88986433067511	-62	920.625	2216	0000	296	920.625	031601873 8.12323485645696	
0.512349583153804	-62.5	920.625	2215	0000	297	920.625	031602107 8.35766804521456	
1.82850509915968	-63.5	920.625	2216	0000	298	920.625	031602109 8.36023484022098	
0.343611696486384	-62	920.625	2215	0000	299	920.625	031602111 8.3621793818925	
1.90827210012974	-63.5	920.625	2216	0000	300	920.625	031602112 8.36306858492871	
0.509281621578033	-62.5	920.625	2215	0000	301	920.625	031602113 8.36403141624179	
4.95475794487062	-62.5	920.625	2216	0000	302	920.625	031602114 8.36503729177829	
1.87759248437202	-62	920.625	2216	0000	303	920.625	031602120 8.3707391410563	
0.300660234425586	-62	920.625	2215	0000	304	920.625	031602120 8.37124547705271	
5.04066086899222	-63	920.625	2216	0000	305	920.625	031602123 8.37353248460697	
0.497009775274948	-62.5	920.625	2215	0000	306	920.625	031602123 8.37407922176044	
1.68124294352266	-61	920.625	2216	0000	307	920.625	031602357 8.60768513075061	
0.380427235395639	-61.5	920.625	2215	0000	308	920.625	031602361 8.61197709292153	
0.50314569842649	-63	920.625	2215	0000	309	920.625	031602364 8.61467339817908	
5.04372883056799	-63	920.625	2216	0000	310	920.625	031602365 8.61553088441909	
1.76100994449272	-62.5	920.625	2216	0000	311	920.625	031602366 8.61692793377533	
0.380427235395639	-62	920.625	2215	0000	312	920.625	031602369 8.62023856316872	
4.97316571432525	-63.5	920.625	2216	0000	313	920.625	031602370 8.62070298768444	
0.536893275759974	-62.5	920.625	2215	0000	314	920.625	031602372 8.62240852064178	
0.404970928001809	-62	920.625	2215	0000	315	920.625	031602373 8.62294808375802	
1.90827210012974	-63	920.625	2216	0000	316	920.625	031602374 8.62388750505487	
5.00691329165873	-63.5	920.625	2216	0000	317	920.625	031602607 8.85763689478972	
0.543029198911517	-63	920.625	2215	0000	318	920.625	031602608 8.85935979646879	
0.45405831321415	-61.5	920.625	2215	0000	319	920.625	031602611 8.86149916988838	
1.69965071297729	-62	920.625	2216	0000	320	920.625	031602613 8.86376201226458	
4.91794240596137	-63	920.625	2216	0000	321	920.625	031602615 8.86610188114584	
0.469398121093006	-62.5	920.625	2215	0000	322	920.625	031602616 8.86730183326858	
1.8591847149174	-62	920.625	2216	0000	323	920.625	031602620 8.87056828569584	
0.484737928971863	-62	920.625	2215	0000	324	920.625	031602622 8.8729032460253	
4.95168998329485	-63	920.625	2216	0000	325	920.625	031602622 8.87339712185178	
0.524621429456889	-62	920.625	2215	0000	326	920.625	031602623 8.87432936911139	
1.61374778885569	-61.5	920.625	2216	0000	327	920.625	031602857 9.10760980335964	
0.497009775274948	-62	920.625	2215	0000	328	920.625	031602859 9.10929381420527	
0.509281621578033	-62.5	920.625	2215	0000	329	920.625	031602861 9.1112224974787	
5.07747640790147	-62.5	920.625	2216	0000	330	920.625	031602863 9.11371830727459	
0.558369006790373	-61.5	920.625	2215	0000	331	920.625	031602864 9.11424238957363	
1.87759248437202	-62.5	920.625	2216	0000	332	920.625	031602866 9.11689904883594	
0.543029198911517	-62.5	920.625	2215	0000	333	920.625	031602869 9.12008432136817	
1.86225267649317	-63.5	920.625	2216	0000	334	920.625	031602872 9.12253293355067	
1.84691286861431	-62.5	920.625	2216	0000	335	920.625	031602874 9.12443367583697	
0.404970928001809	-62	920.625	2215	0000	336	920.625	031602875 9.12621963352752	
0.497009775274948	-62.5	920.625	2215	0000	337	920.625	031603107 9.35754910722882	
1.83464102231123	-63.5	920.625	2216	0000	338	920.625	031603109 9.36012005562522	
0.374291312244096	-62	920.625	2215	0000	339	920.625	031603112 9.36277747004934	
1.82850509915968	-62	920.625	2216	0000	340	920.625	031603114 9.3650323832265	
1.75487402134117	-63.5	920.625	2216	0000	341	920.625	031603116 9.36710492482553	
0.521553467881118	-62.5	920.625	2215	0000	342	920.625	031603119 9.3700474128345	
0.355883542789469	-62	920.625	2215	0000	343	920.625	031603121 9.37184507553317	
0.518485506305347	-62.5	920.625	2215	0000	344	920.625	031603122 9.37321003051231	
4.99464144535565	-63.5	920.625	2216	0000	345	920.625	031603124 9.37454666692342	
0.343611696486384	-61.5	920.625	2215	0000	346	920.625	031603357 9.60746311317723	
1.77941771394734	-62.5	920.625	2216	0000	347	920.625	031603362 9.61214813707244	
5.00077736850719	-63.5	920.625	2216	0000	348	920.625	031603364 9.61423389400322	
0.481669967396091	-62.5	920.625	2215	0000	349	920.625	031603365 9.61515519141653	
1.81009732970506	-63	920.625	2216	0000	350	920.625	031603366 9.61605232365178	
0.469398121093006	-62.5	920.625	2215	0000	351	920.625	031603368 9.61841107157839	
4.94248609856754	-63.5	920.625	2216	0000	352	920.625	031603375 9.62549260149092	
0.441786466911065	-62.5	920.625	2215	0000	353	920.625	031603379 9.62891574999462	
1.87759248437202	-64	920.625	2216	0000	354	920.625	031603384 9.63380844338873	
0.552233083638831	-62	920.625	2215	0000	355	920.625	031603617 9.86755367973361	
5.01304921481027	-63.5	920.625	2216	0000	356	920.625	031603621 9.87166100484096	
1.81009732970506	-62.5	920.625	2216	0000	357	920.625	031603624 9.87442716256633	
0.466330159517235	-62	920.625	2215	0000	358	920.625	031603628 9.87786088333543	
4.99464144535565	-63.5	920.625	2216	0000	359	920.625	031603633 9.88351175919098	
0.475534044244549	-62.5	920.625	2215	0000	360	920.625	031603636 9.8860253152895	
0.42951462060798	-62	920.625	2215	0000	361	920.625	031603638 9.88831911930009	
1.8162332528566	-63	920.625	2216	0000	362	920.625	031603644 9.89409346411226	
0.472466082668777	-63	920.625	2215	0000	363	920.625	031603647 9.89709032377185	
5.02838902268913	-63.5	920.625	2216	0000	364	920.625	031603649 9.89950117786364	
1.75487402134117	-61.5	920.625	2216	0000	365	920.625	031603857 10.1074115733834	
0.392699081698724	-62	920.625	2215	0000	366	920.625	031603860 10.1103506631642	
0.45405831321415	-62.5	920.625	2215	0000	367	920.625	031603861 10.1112636537976	
4.95782590644639	-63.5	920.625	2216	0000	368	920.625	031603863 10.1126765615519	
1.77941771394734	-62.5	920.625	2216	0000	369	920.625	031603863 10.1134868501785	
0.466330159517235	-61.5	920.625	2215	0000	370	920.625	031603864 10.1144134337245	
0.469398121093006	-62.5	920.625	2215	0000	371	920.625	031603865 10.1158323827734	
4.95475794487062	-63.5	920.625	2216	0000	372	920.625	031603866 10.1171501401392	
1.75487402134117	-62.5	920.625	2216	0000	373	920.625	031604107 10.3574248831104	
0.411106851153352	-61.5	920.625	2215	0000	374	920.625	031604110 10.3598746280356	
0.208621387152447	-60	920.625	2215	0000	375	920.625	031604112 10.3619588746428	
1.74873809818963	-62.5	920.625	2216	0000	376	920.625	031604113 10.3634710861757	
1.7732817907958	-62	920.625	2216	0000	377	920.625	031604115 10.3647692093343	
0.423378697456437	-62.5	920.625	2215	0000	378	920.625	031604116 10.366143981417	
0.417242774304894	-62	920.625	2215	0000	379	920.625	031604117 10.367342800797	
1.67510702037112	-62.5	920.625	2216	0000	380	920.625	031604122 10.3723298894179	
1.69965071297729	-62	920.625	2216	0000	381	920.625	031604123 10.373312732519	
0.404970928001809	-62.5	920.625	2215	0000	382	920.625	031604124 10.3741789031199	
0.536893275759974	-63	920.625	2215	0000	383	920.625	031604357 10.607374759245	
4.96396182959793	-63.5	920.625	2216	0000	384	920.625	031604360 10.6100616249798	
1.68124294352266	-63	920.625	2216	0000	385	920.625	031604361 10.611641801076	
0.441786466911065	-62	920.625	2215	0000	386	920.625	031604363 10.6135383899724	
1.837708983887	-63.5	920.625	2216	0000	387	920.625	031604364 10.6144442065685	
0.472466082668777	-62	920.625	2215	0000	388	920.625	031604365 10.6152797931159	
0.411106851153352	-62	920.625	2215	0000	389	920.625	031604366 10.6160689372117	
1.9021361769782	-62.5	920.625	2216	0000	390	920.625	031604370 10.620599152935	
0.475534044244549	-63	920.625	2215	0000	391	920.625	031604374 10.6240223014387	
5.01304921481027	-64	920.625	2216	0000	392	920.625	031604375 10.6251501356082	
1.88986433067511	-64	920.625	2216	0000	393	920.625	031604607 10.857298582297	
0.47860200582032	-62.5	920.625	2215	0000	394	920.625	031604610 10.8602765629112	
4.95168998329485	-63.5	920.625	2216	0000	395	920.625	031604611 10.861203901619	
0.509281621578033	-62	920.625	2215	0000	396	920.625	031604614 10.8641041005664	
1.76100994449272	-62.5	920.625	2216	0000	397	920.625	031604615 10.865048807996	
0.484737928971863	-62.5	920.625	2215	0000	398	920.625	031604616 10.8659368782894	
4.97009775274948	-63.5	920.625	2216	0000	399	920.625	031604617 10.8668883821753	
0.438718505335293	-62.5	920.625	2215	0000	400	920.625	031604618 10.8678278034722	
1.84691286861431	-62.5	920.625	2216	0000	401	920.625	031604857 11.107295278464	
0.208621387152447	-61	920.625	2215	0000	402	920.625	031604860 11.1099145572165	
4.9885055222041	-64	920.625	2216	0000	403	920.625	031604861 11.1116325503438	
0.50314569842649	-63	920.625	2215	0000	404	920.625	031604862 11.1126270984531	
0.447922390062607	-61.5	920.625	2215	0000	405	920.625	031604864 11.1141102362561	
0.527689391032661	-62.5	920.625	2215	0000	406	920.625	031604864 11.1145927846554	
4.95782590644639	-62.5	920.625	2216	0000	407	920.625	031604866 11.1157897161309	
1.93895171588745	-62	920.625	2216	0000	408	920.625	031604870 11.1201228346207	
0.392699081698724	-62	920.625	2215	0000	409	920.625	031604872 11.1222259602732	
1.71805848243192	-63	920.625	2216	0000	410	920.625	031605107 11.3573014141538	
0.484737928971863	-62.5	920.625	2215	0000	411	920.625	031605110 11.3602016131012	
1.90827210012974	-63	920.625	2216	0000	412	920.625	031605112 11.3616186742455	
0.509281621578033	-62.5	920.625	2215	0000	413	920.625	031605114 11.3639109679324	
4.95475794487062	-64	920.625	2216	0000	414	920.625	031605116 11.3657184477347	
0.552233083638831	-62	920.625	2215	0000	415	920.625	031605116 11.366111509459	
1.69351478982575	-62	920.625	2216	0000	416	920.625	031605121 11.3711722263567	
0.466330159517235	-62.5	920.625	2215	0000	417	920.625	031605123 11.3731617001562	
0.509281621578033	-63	920.625	2215	0000	418	920.625	031605125 11.3749638938258	
4.94248609856754	-63.5	920.625	2216	0000	419	920.625	031605127 11.3766841524385	
0.497009775274948	-61	920.625	2215	0000	420	920.625	031605169 11.4198152194557	
1.73646625188655	-62.5	920.625	2216	0000	421	920.625	031605172 11.4219519498089	
