163	-56	922750	C00000000000000000095417	01DE	0	000A	121454816 1492973	
168	-55	922750	C00000000000000000095417	01DB	1	000B	121455030 3623745	
165	-55	922750	C00000000000000000095417	01D3	2	000B	121455214 5469453	
163	-55	922750	C00000000000000000095417	01D3	3	000B	121455337 6696377	
165	-55	922750	C00000000000000000095417	01E0	4	0000	121455524 8569057	
165	-55	922750	C00000000000000000095417	01D8	5	0000	121456021 3536835	
165	-55	922750	C00000000000000000095417	01D8	6	0000	121456113 4454455	
160	-55	922750	C00000000000000000095417	01DC	7	0000	121456239 571097	
171	-55	922750	C00000000000000000095417	01D5	8	0000	121456610 9421362	
157	-55	922750	C00000000000000000095417	01D6	9	0000	121456734 0667895	
160	-55	922750	C00000000000000000095417	01D9	10	000A	121457019 3509603	
171	-55	922750	C00000000000000000095417	01E0	11	000A	121457232 5644464	
163	-55	922750	C00000000000000000095417	01D1	12	0000	121457417 7500075	
160	-55	922750	C00000000000000000095417	01D1	13	000A	121457635 9673811	
165	-55	922750	C00000000000000000095417	01DE	14	000A	121457730 0621636	
165	-55	922750	C00000000000000000095417	01DC	15	000B	121458224 5567747	
163	-55	922750	C00000000000000000095417	01DC	16	000B	121458320 6524706	
160	-55	922750	C00000000000000000095417	01D4	17	0000	121458416 7482919	
160	-55	922750	C00000000000000000095417	01DD	18	000A	121458728 0604018	
157	-55	922750	C00000000000000000095417	01DE	19	0000	121458948 2808836	
163	-55	922750	C00000000000000000095417	01D5	20	000A	121459229 5611342	
163	-55	922750	C00000000000000000095417	01D5	21	000A	121459443 7755841	
168	-55	922750	C00000000000000000095417	01D6	22	0000	121459631 9630844	
163	-55	922750	C00000000000000000095417	01E0	23	000B	121500350 682218	
160	-55	922750	C00000000000000000095417	01D5	24	0000	121500443 7749499	
165	-55	922750	C00000000000000000095417	01DA	25	0000	121500943 2755617	
0	-55	922750	C00000000000000000095417	01CE	26	0000	121501248 5808245	
163	-55	922750	C00000000000000000095417	01D6	27	000A	121501344 6766304	
174	-55	922750	C00000000000000000095417	01D5	28	0000	121501438 7703833	
160	-55	922750	C00000000000000000095417	01DE	29	0000	121501653 9858725	
171	-55	922750	C00000000000000000095417	01DA	30	000A	121501935 2671197	
163	-55	922750	C00000000000000000095417	01CF	31	0000	121502152 4846182	
163	-55	922750	C00000000000000000095417	01DB	32	000B	121502736 0689027	
160	-55	922750	C00000000000000000095417	01D6	33	0000	121503235 5676679	
160	-55	922750	C00000000000000000095417	01DD	34	0000	121503459 7910675	
168	-55	922750	C00000000000000000095417	01D9	35	000A	121503553 8857522	
157	-55	922750	C00000000000000000095417	01D7	36	000B	121504043 .375501	
165	-55	922750	C00000000000000000095417	01DC	37	000A	121505348 .6800301	
165	-55	922750	C00000000000000000095417	01DB	38	0000	121505631 .9632952	
163	-55	922750	C00000000000000000095417	01DD	39	0000	121505851 .1837017	
165	-55	922750	C00000000000000000095417	01DD	40	0000	121506034 .3661308	
165	-55	922750	C00000000000000000095417	01DB	41	000A	121506347 .6793614	
168	-55	922750	C00000000000000000095417	01DB	42	000A	121506534 .8668817	
157	-55	922750	C00000000000000000095417	01D8	43	0000	121506944 .2767483	
154	-55	922750	C00000000000000000095417	01DA	44	0000	121507036 .3685027	
160	-55	922750	C00000000000000000095417	01DA	45	000A	121507441 .7735984	
157	-55	922750	C00000000000000000095417	01D9	46	000B	121507659 .9911647	
165	-55	922750	C00000000000000000095417	01D2	47	0000	121507938 .2704171	
154	-55	922750	C00000000000000000095417	01D2	48	0000	121508030 .3621369	
163	-55	922750	C00000000000000000095417	01DE	49	0000	121508246 .5785398	
168	-55	922750	C00000000000000000095417	01D6	50	000B	121508745 .0773017	
163	-55	922750	C00000000000000000095417	01E2	51	0000	121509058 .3904521	
165	-55	922750	C00000000000000000095417	01E1	52	0000	121509338 .6703317	
168	-55	922750	C00000000000000000095417	01D1	53	0000	121509459 .7910702	
157	-55	922750	C00000000000000000095417	01D5	54	000B	121509647 .9795119	
154	-55	922750	C00000000000000000095417	01D1	55	000A	121510147 .479211	
171	-55	922750	C00000000000000000095417	01D9	56	0000	121511428 .7608274	
168	-55	922750	C00000000000000000095417	01E0	57	0000	121511551 .8835401	
165	-55	922750	C00000000000000000095417	01D6	58	0000	121511739 .0710113	
168	-55	922750	C00000000000000000095417	01D9	59	0000	121511959 .2913953	
165	-55	922750	C00000000000000000095417	01E0	60	0000	121512458 .7901283	
168	-55	922750	C00000000000000000095417	01D3	61	0000	121512551 .8838424	
157	-55	922750	C00000000000000000095417	01D4	62	0000	121512839 .1710288	
165	-55	922750	C00000000000000000095417	01DB	63	000A	121513052 .3845036	
154	-55	922750	C00000000000000000095417	01DA	64	0000	121513240 .571965	
163	-55	922750	C00000000000000000095417	01DE	65	0000	121513644 .9759181	
168	-55	922750	C00000000000000000095417	01D9	66	0000	121513734 .0667271	
154	-55	922750	C00000000000000000095417	01D6	67	0000	121514239 .5713215	
160	-55	922750	C00000000000000000095417	01D8	68	0000	121514848 .1807728	
163	-55	922750	C00000000000000000095417	01D5	69	0000	121515158 .4909169	
160	-55	922750	C00000000000000000095417	01D6	70	0000	121515842 .174143	
160	-55	922750	C00000000000000000095417	01D4	71	0000	121516340 .6728796	
160	-55	922750	C00000000000000000095417	01D4	72	0000	121516436 .7685795	
154	-55	922750	C00000000000000000095417	01DF	73	0000	121517351 .6832316	
168	-55	922750	C00000000000000000095417	01D5	74	000B	121517853 .1851089	
168	-55	922750	C00000000000000000095417	01D4	75	0000	121518039 .3711187	
154	-55	922750	C00000000000000000095417	01DC	76	000B	121518255 .5875659	
160	-55	922750	C00000000000000000095417	01DC	77	000B	121518350 .6823856	
165	-55	922750	C00000000000000000095417	01D8	78	0000	121518818 .1506543	
165	-55	922750	C00000000000000000095417	01DA	79	0000	121519066 .3980278	
160	-54	922750	C00000000000000000095417	01D5	80	0000	121519345 .6777862	
171	-55	922750	C00000000000000000095417	01D4	81	000B	121519566 .8981234	
163	-55	922750	C00000000000000000095417	01D4	82	000B	121519658 .9909446	
163	-54	922750	C00000000000000000095417	01DD	83	000B	121519749 .0817233	
163	-54	922750	C00000000000000000095417	01E0	84	0000	121519840 .172386	
163	-54	922750	C00000000000000000095417	01E0	85	0000	121520057 .3898019	
160	-54	922750	C00000000000000000095417	01D8	86	0000	121520151 .4836397	
160	-54	922750	C00000000000000000095417	01D6	87	000B	121520247 .5794126	
163	-54	922750	C00000000000000000095417	01D1	88	0000	121520465 .7977132	
171	-54	922750	C00000000000000000095417	01D6	89	0000	121520652 .9842986	
165	-54	922750	C00000000000000000095417	01D6	90	000B	121520746 .0779523	
174	-55	922750	C00000000000000000095417	01CF	91	000B	121521550 .8819261	
160	-54	922750	C00000000000000000095417	01DC	92	0000	121521767 .0993556	
171	-54	922750	C00000000000000000095417	01D4	93	000B	121521863 .1950871	
168	-54	922750	C00000000000000000095417	01D8	94	0000	121522051 .3835513	
163	-54	922750	C00000000000000000095417	01D3	95	0000	121522646 .9779646	
165	-54	922750	C00000000000000000095417	01D9	96	000B	121522954 .286253	
165	-54	922750	C00000000000000000095417	01D7	97	000B	121523049 .381872	
163	-54	922750	C00000000000000000095417	01D7	98	000B	121523267 .5994309	
165	-54	922750	C00000000000000000095417	01DB	99	0000	121523956 .2885946	
177	-54	922750	C00000000000000000095417	01D6	100	000B	121524240 .5727723	
160	-54	922750	C00000000000000000095417	01D8	101	000B	121524455 .7879109	
163	-54	922750	C00000000000000000095417	01D0	102	000B	121524551 .8836204	
160	-54	922750	C00000000000000000095417	01DB	103	000B	121524953 .2858661	
165	-55	922750	C00000000000000000095417	01DB	104	000B	121525457 .7890156	
165	-54	922750	C00000000000000000095417	01D1	105	0000	121525549 .8817378	
165	-54	922750	C00000000000000000095417	01E2	106	000B	121525866 .1979878	
160	-54	922750	C00000000000000000095417	01E2	107	000B	121525961 .2932386	
160	-54	922750	C00000000000000000095417	01E2	108	000B	121526056 .3889694	
171	-54	922750	C00000000000000000095417	01DA	109	000B	121526363 .6951814	
165	-54	922750	C00000000000000000095417	01DB	110	0000	121526453 .7859001	
168	-54	922750	C00000000000000000095417	01DB	111	0000	121526549 .8816437	
174	-54	922750	C00000000000000000095417	01DE	112	000B	121527142 .4747792	
165	-54	922750	C00000000000000000095417	01D0	113	000B	121527361 .69326	
165	-55	922750	C00000000000000000095417	01C7	114	000B	121527668 .0003295	
157	-54	922750	C00000000000000000095417	01D9	115	000B	121527856 .188907	
157	-55	922750	C00000000000000000095417	01D9	116	000B	121527946 .2786468	
165	-54	922750	C00000000000000000095417	01D5	117	0000	121528040 .37236	
157	-54	922750	C00000000000000000095417	01D9	118	000B	121528163 .4951204	
160	-54	922750	C00000000000000000095417	01D9	119	0000	121528348 .6804945	
165	-54	922750	C00000000000000000095417	01DA	120	0000	121528754 .0864654	
163	-54	922750	C00000000000000000095417	01D1	121	0000	121528815 .1473399	
160	-54	922750	C00000000000000000095417	01D1	122	0000	121528879 .2111524	
168	-54	922750	C00000000000000000095417	01DB	123	0000	121529350 .6828637	
165	-54	922750	C00000000000000000095417	01DC	124	000B	121529476 .8084977	
163	-54	922750	C00000000000000000095417	01DE	125	000B	121529663 .9950797	
165	-55	922750	C00000000000000000095417	01C7	126	0000	121529849 .181641	
160	-55	922750	C00000000000000000095417	01D8	127	000B	121529974 .3062312	
174	-54	922750	C00000000000000000095417	01DB	128	000B	121530160 .4928751	
174	-55	922750	C00000000000000000095417	01DB	129	000B	121530255 .5875699	
165	-54	922750	C00000000000000000095417	01D9	130	0000	121530379 .7112741	
165	-55	922750	C00000000000000000095417	01D8	131	000B	121530473 .8050476	
174	-54	922750	C00000000000000000095417	01D7	132	000B	121530658 .990601	
168	-54	922750	C00000000000000000095417	01DE	133	0000	121530750 .0823158	
168	-54	922750	C00000000000000000095417	01DE	134	0000	121530871 .203804	
174	-54	922750	C00000000000000000095417	01D0	135	0000	121531278 .6100266	
157	-54	922750	C00000000000000000095417	01D0	136	0000	121531370 .7028228	
163	-54	922750	C00000000000000000095417	01D2	137	000B	121531654 .986023	
163	-54	922750	C00000000000000000095417	01D9	138	0000	121532057 .3896094	
165	-54	922750	C00000000000000000095417	01D9	139	0000	121532151 .4834368	
163	-54	922750	C00000000000000000095417	01DB	140	000B	121532461 .7935499	
165	-54	922750	C00000000000000000095417	01DB	141	000B	121532556 .8882336	
163	-54	922750	C00000000000000000095417	01CE	142	000B	121532769 .1017321	
163	-54	922750	C00000000000000000095417	01DA	143	0000	121533364 .6961345	
163	-55	922750	C00000000000000000095417	01D3	144	000B	121533774 .1059933	
163	-54	922750	C00000000000000000095417	01D8	145	0000	121533833 .165808	
171	-54	922750	C00000000000000000095417	01D8	146	0000	121533863 .1957279	
157	-55	922750	C00000000000000000095417	01D2	147	000B	121534273 .6057058	
165	-54	922750	C00000000000000000095417	01D2	148	000B	121534367 .6994585	
163	-55	922750	C00000000000000000095417	01D9	149	0000	121534557 .8890532	
163	-54	922750	C00000000000000000095417	01DD	150	0000	121534651 .9837409	
163	-54	922750	C00000000000000000095417	01D9	151	000B	121534773 .1054492	
165	-54	922750	C00000000000000000095417	01D7	152	0000	121535364 .6968555	
157	-54	922750	C00000000000000000095417	01E0	153	0000	121535455 .7875798	
163	-54	922750	C00000000000000000095417	01DD	154	0000	121535677 .0090135	
168	-54	922750	C00000000000000000095417	01DD	155	0000	121535769 .1017238	
168	-54	922750	C00000000000000000095417	01DD	156	0000	121535862 .1945494	
165	-54	922750	C00000000000000000095417	01DD	157	0000	121535957 .2892603	
160	-54	922750	C00000000000000000095417	01D8	158	000B	121536269 .601432	
168	-55	922750	C00000000000000000095417	01D8	159	000B	121536364 .6960984	
168	-54	922750	C00000000000000000095417	01D0	160	0000	121536954 .2866823	
163	-54	922750	C00000000000000000095417	01D7	161	0000	121537177 .5090682	
165	-55	922750	C00000000000000000095417	01DE	162	000B	121537272 .6047609	
168	-55	922750	C00000000000000000095417	01D9	163	000B	121537769 .1014918	
163	-54	922750	C00000000000000000095417	01DA	164	0000	121537863 .1953066	
157	-55	922750	C00000000000000000095417	01D2	165	0000	121538052 .3847845	
157	-54	922750	C00000000000000000095417	01DC	166	000B	121538578 .9103731	
163	-54	922750	C00000000000000000095417	01D6	167	000B	121538762 .0947815	
165	-54	922750	C00000000000000000095417	01D6	168	000B	121538823 .1557633	
165	-54	922750	C00000000000000000095417	01DC	169	0000	121538981 .3133097	
165	-54	922750	C00000000000000000095417	01E0	170	0000	121539074 .4061142	
165	-54	922750	C00000000000000000095417	01DC	171	0000	121539166 .4988531	
163	-54	922750	C00000000000000000095417	01D6	172	0000	121539382 .7142448	
165	-54	922750	C00000000000000000095417	01D4	173	000B	121539566 .8987603	
157	-54	922750	C00000000000000000095417	01D6	174	000B	121539879 .21097	
157	-54	922750	C00000000000000000095417	01D6	175	000B	121539973 .3057343	
165	-54	922750	C00000000000000000095417	01D1	176	0000	121540160 .4922092	
163	-54	922750	C00000000000000000095417	01D1	177	0000	121540284 .6169582	
154	-54	922750	C00000000000000000095417	01DB	178	000B	121540659 .9909974	
165	-54	922750	C00000000000000000095417	01DD	179	0000	121540879 .2114196	
163	-54	922750	C00000000000000000095417	01DB	180	0000	121540975 .3070314	
163	-54	922750	C00000000000000000095417	01D6	181	000B	121541375 .7070069	
163	-54	922750	C00000000000000000095417	01DE	182	0000	121541467 .7998181	
163	-55	922750	C00000000000000000095417	01DC	183	000B	121541559 .8915779	
168	-54	922750	C00000000000000000095417	01D6	184	0000	121541777 .1089993	
168	-55	922750	C00000000000000000095417	01CA	185	000B	121541870 .2027123	
168	-54	922750	C00000000000000000095417	01DB	186	0000	121542271 .6036217	
165	-54	922750	C00000000000000000095417	01DD	187	0000	121542488 .8200968	
157	-54	922750	C00000000000000000095417	01DF	188	000B	121542582 .914745	
160	-54	922750	C00000000000000000095417	01DF	189	000B	121542675 .0075857	
174	-54	922750	C00000000000000000095417	01D8	190	0000	121543079 .4114708	
163	-54	922750	C00000000000000000095417	01D5	191	0000	121543266 .5989674	
154	-54	922750	C00000000000000000095417	01D5	192	0000	121543767 .0991332	
163	-54	922750	C00000000000000000095417	01DC	193	000B	121543860 .1930521	
165	-55	922750	C00000000000000000095417	01DC	194	000B	121543981 .3136276	
160	-54	922750	C00000000000000000095417	01CA	195	0000	121544074 .4063588	
163	-55	922750	C00000000000000000095417	01DA	196	000B	121544169 .5011101	
157	-55	922750	C00000000000000000095417	01DD	197	000B	121544883 .2151751	
154	-54	922750	C00000000000000000095417	01D7	198	0000	121544978 .3109589	
163	-54	922750	C00000000000000000095417	01D9	199	0000	121545259 .5911999	
