2.6384469551633	-56	17.0625	0	1130	203308731 0.5255596	
3.31953442498453	-57	-78.0625	1	1186	203308737 0.5300033	
3.22135965455985	-57	34.9375	2	1186	203308740 0.5327823	
2.7673013413457	-56.5	-74	3	1130	203308740 0.5332221	
2.64458287831485	-56	0	4	1130	203308741 0.5337224	
3.22135965455985	-56.5	8.9375	5	1186	203308742 0.5353378	
3.28885480922681	-56.5	-48	6	1186	203308744 0.5368461	
2.73048580243644	-56.5	-43.125	7	1130	203308744 0.5372934	
3.27658296292373	-57	-48	8	1186	203308746 0.5388634	
2.6813984172241	-56	-34.9375	9	1130	203308746 0.5395787	
2.73048580243644	-56	-52.0625	10	1130	203308748 0.5403333	
3.22135965455985	-57	-21.9375	11	1186	203308748 0.5412098	
3.23363150086293	-56.5	8.125	12	1186	203308979 0.7719448	
2.60163141625405	-56.5	30.0625	13	1130	203308980 0.772973	
3.30726257868144	-57	-82.1875	14	1186	203308985 0.7774848	
2.71207803298181	-56.5	-30.0625	15	1130	203308988 0.7808841	
3.3011266555299	-56.5	-52.0625	16	1186	203308988 0.7813826	
2.62003918570868	-56	52.0625	17	1130	203308990 0.782237	
3.2581751934691	-57	-21.9375	18	1186	203308990 0.7828114	
2.65071880146639	-56	0	19	1130	203308990 0.7835578	
3.2581751934691	-57	-17.0625	20	1186	203308992 0.7849068	
2.67526249407256	-56	-24.375	21	1130	203308993 0.7862623	
3.14772857674134	-57	30.0625	22	1186	203308993 0.7868057	
2.65685472461793	-56	13	23	1130	203308994 0.7874097	
3.16000042304442	-56.5	21.9375	24	1186	203309229 1.0219928	
2.7243498792849	-56.5	-52.0625	25	1130	203309230 1.0232017	
3.22749557771139	-57	-20.3125	26	1186	203309231 1.0240108	
2.69367026352719	-56.5	-26	27	1130	203309232 1.0250902	
3.19068003880213	-56.5	34.9375	28	1186	203309233 1.0262785	
2.65071880146639	-56.5	0	29	1130	203309234 1.0270496	
2.71207803298181	-56	-65.0625	30	1130	203309235 1.0285932	
3.23976742401447	-57	-39	31	1186	203309237 1.0297139	
3.22135965455985	-57	-17.0625	32	1186	203309238 1.0310662	
2.65071880146639	-56	16.25	33	1130	203309241 1.0337305	
2.63231103201176	-56	8.9375	34	1130	203309483 1.2755332	
3.22749557771139	-57	4.0625	35	1186	203309485 1.2770412	
3.31953442498453	-57	-80.5625	36	1186	203309492 1.2841484	
2.63231103201176	-56	30.0625	37	1130	203309493 1.2856189	
2.62003918570868	-56	4.0625	38	1130	203309494 1.286256	
3.20908780825676	-57	4.0625	39	1186	203309494 1.2866971	
3.26431111662064	-57	-4.0625	40	1186	203309495 1.2873934	
2.69367026352719	-56	-48	41	1130	203309496 1.2885714	
2.63231103201176	-56	13	42	1130	203309497 1.2896421	
3.25203927031756	-57	-26	43	1186	203309498 1.2903174	
3.2152237314083	-56.5	0	44	1186	203309498 1.2909198	
2.6384469551633	-56.5	4.0625	45	1130	203309500 1.2922758	
2.5954954931025	-56	74	46	1130	203309730 1.5219997	
3.24590334716602	-57	-30.0625	47	1186	203309730 1.5226885	
3.18454411565059	-57	21.9375	48	1186	203309730 1.5230683	
2.69980618667873	-56	-21.9375	49	1130	203309731 1.5234163	
3.23976742401447	-57	-17.0625	50	1186	203309731 1.5237271	
2.6813984172241	-56.5	-17.0625	51	1130	203309732 1.524063	
3.29499073237836	-57	-30.0625	52	1186	203309732 1.524404	
2.6384469551633	-56.5	13	53	1130	203309732 1.5247455	
3.23363150086293	-57	-13	54	1186	203309732 1.5250497	
2.66299064776947	-56.5	26	55	1130	203309733 1.5254362	
3.22749557771139	-56.5	-4.0625	56	1186	203309982 1.7743752	
2.69367026352719	-56.5	-30.0625	57	1130	203309991 1.7834963	
3.17840819249905	-56.5	26	58	1186	203309993 1.7857156	
2.61390326255713	-56.5	8.9375	59	1130	203309995 1.7873671	
3.20908780825676	-57	21.9375	60	1186	203309997 1.7896054	
2.67526249407256	-56	-26	61	1130	203310000 1.7921038	
2.63231103201176	-56	13	62	1130	203310005 1.7975219	
3.20908780825676	-57	-4.0625	63	1186	203310008 1.8002513	
2.66299064776947	-56	4.0625	64	1130	203310008 1.8010212	
3.23363150086293	-57	-4.0625	65	1186	203310010 1.8023322	
3.24590334716602	-56.5	-4.0625	66	1186	203310011 1.8037085	
2.63231103201176	-56	0	67	1130	203310012 1.8043574	
3.23976742401447	-56.5	-8.125	68	1186	203310229 2.0218472	
2.64458287831485	-56	26	69	1130	203310233 2.026002	
0.110446616727766	-57.5	0.5625	70	1186	203310236 2.0291661	
5.82912699396544	-57	0.8125	71	1130	203310237 2.0303304	
3.31339850183298	-56.5	-43.125	72	1186	203310240 2.0329311	
2.66912657092102	-56	-8.9375	73	1130	203310240 2.033905	
2.65685472461793	-56	13	74	1130	203310242 2.0344964	
3.23976742401447	-56.5	26	75	1186	203310242 2.0351023	
3.27044703977219	-57	-26	76	1186	203310243 2.0362534	
2.67526249407256	-56	4.0625	77	1130	203310244 2.0367679	
3.33794219443916	-56.5	-74	78	1186	203310244 2.0372578	
2.66299064776947	-56.5	-13	79	1130	203310245 2.037751	
3.28885480922681	-57	-30.0625	80	1186	203310479 2.2717052	
2.63231103201176	-56	16.25	81	1130	203310479 2.2724807	
2.66299064776947	-56	0	82	1130	203310481 2.2744227	
3.28271888607527	-56.5	-13	83	1186	203310482 2.2755711	
3.28271888607527	-57	-30.0625	84	1186	203310483 2.2761778	
2.64458287831485	-56	8.125	85	1130	203310483 2.2766566	
2.65071880146639	-56	34.9375	86	1130	203310484 2.2771142	
3.25203927031756	-56.5	17.0625	87	1186	203310486 2.278262	
3.20908780825676	-56.5	34.9375	88	1186	203310486 2.2792475	
2.71821395613336	-56	-43.125	89	1130	203310487 2.2798378	
3.27658296292373	-56.5	-21.9375	90	1186	203310730 2.5228263	
2.73048580243644	-56	-56.125	91	1130	203310743 2.5368267	
3.25203927031756	-57	0	92	1186	203310749 2.5422909	
2.73048580243644	-56	-39	93	1130	203310750 2.5428883	
3.23976742401447	-57	8.9375	94	1186	203310751 2.5435371	
2.65685472461793	-56	13	95	1130	203310752 2.5442364	
3.33180627128761	-57	-39	96	1186	203310752 2.5446552	
2.71821395613336	-56	-8.9375	97	1130	203310757 2.5502704	
2.68753434037564	-56.5	-4.0625	98	1130	203310758 2.5511422	
3.28271888607527	-57	-26	99	1186	203310758 2.5516627	
2.71207803298181	-56	-13	100	1130	203310771 2.5643755	
3.31339850183298	-56.5	-48	101	1186	203310772 2.5657493	
2.6813984172241	-56	4.0625	102	1130	203310980 2.7728594	
3.22749557771139	-56.5	-8.9375	103	1186	203310984 2.7770796	
2.66912657092102	-56	0	104	1130	203310992 2.7848227	
3.23363150086293	-56.5	4.0625	105	1186	203311000 2.7929628	
3.22135965455985	-57	21.9375	106	1186	203311001 2.7940881	
2.66299064776947	-56	21.9375	107	1130	203311002 2.7948369	
3.14772857674134	-57	61	108	1186	203311003 2.7958702	
2.68753434037564	-56	-8.9375	109	1130	203311004 2.7968421	
2.65685472461793	-56.5	-8.9375	110	1130	203311005 2.7977648	
3.23976742401447	-57	13	111	1186	203311006 2.7985128	
3.28271888607527	-57	-39	112	1186	203311229 3.0217237	
2.65685472461793	-56.5	4.0625	113	1130	203311230 3.0228511	
2.67526249407256	-56	0	114	1130	203311231 3.0240594	
3.27044703977219	-57	-21.9375	115	1186	203311232 3.0250515	
2.62003918570868	-56	48	116	1130	203311234 3.02621	
3.29499073237836	-57	-61	117	1186	203311236 3.0283809	
3.18454411565059	-56.5	0	118	1186	203311236 3.029297	
2.73662172558798	-56	-26	119	1130	203311237 3.0302042	
2.65685472461793	-56.5	8.9375	120	1130	203311239 3.0310156	
3.27044703977219	-57	-52.0625	121	1186	203311239 3.0322827	
2.61390326255713	-56	48	122	1130	203311240 3.0333143	
3.25203927031756	-57	-26	123	1186	203311241 3.0340315	
3.24590334716602	-56.5	4.0625	124	1186	203311479 3.2718788	
2.64458287831485	-56	-8.9375	125	1130	203311481 3.2734304	
2.65071880146639	-56	26	126	1130	203311485 3.278082	
3.25203927031756	-57	-39	127	1186	203311493 3.2854749	
2.66912657092102	-56.5	0	128	1130	203311495 3.2879628	
3.22749557771139	-56.5	-4.0625	129	1186	203311497 3.2891446	
2.65685472461793	-56	4.0625	130	1130	203311500 3.2922753	
3.22749557771139	-57	-39	131	1186	203311501 3.2935078	
3.19681596195368	-57	35.75	132	1186	203311503 3.2956889	
2.70594210983027	-56	-34.9375	133	1130	203311503 3.2963956	
3.22749557771139	-57	8.9375	134	1186	203311504 3.2967552	
2.64458287831485	-56	-4.0625	135	1130	203311504 3.2970406	
2.58935956995096	-56	48	136	1130	203311729 3.5223923	
3.28271888607527	-57	-39	137	1186	203311733 3.5258652	
2.65071880146639	-56.5	26	138	1130	203311769 3.5619729	
3.25203927031756	-57	-21.9375	139	1186	203311775 3.5677215	
3.26431111662064	-57	-39	140	1186	203311776 3.5685648	
2.69367026352719	-56	-21.9375	141	1130	203311778 3.5708614	
2.66912657092102	-56.5	-4.0625	142	1130	203311779 3.5720466	
3.26431111662064	-56.5	-34.9375	143	1186	203311781 3.5731317	
3.19681596195368	-57	-4.0625	144	1186	203311781 3.5740121	
2.63231103201176	-56	4.0625	145	1130	203311782 3.5746725	
3.22749557771139	-57	-26	146	1186	203311783 3.5753246	
2.6384469551633	-56.5	8.9375	147	1130	203311783 3.5756969	
3.19681596195368	-57	26	148	1186	203311978 3.7717837	
2.65685472461793	-56	-13	149	1130	203311987 3.7801861	
3.17227226934751	-57	30.0625	150	1186	203311989 3.782212	
2.63231103201176	-56.5	26	151	1130	203311991 3.784724	
3.12932080728671	-57	48	152	1186	203311992 3.7854883	
2.62003918570868	-56	13	153	1130	203311993 3.7862964	
3.2581751934691	-56.5	-39	154	1186	203311994 3.7868356	
2.66299064776947	-56.5	-4.0625	155	1130	203311994 3.7875168	
2.74275764873953	-56.5	-56.125	156	1130	203311995 3.7880481	
3.3011266555299	-56.5	-48	157	1186	203312003 3.7963513	
2.68753434037564	-56	-8.9375	158	1130	203312007 3.8002093	
3.17840819249905	-57	24.375	159	1186	203312018 3.8112191	
3.23363150086293	-57	-4.0625	160	1186	203312236 4.0287547	
2.61390326255713	-56.5	34.9375	161	1130	203312245 4.0376539	
3.19681596195368	-57	26	162	1186	203312246 4.0382707	
2.65685472461793	-56	21.9375	163	1130	203312247 4.039212	
2.6384469551633	-56	4.0625	164	1130	203312247 4.0397451	
3.28885480922681	-57	-48	165	1186	203312247 4.0401169	
3.25203927031756	-57	-17.0625	166	1186	203312247 4.040511	
2.68753434037564	-56	-39	167	1130	203312247 4.040992	
3.19068003880213	-57	17.0625	168	1186	203312249 4.0414917	
2.64458287831485	-56	8.9375	169	1130	203312249 4.0420237	
2.67526249407256	-56	-30.0625	170	1130	203312479 4.2719957	
3.29499073237836	-57	-28.4375	171	1186	203312487 4.2803665	
3.22135965455985	-57	-4.0625	172	1186	203312490 4.2833521	
2.66912657092102	-56.5	8.9375	173	1130	203312495 4.2877728	
3.3011266555299	-57	-52.0625	174	1186	203312495 4.2884665	
2.69980618667873	-56	-52.0625	175	1130	203312503 4.295424	
3.23976742401447	-57	17.0625	176	1186	203312503 4.2959987	
2.64458287831485	-56	30.0625	177	1130	203312503 4.296628	
2.66912657092102	-56.5	-21.9375	178	1130	203312505 4.2972567	
3.19681596195368	-57	0	179	1186	203312508 4.3011195	
3.31953442498453	-57	-56.125	180	1186	203312508 4.3015676	
2.62617510886022	-56	26	181	1130	203312509 4.302398	
2.62003918570868	-56	39	182	1130	203312729 4.5215673	
3.27658296292373	-57	-26	183	1186	203312730 4.523182	
2.60776733940559	-56	24.375	184	1130	203312755 4.5474075	
3.17840819249905	-57	26	185	1186	203312816 4.6087393	
3.19068003880213	-57	30.0625	186	1186	203312818 4.6109593	
2.66912657092102	-56	-8.9375	187	1130	203312832 4.625602	
3.24590334716602	-57	-30.0625	188	1186	203312850 4.6423774	
2.66299064776947	-56	-4.0625	189	1130	203312851 4.6441056	
3.2152237314083	-57	4.0625	190	1186	203312852 4.6446755	
2.58322364679942	-56	48	191	1130	203312852 4.6455987	
2.65071880146639	-56.5	13	192	1130	203312979 4.7719101	
3.27044703977219	-57	-48	193	1186	203312984 4.7764459	
2.5954954931025	-56	30.0625	194	1130	203312990 4.7835933	
3.2581751934691	-57	-17.0625	195	1186	203312993 4.785629	
3.26431111662064	-56.5	-26	196	1186	203312995 4.7869866	
2.66299064776947	-56	-4.0625	197	1130	203312996 4.7884278	
3.19681596195368	-57	30.0625	198	1186	203312997 4.7899548	
2.6384469551633	-56	17.0625	199	1130	203312998 4.7911192	
3.18454411565059	-56.5	26	200	1186	203313001 4.7943317	
2.6384469551633	-56	8.9375	201	1130	203313002 4.795134	
3.31339850183298	-57	-39	202	1186	203313004 4.7962828	
2.6813984172241	-56	-21.9375	203	1130	203313004 4.797033	
2.6813984172241	-56.5	8.9375	204	1130	203313230 5.0231441	
3.22135965455985	-56.5	13	205	1186	203313250 5.0428237	
3.26431111662064	-57	-21.9375	206	1186	203313251 5.0436734	
2.67526249407256	-56	-26	207	1130	203313252 5.0453008	
3.33180627128761	-57	-69.125	208	1186	203313253 5.0458614	
2.63231103201176	-56	26	209	1130	203313254 5.0473347	
2.68753434037564	-56	-26	210	1130	203313255 5.048329	
3.29499073237836	-57	-43.125	211	1186	203313256 5.0495697	
3.20908780825676	-57	48	212	1186	203313257 5.0505968	
2.64458287831485	-56	39	213	1130	203313259 5.0514373	
3.25203927031756	-56.5	-4.0625	214	1186	203313259 5.0520768	
2.64458287831485	-56	-4.0625	215	1130	203313260 5.0525469	
3.25203927031756	-56.5	28.4375	216	1186	203313478 5.2712877	
2.62617510886022	-56	52.0625	217	1130	203313499 5.2919936	
2.66912657092102	-56	17.0625	218	1130	203313516 5.3087005	
3.22749557771139	-57	52.0625	219	1186	203313521 5.3131907	
2.62003918570868	-56	56.125	220	1130	203313524 5.3161658	
3.30726257868144	-56.5	-21.9375	221	1186	203313524 5.316615	
2.66299064776947	-56.5	-13	222	1130	203313524 5.3174023	
3.2581751934691	-57	13	223	1186	203313526 5.3191568	
3.27044703977219	-56.5	13	224	1186	203313528 5.3205743	
2.71821395613336	-56	-26	225	1130	203313528 5.3214745	
2.70594210983027	-56	13	226	1130	203313530 5.3224136	
3.33180627128761	-57	-48	227	1186	203313530 5.3235334	
3.27044703977219	-57	0	228	1186	203313732 5.524656	
2.6813984172241	-56	21.9375	229	1130	203313733 5.5258199	
2.67526249407256	-56.5	0	230	1130	203313736 5.5288742	
3.31953442498453	-57	-17.0625	231	1186	203313742 5.5346923	
3.27658296292373	-56.5	-21.9375	232	1186	203313744 5.5369477	
2.6384469551633	-56	31.6875	233	1130	203313745 5.5381429	
3.3440781175907	-56.5	-39	234	1186	203313745 5.5388295	
2.68753434037564	-55.5	-8.9375	235	1130	203313748 5.5410131	
3.27044703977219	-57	0	236	1186	203313748 5.5416916	
2.66912657092102	-56	17.0625	237	1130	203313748 5.5420284	
3.2581751934691	-56.5	8.9375	238	1186	203313750 5.5423119	
2.66299064776947	-56	21.9375	239	1130	203313753 5.5453424	
3.35021404074224	-57	-61	240	1186	203313979 5.7713145	
2.65685472461793	-56.5	28.4375	241	1130	203313980 5.7723997	
3.26431111662064	-56.5	-4.0625	242	1186	203313980 5.7731272	
2.74889357189107	-56.5	-61	243	1130	203313981 5.7737746	
3.38089365649995	-56.5	-61	244	1186	203313981 5.7745128	
2.73048580243644	-56	-34.9375	245	1130	203313981 5.7750651	
2.76116541819415	-56.5	-48	246	1130	203313983 5.775519	
3.29499073237836	-56.5	-21.9375	247	1186	203313983 5.7763918	
3.28271888607527	-56.5	-13	248	1186	203313984 5.776925	
2.69367026352719	-56	4.0625	249	1130	203313984 5.7772397	
3.31953442498453	-56.5	-30.0625	250	1186	203314229 6.0214983	
2.76116541819415	-56	-43.125	251	1130	203314231 6.0241052	
2.58935956995096	-56	69.125	252	1130	203314241 6.0342234	
3.35634996389378	-56.5	-61	253	1186	203314243 6.0355545	
2.65685472461793	-56	21.9375	254	1130	203314246 6.0386219	
3.27658296292373	-57	-8.9375	255	1186	203314247 6.0394459	
3.32567034813607	-57	-34.9375	256	1186	203314247 6.0399483	
2.71207803298181	-56	-48	257	1130	203314248 6.0409368	
2.68753434037564	-56.5	-4.0625	258	1130	203314249 6.0418462	
3.26431111662064	-56.5	17.0625	259	1186	203314249 6.0423982	
3.31339850183298	-56.5	-34.9375	260	1186	203314250 6.0431032	
2.60776733940559	-56	61	261	1130	203314250 6.0436731	
2.76116541819415	-56.5	-39	262	1130	203314488 6.281509	
3.2152237314083	-56.5	52.0625	263	1186	203314492 6.2853735	
3.31953442498453	-56.5	-26	264	1186	203314496 6.2887713	
2.68753434037564	-56.5	8.9375	265	1130	203314499 6.2921139	
2.6384469551633	-56	30.0625	266	1130	203314500 6.2935426	
3.32567034813607	-56.5	-52.0625	267	1186	203314504 6.2964481	
3.3011266555299	-56.5	-30.0625	268	1186	203314505 6.2974925	
2.74889357189107	-56	-26	269	1130	203314507 6.2994201	
2.76116541819415	-56	-52.0625	270	1130	203314508 6.3007839	
3.26431111662064	-56.5	-8.9375	271	1186	203314509 6.3013468	
2.65685472461793	-56.5	0	272	1130	203314509 6.3018135	
3.27044703977219	-57	-17.0625	273	1186	203314510 6.3027594	
2.69980618667873	-56	4.0625	274	1130	203314729 6.521585	
3.23976742401447	-57	17.0625	275	1186	203314735 6.5271215	
3.22749557771139	-56.5	39	276	1186	203314747 6.5400623	
2.7243498792849	-56	-17.0625	277	1130	203314748 6.5408069	
3.28271888607527	-56.5	-26	278	1186	203314750 6.5425889	
2.69980618667873	-56.5	-16.25	279	1130	203314751 6.5435201	
3.22135965455985	-57	26	280	1186	203314752 6.5445321	
2.71821395613336	-56.5	-48	281	1130	203314752 6.5453459	
2.65071880146639	-56.5	21.9375	282	1130	203314755 6.5473348	
3.32567034813607	-56.5	-65.0625	283	1186	203314756 6.5491042	
3.28885480922681	-57	-30.0625	284	1186	203314978 6.7713784	
2.71207803298181	-56	-26	285	1130	203314998 6.790915	
3.22135965455985	-57	34.9375	286	1186	203314999 6.7921221	
2.70594210983027	-56	-21.9375	287	1130	203314999 6.7927165	
2.6813984172241	-56	-30.0625	288	1130	203315001 6.7933059	
3.3011266555299	-56.5	-30.0625	289	1186	203315001 6.7938222	
3.25203927031756	-56.5	8.9375	290	1186	203315002 6.7949074	
2.65071880146639	-56	17.0625	291	1130	203315002 6.7955591	
3.27044703977219	-57	-28.4375	292	1186	203315003 6.7959731	
2.66299064776947	-56	17.0625	293	1130	203315003 6.7966459	
2.70594210983027	-56	-4.0625	294	1130	203315004 6.797502	
3.26431111662064	-57	-8.9375	295	1186	203315006 6.7987947	
2.68753434037564	-56.5	-26	296	1130	203315229 7.0216106	
3.27044703977219	-57	-13	297	1186	203315232 7.0248376	
3.26431111662064	-56.5	-13	298	1186	203315255 7.0476791	
2.69980618667873	-56.5	-13	299	1130	203315259 7.052472	
2.71821395613336	-56	-17.0625	300	1130	203315261 7.0537037	
3.24590334716602	-57	12.1875	301	1186	203315280 7.0727724	
2.64458287831485	-56	4.0625	302	1130	203315290 7.0833744	
3.23363150086293	-57	4.0625	303	1186	203315294 7.0875098	
2.65685472461793	-56	17.0625	304	1130	203315296 7.0882534	
3.28885480922681	-57	-21.9375	305	1186	203315296 7.0887966	
2.69367026352719	-56	-8.9375	306	1130	203315317 7.1101866	
3.27658296292373	-57	-13	307	1186	203315333 7.125922	
3.26431111662064	-57	-13	308	1186	203315489 7.282088	
2.69367026352719	-56	-4.0625	309	1130	203315491 7.2838922	
3.22749557771139	-56.5	-8.9375	310	1186	203315492 7.284471	
2.66299064776947	-56	13	311	1130	203315492 7.2850441	
3.28271888607527	-56.5	-34.9375	312	1186	203315493 7.2857417	
2.66299064776947	-56	8.9375	313	1130	203315493 7.2861321	
2.69367026352719	-56.5	-34.9375	314	1130	203315493 7.286424	
3.25203927031756	-56.5	-17.0625	315	1186	203315493 7.2868046	
3.23363150086293	-57	13	316	1186	203315495 7.2872936	
2.65685472461793	-56	30.0625	317	1130	203315495 7.2877639	
2.65071880146639	-56	17.0625	318	1130	203315496 7.288721	
3.29499073237836	-56.5	17.0625	319	1186	203315497 7.2892135	
3.32567034813607	-57	-16.25	320	1186	203315738 7.5311798	
2.73662172558798	-56	-65.0625	321	1130	203315739 7.5317899	
2.66912657092102	-56	-17.0625	322	1130	203315739 7.5322554	
3.27044703977219	-56.5	-13	323	1186	203315741 7.5333665	
3.3011266555299	-57	-39	324	1186	203315741 7.5341429	
2.64458287831485	-56	21.9375	325	1130	203315742 7.5348656	
2.63231103201176	-56	30.0625	326	1130	203315742 7.5353639	
3.28271888607527	-56.5	-17.0625	327	1186	203315743 7.5361463	
2.73662172558798	-56	-61	328	1130	203315744 7.5369902	
3.27658296292373	-57	-4.0625	329	1186	203315745 7.5376767	
2.6384469551633	-56.5	13	330	1130	203315746 7.5385453	
3.22749557771139	-57	48	331	1186	203315746 7.5390237	
2.71207803298181	-56.5	0	332	1130	203315978 7.7710522	
3.39316550280304	-57	-95.1875	333	1186	203315987 7.7801462	
2.6813984172241	-56.5	-17.0625	334	1130	203315990 7.7831186	
3.29499073237836	-57	-17.0625	335	1186	203315992 7.7846282	
3.31953442498453	-57	-28.4375	336	1186	203315993 7.785351	
2.67526249407256	-56	43.125	337	1130	203316011 7.8036221	
2.63231103201176	-56.5	48	338	1130	203316034 7.8269417	
3.2581751934691	-57	-8.9375	339	1186	203316036 7.828345	
3.27658296292373	-56.5	-21.9375	340	1186	203316036 7.8290245	
2.70594210983027	-56	-30.0625	341	1130	203316037 7.8296019	
3.31339850183298	-56.5	-34.9375	342	1186	203316228 8.021111	
2.69980618667873	-56.5	-21.9375	343	1130	203316230 8.0237086	
3.31953442498453	-56.5	-39	344	1186	203316242 8.034399	
2.66912657092102	-56.5	26	345	1130	203316243 8.0362465	
3.30726257868144	-56.5	-17.0625	346	1186	203316244 8.0376107	
2.6384469551633	-56.5	39	347	1130	203316246 8.0386855	
2.67526249407256	-56.5	17.0625	348	1130	203316247 8.0397371	
3.25203927031756	-57	13	349	1186	203316248 8.0407198	
2.74275764873953	-56.5	-21.9375	350	1130	203316249 8.0423364	
3.27044703977219	-56.5	-8.9375	351	1186	203316250 8.0430735	
2.69980618667873	-56	0	352	1130	203316479 8.2711725	
3.3011266555299	-57	-13	353	1186	203316484 8.2775258	
3.20908780825676	-56.5	43.125	354	1186	203316490 8.2835908	
2.66299064776947	-56.5	21.9375	355	1130	203316491 8.2843711	
2.6384469551633	-56.5	8.9375	356	1130	203316492 8.2855942	
3.31339850183298	-57	-26	357	1186	203316493 8.2865236	
3.32567034813607	-56.5	-34.9375	358	1186	203316493 8.2871857	
2.68753434037564	-56	-17.0625	359	1130	203316495 8.2884475	
3.27658296292373	-57	8.125	360	1186	203316729 8.5211629	
2.67526249407256	-56	13	361	1130	203316730 8.5226951	
3.31339850183298	-57	-30.0625	362	1186	203316730 8.5230616	
2.68753434037564	-56	-13	363	1130	203316731 8.5243229	
2.70594210983027	-56	-17.0625	364	1130	203316731 8.5247178	
3.22135965455985	-57	17.0625	365	1186	203316733 8.5254732	
3.28885480922681	-56.5	-13	366	1186	203316733 8.5259213	
2.65685472461793	-56	17.0625	367	1130	203316734 8.5266089	
2.65071880146639	-56	35.75	368	1130	203316734 8.5271325	
3.28885480922681	-56.5	-17.0625	369	1186	203316735 8.5279681	
3.28885480922681	-57	-13	370	1186	203316736 8.5289398	
2.65071880146639	-56.5	17.0625	371	1130	203316736 8.5296281	
2.68753434037564	-56.5	-26	372	1130	203316978 8.7712978	
3.27658296292373	-56.5	-26	373	1186	203316990 8.7823634	
3.28885480922681	-57	0	374	1186	203316990 8.7827999	
2.66299064776947	-56	13	375	1130	203316995 8.7869453	
2.68753434037564	-56	-4.0625	376	1130	203316995 8.7876751	
3.28271888607527	-57	-28.4375	377	1186	203316996 8.7888586	
2.65685472461793	-56	34.9375	378	1130	203316997 8.7903643	
3.30726257868144	-57	-17.0625	379	1186	203316997 8.7910321	
3.32567034813607	-56.5	-30.0625	380	1186	203316999 8.7917819	
2.6813984172241	-56	0	381	1130	203317000 8.7926191	
2.70594210983027	-56.5	-43.125	382	1130	203317000 8.7932603	
3.33180627128761	-57	-30.0625	383	1186	203317001 8.7939335	
3.31953442498453	-56.5	-39	384	1186	203317238 9.0311219	
2.60163141625405	-56.5	65.0625	385	1130	203317247 9.0391544	
2.66299064776947	-56	13	386	1130	203317263 9.0555429	
3.19681596195368	-56.5	61	387	1186	203317267 9.0597274	
3.27044703977219	-57	21.9375	388	1186	203317267 9.0601362	
2.66912657092102	-56.5	8.9375	389	1130	203317269 9.0615097	
2.68753434037564	-56.5	-30.0625	390	1130	203317269 9.0625075	
3.33180627128761	-57	-30.0625	391	1186	203317270 9.0636253	
3.2581751934691	-57	0	392	1186	203317273 9.0669499	
2.6813984172241	-56.5	-8.9375	393	1130	203317275 9.0677052	
3.27044703977219	-57	4.0625	394	1186	203317276 9.0694055	
2.68753434037564	-56.5	8.9375	395	1130	203317277 9.0707894	
2.71821395613336	-56	-17.0625	396	1130	203317489 9.2819287	
3.33794219443916	-57	-21.9375	397	1186	203317490 9.2833292	
3.24590334716602	-57	26	398	1186	203317492 9.2846003	
2.7243498792849	-56	-39	399	1130	203317495 9.287093	
3.19681596195368	-57	26	400	1186	203317495 9.2884297	
2.66299064776947	-56	0	401	1130	203317496 9.2892834	
2.5954954931025	-56.5	34.9375	402	1130	203317496 9.2899015	
3.31953442498453	-57	-39	403	1186	203317498 9.2903256	
3.29499073237836	-57	-13	404	1186	203317498 9.2908759	
2.69980618667873	-56	-17.0625	405	1130	203317499 9.2915096	
2.69980618667873	-56	-8.9375	406	1130	203317728 9.5209767	
3.28885480922681	-56.5	-13	407	1186	203317780 9.5732116	
3.35634996389378	-57	-52.0625	408	1186	203317782 9.574933	
2.69367026352719	-56	-13	409	1130	203317787 9.5801558	
2.7243498792849	-56	-13	410	1130	203317789 9.5825576	
3.24590334716602	-57	0	411	1186	203317810 9.6024942	
2.68753434037564	-56	-8.9375	412	1130	203317813 9.6062958	
3.28885480922681	-57	-17.0625	413	1186	203317814 9.6071951	
3.2581751934691	-56.5	-4.0625	414	1186	203317817 9.609548	
2.66299064776947	-56.5	26	415	1130	203317820 9.6131551	
3.32567034813607	-56.5	-4.0625	416	1186	203317828 9.6210368	
2.68753434037564	-56	4.0625	417	1130	203317829 9.6220195	
3.28271888607527	-57	8.9375	418	1186	203317978 9.7706622	
2.6384469551633	-56.5	26	419	1130	203317979 9.7717988	
3.31953442498453	-56.5	-30.0625	420	1186	203317986 9.7796048	
2.65071880146639	-56	21.9375	421	1130	203317993 9.785905	
2.69367026352719	-56	-17.0625	422	1130	203318002 9.7951357	
3.28885480922681	-57	-13	423	1186	203318003 9.7959005	
3.2581751934691	-56.5	8.9375	424	1186	203318003 9.7962546	
2.68753434037564	-56	8.9375	425	1130	203318003 9.796536	
2.67526249407256	-56	21.9375	426	1130	203318014 9.8068764	
3.24590334716602	-57	34.9375	427	1186	203318029 9.8222181	
3.33794219443916	-57	-34.9375	428	1186	203318229 10.0215707	
2.66912657092102	-56.5	-4.0625	429	1130	203318231 10.0244934	
3.27658296292373	-57	-8.9375	430	1186	203318233 10.0266507	
2.67526249407256	-56	0	431	1130	203318239 10.0320032	
3.28271888607527	-57	-4.0625	432	1186	203318253 10.0454417	
2.69980618667873	-56	0	433	1130	203318253 10.046285	
2.73662172558798	-56	-61	434	1130	203318257 10.0507125	
3.32567034813607	-56.5	-30.0625	435	1186	203318260 10.052607	
2.66912657092102	-56	-4.0625	436	1130	203318262 10.0545957	
3.28271888607527	-57	-13	437	1186	203318262 10.055101	
3.3440781175907	-57	-43.125	438	1186	203318263 10.055867	
2.68753434037564	-56	-17.0625	439	1130	203318265 10.0582285	
3.31339850183298	-57	-17.0625	440	1186	203318480 10.2727523	
2.7243498792849	-56	-43.125	441	1130	203318486 10.2783053	
3.31339850183298	-57	-39	442	1186	203318486 10.278784	
2.64458287831485	-56	-8.9375	443	1130	203318487 10.2795825	
2.64458287831485	-56	0	444	1130	203318488 10.2803522	
3.30726257868144	-57	-48	445	1186	203318489 10.2817177	
2.6384469551633	-56	43.125	446	1130	203318490 10.282401	
3.27658296292373	-56.5	-17.0625	447	1186	203318491 10.2836486	
3.31339850183298	-57	-82.1875	448	1186	203318492 10.2843169	
2.6384469551633	-56	52.0625	449	1130	203318492 10.2849003	
3.27044703977219	-57	-26	450	1186	203318493 10.2855034	
2.66299064776947	-56	13	451	1130	203318493 10.2860855	
3.27658296292373	-57	-8.9375	452	1186	203318728 10.5208249	
2.62003918570868	-56	39	453	1130	203318732 10.5249454	
3.27044703977219	-57	13	454	1186	203318740 10.5334324	
2.68753434037564	-56	-26	455	1130	203318741 10.534737	
3.27044703977219	-57	8.9375	456	1186	203318742 10.5358135	
2.65685472461793	-56.5	17.0625	457	1130	203318745 10.5381884	
3.26431111662064	-57	0	458	1186	203318747 10.5392644	
2.73048580243644	-56	-43.125	459	1130	203318748 10.540311	
3.32567034813607	-57	-39	460	1186	203318749 10.5413189	
2.66299064776947	-56	8.9375	461	1130	203318749 10.541937	
3.32567034813607	-56.5	-16.25	462	1186	203318981 10.7734812	
2.6813984172241	-56	0	463	1130	203319001 10.7941998	
3.28885480922681	-56.5	-8.9375	464	1186	203319003 10.7958329	
2.63231103201176	-56.5	52.0625	465	1130	203319004 10.7970301	
2.73048580243644	-56	-69.125	466	1130	203319006 10.7992232	
3.2581751934691	-57	8.9375	467	1186	203319008 10.8003917	
3.35634996389378	-57	-74	468	1186	203319013 10.8057329	
2.66912657092102	-56	0	469	1130	203319024 10.8163313	
3.33180627128761	-57	-43.125	470	1186	203319024 10.8169731	
2.6813984172241	-56	4.0625	471	1130	203319026 10.8192027	
2.6384469551633	-56	13	472	1130	203319026 10.8198296	
3.38089365649995	-57	-82.1875	473	1186	203319028 10.8204819	
2.62617510886022	-56	26	474	1130	203319228 11.0207122	
3.28885480922681	-57	-26	475	1186	203319229 11.0220232	
3.26431111662064	-57	-21.9375	476	1186	203319229 11.0227315	
2.6813984172241	-56	-8.9375	477	1130	203319231 11.0233529	
2.65071880146639	-56.5	-4.0625	478	1130	203319231 11.0242084	
3.25203927031756	-57	26	479	1186	203319234 11.0269033	
3.25203927031756	-57	-4.0625	480	1186	203319234 11.0275475	
2.65071880146639	-56	30.0625	481	1130	203319235 11.0281743	
2.60776733940559	-56.5	39.875	482	1130	203319235 11.0287295	
3.2152237314083	-57.5	35.75	483	1186	203319237 11.0292717	
3.28271888607527	-57	-17.0625	484	1186	203319478 11.2707382	
2.64458287831485	-56	26	485	1130	203319481 11.2741326	
3.30726257868144	-57	-34.9375	486	1186	203319482 11.2751929	
2.68753434037564	-56	0	487	1130	203319485 11.2776845	
3.25203927031756	-57	26	488	1186	203319486 11.2794154	
2.66912657092102	-56	-21.9375	489	1130	203319490 11.2820269	
3.40543734910612	-57	-104.125	490	1186	203319490 11.2830589	
2.65071880146639	-56.5	8.9375	491	1130	203319491 11.2837468	
2.6813984172241	-56	0	492	1130	203319492 11.2853437	
3.28885480922681	-57	-13	493	1186	203319493 11.2862237	
2.63231103201176	-56.5	43.125	494	1130	203319494 11.2869078	
3.31339850183298	-57	-34.9375	495	1186	203319494 11.2875593	
3.20295188510522	-57	52.0625	496	1186	203319728 11.5208979	
2.65071880146639	-56	34.9375	497	1130	203319731 11.5229867	
2.67526249407256	-56.5	-30.0625	498	1130	203319759 11.5516007	
3.29499073237836	-57	-17.0625	499	1186	203319780 11.5728573	
3.33180627128761	-57	-52.0625	500	1186	203319789 11.5823367	
2.74889357189107	-56	-69.125	501	1130	203319790 11.5831773	
2.66299064776947	-56	-8.9375	502	1130	203319791 11.5839151	
3.31339850183298	-57	-34.9375	503	1186	203319791 11.5845532	
3.23976742401447	-57	39	504	1186	203319792 11.5851084	
2.66912657092102	-56	-8.9375	505	1130	203319792 11.5857074	
2.69980618667873	-56	-13	506	1130	203319794 11.5860963	
3.29499073237836	-57	-48	507	1186	203319794 11.5866289	
2.65071880146639	-56.5	-8.9375	508	1130	203319978 11.7708499	
3.30726257868144	-57	-30.0625	509	1186	203319994 11.786818	
2.58935956995096	-56	56.125	510	1130	203319998 11.7913402	
3.22749557771139	-57	26	511	1186	203319999 11.7924775	
3.20295188510522	-54.5	56.125	512	1186	203320001 11.7943771	
2.64458287831485	-56.5	17.0625	513	1130	203320004 11.797418	
2.65685472461793	-56.5	30.0625	514	1130	203320005 11.7984736	
3.2581751934691	-57	4.0625	515	1186	203320007 11.8001584	
3.3011266555299	-57	-52.0625	516	1186	203320008 11.800694	
2.66912657092102	-56.5	-8.9375	517	1130	203320008 11.8014593	
3.30726257868144	-57	-17.0625	518	1186	203320011 11.8044406	
2.66912657092102	-56	-4.0625	519	1130	203320012 11.8049489	
3.33180627128761	-57	-61	520	1186	203320229 12.0223954	
2.63231103201176	-56	56.125	521	1130	203320235 12.0276048	
3.20908780825676	-57.5	21.9375	522	1186	203320236 12.0286986	
2.66912657092102	-56.5	-17.0625	523	1130	203320236 12.0293038	
2.68753434037564	-56.5	-17.0625	524	1130	203320236 12.0299185	
3.31339850183298	-57	-39	525	1186	203320238 12.0303907	
3.3011266555299	-57	-30.0625	526	1186	203320239 12.0312804	
2.66299064776947	-56	8.9375	527	1130	203320239 12.0320804	
2.65685472461793	-57	-17.0625	528	1130	203320240 12.0327353	
3.27658296292373	-57	0	529	1186	203320241 12.0336521	
2.6813984172241	-56	17.0625	530	1130	203320241 12.0340005	
3.23976742401447	-57	17.0625	531	1186	203320241 12.0343287	
2.65071880146639	-56	28.4375	532	1130	203320478 12.2703536	
3.33794219443916	-57	-34.9375	533	1186	203320479 12.2711852	
2.66912657092102	-56	4.0625	534	1130	203320479 12.2717059	
3.28885480922681	-56.5	0	535	1186	203320480 12.2722983	
3.20908780825676	-57	52.0625	536	1186	203320480 12.2728029	
2.69980618667873	-56	-8.9375	537	1130	203320481 12.273869	
3.32567034813607	-57	-43.125	538	1186	203320482 12.2747092	
2.66912657092102	-56.5	-20.3125	539	1130	203320482 12.2753343	
3.23976742401447	-57	21.9375	540	1186	203320482 12.2758012	
2.64458287831485	-56	13	541	1130	203320484 12.2766729	
3.31953442498453	-57	-43.125	542	1186	203320727 12.5203772	
2.73048580243644	-56	-39	543	1130	203320729 12.5223636	
3.30726257868144	-57	-34.9375	544	1186	203320732 12.5246294	
2.61390326255713	-56.5	43.125	545	1130	203320732 12.5254063	
3.28271888607527	-56.5	-21.9375	546	1186	203320733 12.5260342	
2.63231103201176	-56.5	43.125	547	1130	203320733 12.5266695	
3.28271888607527	-57	-13	548	1186	203320735 12.5271233	
2.66912657092102	-56	-8.125	549	1130	203320735 12.5274453	
2.70594210983027	-56	-17.0625	550	1130	203320735 12.5277943	
3.28885480922681	-57	-21.9375	551	1186	203320736 12.5282142	
3.30726257868144	-57	-34.9375	552	1186	203320736 12.5285649	
2.65685472461793	-56	21.9375	553	1130	203320736 12.5289894	
3.32567034813607	-57	-43.125	554	1186	203320987 12.7807112	
2.69367026352719	-56	-8.9375	555	1130	203320991 12.7840351	
2.64458287831485	-56	48	556	1130	203320994 12.7869488	
3.28885480922681	-57	-4.0625	557	1186	203320997 12.7904015	
3.24590334716602	-56.5	4.0625	558	1186	203320998 12.7916002	
2.62617510886022	-56.5	21.9375	559	1130	203320999 12.7928709	
3.31953442498453	-57	-39	560	1186	203321001 12.7943288	
2.66912657092102	-56	17.0625	561	1130	203321002 12.7956257	
3.23363150086293	-57	4.0625	562	1186	203321004 12.7966429	
2.69980618667873	-56.5	-48	563	1130	203321005 12.797344	
2.60776733940559	-56	69.125	564	1130	203321005 12.7985774	
3.30726257868144	-57	-21.9375	565	1186	203321006 12.799532	
2.66912657092102	-56.5	16.25	566	1130	203321229 13.0210534	
3.27044703977219	-57	13	567	1186	203321240 13.0325166	
2.68753434037564	-56.5	0	568	1130	203321297 13.089624	
3.3440781175907	-57	-34.9375	569	1186	203321298 13.0907717	
2.6813984172241	-56	-8.9375	570	1130	203321308 13.1013522	
3.26431111662064	-57	13	571	1186	203321310 13.1036162	
2.65071880146639	-56	13	572	1130	203321311 13.1044226	
3.26431111662064	-57	35.75	573	1186	203321312 13.105174	
2.66912657092102	-56	-13	574	1130	203321313 13.1058254	
3.25203927031756	-57.5	0	575	1186	203321314 13.1064278	
3.28271888607527	-56.5	-17.0625	576	1186	203321478 13.2705661	
2.69367026352719	-56.5	-26	577	1130	203321498 13.2913192	
3.3870295796515	-57	-64.25	578	1186	203321513 13.3060143	
2.65071880146639	-56.5	0	579	1130	203321528 13.321258	
3.35021404074224	-57	-74	580	1186	203321536 13.328803	
2.58322364679942	-56.5	56.125	581	1130	203321537 13.3293456	
3.32567034813607	-57	-82.1875	582	1186	203321537 13.3298111	
2.6813984172241	-56	0	583	1130	203321537 13.3307653	
3.3011266555299	-56.5	-26	584	1186	203321540 13.3329044	
2.66912657092102	-56.5	28.4375	585	1130	203321541 13.33363	
3.28271888607527	-57	-30.0625	586	1186	203321541 13.3342499	
2.5954954931025	-56	52.0625	587	1130	203321541 13.3348158	
3.27044703977219	-57	-17.0625	588	1186	203321728 13.5204143	
2.70594210983027	-56.5	-4.0625	589	1130	203321729 13.5213727	
3.35021404074224	-57	-65.0625	590	1186	203321729 13.5221014	
2.62003918570868	-56.5	48	591	1130	203321730 13.5229628	
2.7243498792849	-56.5	-48	592	1130	203321731 13.5237817	
3.28885480922681	-57	-17.0625	593	1186	203321732 13.5248646	
2.62617510886022	-56	26	594	1130	203321732 13.5256509	
3.31953442498453	-57	-13	595	1186	203321734 13.526518	
3.30726257868144	-57	-30.0625	596	1186	203321978 13.7707149	
2.69980618667873	-56	-30.0625	597	1130	203321980 13.7731309	
2.67526249407256	-56	-34.9375	598	1130	203321986 13.778686	
3.27044703977219	-57	-34.9375	599	1186	203321987 13.779622	
3.27658296292373	-56.5	-4.0625	600	1186	203321987 13.7801053	
2.6813984172241	-56	-8.9375	601	1130	203321988 13.7805378	
2.71821395613336	-56	-26	602	1130	203321989 13.7815863	
3.30726257868144	-57	-16.25	603	1186	203321989 13.7820677	
3.36248588704533	-57	-65.0625	604	1186	203321989 13.7827233	
2.67526249407256	-56	-8.9375	605	1130	203321991 13.7833336	
2.6813984172241	-56	8.9375	606	1130	203321991 13.7837882	
3.33180627128761	-57	-74	607	1186	203321992 13.7847037	
3.33794219443916	-57.5	-39	608	1186	203322233 14.0263211	
2.63231103201176	-56	21.9375	609	1130	203322235 14.0282092	
3.28885480922681	-57	-17.0625	610	1186	203322238 14.0311747	
2.69367026352719	-56.5	-21.9375	611	1130	203322239 14.0319916	
3.25203927031756	-57	13	612	1186	203322242 14.033934	
2.67526249407256	-56	-17.0625	613	1130	203322242 14.0346026	
2.68753434037564	-56	0	614	1130	203322242 14.0349491	
3.30726257868144	-57	-13	615	1186	203322243 14.0363361	
3.31953442498453	-57	-34.9375	616	1186	203322244 14.0370161	
2.73662172558798	-56	-34.9375	617	1130	203322246 14.0381558	
2.6813984172241	-56	-17.0625	618	1130	203322478 14.2705652	
3.26431111662064	-57	8.9375	619	1186	203322480 14.2734296	
2.69367026352719	-56.5	-30.0625	620	1130	203322483 14.2753275	
3.22749557771139	-57	43.9375	621	1186	203322484 14.2771065	
2.69367026352719	-56	4.0625	622	1130	203322486 14.2785686	
3.27044703977219	-57.5	-8.9375	623	1186	203322487 14.2800002	
3.31953442498453	-57	-30.0625	624	1186	203322491 14.2832075	
2.69367026352719	-56	-13	625	1130	203322493 14.2849243	
2.7243498792849	-56	-69.125	626	1130	203322493 14.2860831	
3.30726257868144	-57	-26	627	1186	203322496 14.2882855	
3.31339850183298	-56.5	-30.0625	628	1186	203322728 14.5203768	
2.6813984172241	-56.5	-21.9375	629	1130	203322730 14.5223845	
3.27044703977219	-57	8.9375	630	1186	203322731 14.5233731	
2.6384469551633	-56.5	13	631	1130	203322732 14.5244647	
3.27044703977219	-57	-21.9375	632	1186	203322733 14.5254276	
2.62617510886022	-56	43.125	633	1130	203322740 14.5331694	
2.67526249407256	-56	-17.0625	634	1130	203322742 14.5350146	
3.2581751934691	-56.5	-21.9375	635	1186	203322743 14.5363405	
3.28271888607527	-57	13	636	1186	203322744 14.5370735	
2.65685472461793	-56	-8.9375	637	1130	203322744 14.5376475	
2.65685472461793	-56	17.0625	638	1130	203322746 14.5382307	
3.24590334716602	-57	-8.9375	639	1186	203322746 14.5387208	
3.24590334716602	-57	-8.9375	640	1186	203322978 14.7708298	
2.71821395613336	-56.5	-30.0625	641	1130	203322982 14.775106	
3.28271888607527	-57	-34.9375	642	1186	203322988 14.7804433	
2.63231103201176	-56.5	0	643	1130	203323023 14.8156308	
2.6813984172241	-56	-17.0625	644	1130	203323050 14.8427658	
3.23363150086293	-57	17.0625	645	1186	203323050 14.8437217	
2.6384469551633	-56	-8.9375	646	1130	203323052 14.8453977	
3.32567034813607	-57	-39.875	647	1186	203323052 14.8458588	
3.28271888607527	-57	-21.9375	648	1186	203323053 14.8463806	
2.64458287831485	-56	0	649	1130	203323053 14.8468687	
2.66299064776947	-56.5	-8.9375	650	1130	203323056 14.848914	
3.35021404074224	-57	-61	651	1186	203323057 14.8496786	
2.69367026352719	-56	-4.0625	652	1130	203323233 15.0262727	
