-1.750882	-2.165066
-1.791690	-1.895459
-1.802477	-1.824188
-1.874393	-2.152149
-1.876582	-1.883532
-1.882158	-1.274414
-1.844858	-1.119104
-1.754446	-1.656527
-1.700161	-1.979197
-1.682754	-1.024619
-1.756084	-1.381163
-1.791640	-1.251004
-1.801268	-1.000000
-1.757618	-1.000000
-1.754874	-1.078400
-1.718058	-1.318368
-1.702097	-1.500000
-1.819746	-2.000000
-1.797078	-1.981905
-1.705687	-1.916214
-1.803768	-2.000000
-1.773829	-1.852230
-1.694164	-1.500000
-1.804254	-1.500000
-1.734877	-1.159474
-1.724212	-0.749826
-1.757632	-0.620790
-1.794035	-1.345581
-1.780273	-1.500000
-1.718134	-1.500000
-1.706122	-1.490886
-1.806818	-1.480911
-1.807635	-1.700613
-1.812506	-1.303706
-1.798867	-1.194964
-1.771027	-1.000000
-1.733437	-1.493769
-1.750192	-1.763094
-1.749792	-2.000000
-1.834442	-1.508094
-1.822956	-1.500000
-1.737127	-1.500000
-1.732991	-1.283162
-1.692219	-0.605560
-1.701459	-0.571928
-1.654520	-0.924714
-1.681735	-1.000000
-1.634923	-0.500000
-1.672798	-0.581182
-1.789497	-1.382131
-1.803657	-1.500000
-1.908941	-1.500000
-1.813090	-1.201687
-1.712172	-1.000000
-1.687869	-1.303994
-1.780372	-1.500000
-1.807173	-1.500000
-1.750097	-1.500000
-1.717871	-1.246180
-1.759921	-1.000000
-1.791634	-1.002274
-1.779418	-1.009496
-1.732825	-1.000000
-1.703796	-1.331090
-1.727683	-1.500000
-1.736559	-1.500000
-1.697559	-1.500000
-1.700144	-1.182476
-1.760559	-1.000000
-1.771410	-1.000000
-1.754428	-0.995964
-1.854056	-0.509120
-1.781661	-0.500000
-1.742100	-1.000000
-1.768139	-1.000000
-1.906653	-1.187295
-1.999151	-1.500000
-1.671033	-1.500000
-1.725053	-1.500000
-1.772032	-1.500000
-1.785009	-1.491125
-1.826951	-1.000000
-1.796400	-1.000000
-1.732725	-1.000000
-1.708944	-1.000000
-1.721848	-1.000000
-1.743026	-1.281618
-1.832383	-1.424001
-1.825298	-1.500000
-1.712246	-1.500000
-1.663395	-1.500000
-1.783797	-1.000000
-1.735207	-1.000000
-1.668109	-1.000000
-1.660012	-1.000000
-1.745573	-1.000000
-1.770221	-0.861172
-1.861515	-1.132207
-1.831610	-0.861447
-1.893677	-1.256746
-1.865321	-0.676889
-1.839800	-0.659973
-1.780369	-1.038411
-1.626643	-1.512694
-1.641139	-0.883996
-1.567562	-0.855976
-1.560409	-1.143569
-1.724439	-1.500000
-1.759527	-1.500000
-1.729985	-1.500000
-1.693515	-1.492932
-1.735819	-1.000000
-1.879088	-1.000000
-2.010570	-1.000000
-1.863818	-1.000000
-1.809305	-1.000000
-1.856007	-1.000000
-1.762961	-1.000000
-1.794999	-0.723030
-1.824530	-0.676097
-1.786984	-1.338343
-1.791461	-2.160448
-1.804015	-2.500000
-1.760821	-1.500000
-1.807484	-1.500000
-1.903927	-0.554467
-1.935734	0.500000
-1.734630	0.299064
-1.540117	0.000000
-1.609811	-0.608489
-1.712695	-1.500000
-1.700635	-1.500000
-1.678008	-1.248060
-1.764513	-0.612203
-1.740881	-0.500000
-1.768266	-1.000000
-1.753577	-0.684281
-1.771493	-0.854206
-1.746625	-1.181018
-1.719454	-1.353297
-1.771187	-1.000000
-1.789273	-1.325761
-1.798357	-1.500000
-1.973993	-0.030979
-1.947960	0.323711
-1.898963	-0.419513
-1.859430	-1.000000
-1.755994	-1.000000
-1.735507	-0.903638
-1.705787	-0.500000
-1.693760	-0.663342
-1.795391	-0.783063
-1.777401	-1.000000
-1.566487	-1.000000
-1.712778	-0.690520
-1.816970	-0.500000
-1.806546	-0.617218
-1.802131	-0.740832
-1.751507	-1.182052
-1.696786	-1.220820
-1.713437	-0.826479
-1.782346	-1.208965
-1.827689	-0.991683
-1.646586	-0.992006
-1.632528	-1.193926
-1.691509	-0.832688
-1.706781	-1.883800
-1.689846	-1.680430
-1.668971	-1.333728
-1.601676	-2.528200
-1.581540	-2.781134
-1.595775	-2.491138
-1.656891	-0.015631
-1.677941	-0.247279
-1.743359	-1.437386
-1.778266	-1.259382
-1.777150	-0.755932
-1.737060	-0.500000
-1.782359	-0.837630
-1.692885	-0.264537
-1.553328	0.653904
-1.532247	0.953717
-1.766385	-1.000000
-1.782882	-1.000000
-1.795719	-1.500000
-1.783879	-1.403740
-1.420259	1.309817
-1.626266	0.535178
-1.916373	-0.357115
-2.015128	-0.803977
-1.938956	-0.785759
-1.977036	-1.000000
-1.743007	-1.000000
-1.754874	-1.000000
-1.682306	-1.492780
-1.748163	-1.500000
-1.882193	-1.164068
-1.849646	-1.000000
-1.677617	-1.000000
-1.701492	-1.215000
-1.680227	-1.341724
-1.699651	-1.500000
-1.754874	-1.000000
-1.754874	-1.000000
-1.742602	-1.000000
-1.803839	-1.311879
-1.836466	-1.500000
-1.801040	-1.328873
-1.719175	-1.176123
-1.723847	-1.770152
-1.738669	-1.009648
-1.709910	-0.291996
-1.705688	-0.362179
-1.747785	-1.008625
-1.706738	-1.491389
-1.737746	-1.239569
-1.804261	-0.647557
-1.826166	-0.654708
-2.251777	0.254359
-2.000142	-0.778286
-1.768993	-1.174752
-1.774703	-1.000000
-1.763915	-1.000000
-1.766253	-1.009094
-1.694254	-1.492467
-1.708572	-1.500000
-1.766116	-1.500000
-1.763089	-1.500000
-1.725115	-1.500000
-1.702589	-1.500000
-1.765788	-1.000000
-1.763905	-1.000000
-1.761649	-0.988845
-1.822870	0.500000
-1.710508	-0.107683
-1.662586	-0.500000
-1.732863	-0.790097
-1.648187	-1.814233
-1.796486	-2.180593
-1.765912	-1.776912
-1.899097	-1.916925
-1.600139	-0.654561
-1.583259	-0.507769
-1.631586	-1.000000
-1.679384	-0.594889
-1.834639	-0.710547
-1.814250	-0.500000
-1.781088	-0.772288
-1.729356	-0.667379
-1.718058	-0.500000
-1.754185	-1.481293
-1.744304	-1.785335
-1.705955	-1.497256
-1.766637	-1.508290
-1.824812	-1.500000
-1.803121	-1.500000
-1.841324	-1.500000
-1.825387	-1.423736
-1.712029	-1.000000
-1.709030	-1.000000
-1.722707	-1.000000
-1.718561	-1.000000
-1.724406	-1.000000
-1.680500	-1.500000
-1.687076	-1.262329
-1.673425	-1.327410
-1.674927	-1.500000
-1.753982	-1.192043
-1.840419	-1.000000
-1.832730	-1.000000
-1.797213	-1.205269
-1.872670	-0.878827
-1.946068	-1.513317
-1.858724	-0.993740
-1.752596	-1.469494
-1.564743	-2.000000
-1.588441	-1.637481
-1.789095	-0.660571
-1.825188	-1.310868
-1.797043	-2.229310
-1.764812	-2.309845
-1.762526	-2.123533
-1.754874	-1.500000
-1.800057	-2.113636
-1.828271	-2.496190
-1.675616	-0.508296
-1.647170	-1.120875
-1.620237	-2.219428
-1.604011	-2.402182
-1.728970	-0.629728
-1.762124	-0.737750
-1.890826	-1.390646
-1.909019	-1.378217
-1.837021	-0.612201
-1.838166	0.000000
-1.621677	-1.000000
-1.634307	-1.000000
-1.728833	-1.500000
-1.736466	-1.500000
-1.773282	-1.500000
-1.704305	-1.795829
-1.656699	-1.749402
-1.695393	-1.387392
-1.839603	-1.271275
-1.931059	-1.000000
-1.658245	-1.000000
-1.640135	-0.730052
-1.648546	-0.805933
-1.683384	-1.186050
-1.707929	-1.224861
-1.727745	-1.327051
-1.745119	-1.500000
-1.759619	-1.204448
-1.747352	-1.000000
-1.668515	-1.012390
-1.783775	-1.500000
-1.810676	-1.244102
-1.808841	-1.000000
-1.756345	-1.000000
-1.706550	-1.000000
-1.540449	0.529719
-1.494037	1.000000
-1.561739	0.176867
-1.587212	-1.385147
-1.467046	-2.000000
-2.116280	-3.000000
-1.964643	-2.248091
-1.858765	-1.482776
-1.730932	-1.000000
-1.807488	-1.361393
-1.944982	-1.036329
-1.935987	-0.500000
-1.862819	-0.614656
-1.737047	-0.757395
-1.706659	-1.000000
-1.821548	-1.000000
-1.784669	-1.000000
-1.734425	-0.611212
-1.743573	-0.715818
-1.755341	-1.153973
-1.748908	-1.756940
-1.747903	-2.000000
-1.751036	-1.656366
-1.747190	-1.500000
-1.736685	-1.500000
-1.779271	-1.500000
-1.862302	-2.143240
-1.911638	-2.500000
-1.870911	-2.191788
-1.694824	-1.163511
-1.649837	-1.000000
-2.297098	0.500000
-1.943834	-0.045673
-1.656699	-0.370759
-1.657133	-0.035353
-1.705619	-1.486377
-1.718719	-1.148737
-1.786120	-1.000000
-1.801699	-1.000000
-1.740545	-1.000000
-1.725948	-1.000000
-1.728917	-1.000000
-1.836822	-1.363397
-1.806828	-1.500000
-1.766157	-1.500000
-1.631747	-1.500000
-1.678367	-1.278490
-1.716872	-1.152745
-1.795184	-1.180228
-1.844448	-1.500000
-1.786493	-0.940747
-1.728476	-0.542059
-1.686920	-0.259345
-1.668493	-1.384730
-1.667659	-1.368976
-1.671508	-1.264422
-1.684002	-0.991970
-1.727130	-0.988607
-1.673954	-1.629834
-1.697978	-2.000000
-1.752346	-1.841206
-1.785907	-1.500000
-1.786448	-1.500000
-1.737372	-1.500000
-1.718178	-1.500000
-1.822726	-1.500000
-1.815574	-1.495866
-1.838729	-0.509816
-1.810447	-0.500000
-1.771370	-1.000000
-1.749242	-1.000000
-1.610001	-2.500000
-1.659640	-1.580959
-1.690274	-0.740551
-1.711923	-0.573617
-1.687379	-0.720798
-1.688011	-1.000000
-1.527270	0.000000
-1.600876	-0.425082
-1.669354	-0.752227
-1.699662	-1.000000
-1.691688	-1.000000
-1.683187	-1.000000
-1.697976	-1.500000
-1.689051	-1.284061
-1.808900	-0.659298
-2.068121	-0.008560
-1.748453	-1.992245
-1.730790	-1.707498
-1.718058	-1.174058
-1.685178	-0.756422
-1.650563	-0.598591
-1.718692	-1.396544
-1.766014	-1.299353
-1.788483	-1.000000
-1.781066	-1.000000
-1.742813	-1.008589
-1.723929	-1.489170
-1.711480	-1.240994
-1.746214	-1.073585
-1.789143	-1.000000
-1.972285	-2.000000
-2.043262	-1.501663
-1.905948	-0.780600
-1.730330	-0.720995
-1.726545	-1.000000
-1.723897	-0.995154
-1.755453	-1.009431
-1.758650	-0.692343
-1.743550	0.069094
-1.712188	0.500000
-1.665519	-0.390647
-1.645161	-0.779905
-1.695962	-1.099697
-1.721810	-0.769431
-1.747477	-0.650683
-1.730635	-1.004967
-1.717504	-1.490967
-1.721973	-1.819015
-1.737287	-1.288746
-1.779531	-0.811924
-1.830712	-0.500000
-1.786308	-0.500000
-1.760897	-1.000000
-1.743540	-1.102623
-1.726456	-1.368409
-1.711779	-1.500000
-1.831993	-1.008633
-1.910084	-1.000000
-1.887774	-1.000000
-1.716907	-1.000000
-1.805850	-0.394229
-2.144703	0.500000
-1.793365	-0.500000
-1.782377	-0.586214
-1.583717	-0.717097
-1.481018	-1.032581
-1.913423	-2.972369
-1.944314	-2.446585
-1.752605	-0.695696
-1.759866	-0.593205
-1.745931	-0.728758
-1.780082	-1.381762
-1.778698	-1.367666
-1.742602	-0.210738
-1.751547	1.000000
-1.754050	0.980805
-1.658607	-1.955594
-1.735102	-1.327492
-1.802256	-1.000000
-1.811939	-1.112491
-1.713487	-1.364375
-1.719217	-1.500000
-1.731604	-1.350628
-1.811323	-0.167755
-1.881899	0.146867
-1.926168	0.500000
-1.657310	-1.000000
-1.706078	-1.000000
-1.724194	-1.000000
-1.699669	-1.000000
-1.633136	-1.265464
-1.600453	-1.500000
-1.620989	-1.000000
-1.640580	-1.000000
-1.771162	-0.500000
-1.773417	-0.610501
-1.699648	-1.333346
-1.662745	-1.500000
-1.632300	-1.500000
-1.576587	-1.500000
-1.606277	-1.000000
-1.586291	-1.000000
-1.685144	-1.000000
-1.702476	-1.000000
-1.718708	-1.500000
-1.736326	-1.496200
-1.706018	-0.018887
-1.773159	-1.029381
-1.785618	-2.097902
-1.752521	-2.161659
-1.812629	-1.741265
-1.991464	-0.086045
-2.056417	0.578598
-2.213721	1.000000
-2.052577	0.308794
-1.795153	-0.500000
-1.712419	-0.925679
-1.699737	-1.004672
-1.729912	-1.977282
-1.592326	-1.357396
-1.486958	-0.708527
-1.475655	-0.749069
-1.489385	-0.788680
-1.542670	-1.176573
-1.675354	-1.310484
-1.725651	-1.500000
-1.885943	-2.000000
-1.866900	-1.465349
-1.745441	-1.208943
-1.738105	-1.000000
-1.661230	-1.500000
-1.691878	-1.302783
-1.763477	-1.608249
-1.790086	-1.427556
-1.873509	-1.361064
-1.883335	-1.271697
-1.553712	-1.876322
-1.536278	-1.994650
-1.702986	-1.006520
-1.693250	-1.170257
-1.821789	0.075459
-1.708053	-0.489741
-1.577639	-1.000000
-1.605138	-1.311669
-1.693653	-1.750706
-1.718436	-2.000000
-1.615298	-1.000000
-1.570881	-1.000000
-1.594930	-0.511147
-1.603185	-0.819645
-1.599793	-1.000000
-1.612866	-0.890145
-1.595688	-1.151664
-1.543430	-0.688500
-1.511441	-0.500000
-1.546044	-0.561968
-1.452987	-0.653126
-1.590787	-1.011724
-1.635586	-1.479956
-1.642817	-1.500000
-1.648135	-1.500000
-1.749471	-1.164177
-1.879112	-0.349007
-1.988419	-0.132731
-1.826044	-0.826679
-1.707642	-0.735883
-1.675386	-0.500000
-1.592117	0.108943
