1.00015547370144	-59.5	920.625	2216	0000	0	920.625	072051068 0.70795653891086	
0.98174770424681	-59	920.625	2216	0000	1	920.625	072051070 0.709579759843349	
0.93266031903447	-59	920.625	2216	0000	2	920.625	072051071 0.709852373361204	
1.00629139685298	-60	920.625	2216	0000	3	920.625	072051071 0.710097801043483	
0.994019550549895	-59	920.625	2216	0000	4	920.625	072051071 0.710328503064825	
0.969475857943725	-59.5	920.625	2216	0000	5	920.625	072051288 0.928284520913837	
1.08605839782303	-59	920.625	2216	0000	6	920.625	072051290 0.929649853989408	
0.920388472731385	-59.5	920.625	2216	0000	7	920.625	072051293 0.93242620744756	
0.951068088489098	-59.5	920.625	2216	0000	8	920.625	072051296 0.935861062256319	
0.944932165337555	-59.5	920.625	2216	0000	9	920.625	072051301 0.941114724981291	
0.951068088489098	-59	920.625	2216	0000	10	920.625	072051313 0.952791041360983	
0.987883627398353	-59	920.625	2216	0000	11	920.625	072051539 1.17820504010288	
0.920388472731385	-59.5	920.625	2216	0000	12	920.625	072051543 1.18288628995657	
0.98174770424681	-59.5	920.625	2216	0000	13	920.625	072051547 1.18607043094836	
0.877437010670587	-59.5	920.625	2216	0000	14	920.625	072051549 1.18844956914226	
0.914252549579842	-59	920.625	2216	0000	15	920.625	072051555 1.19483333194887	
0.944932165337555	-59.5	920.625	2216	0000	16	920.625	072051558 1.19773806296391	
0.926524395882927	-59.5	920.625	2216	0000	17	920.625	072051779 1.41811437534124	
0.9081166264283	-59	920.625	2216	0000	18	920.625	072051783 1.42220622117641	
0.859029241215959	-59	920.625	2216	0000	19	920.625	072051786 1.42484437997038	
0.93266031903447	-59.5	920.625	2216	0000	20	920.625	072051790 1.42959208408881	
0.914252549579842	-59.5	920.625	2216	0000	21	920.625	072051796 1.43548612427401	
0.98174770424681	-59.5	920.625	2216	0000	22	920.625	072052029 1.66839812750006	
1.04310693576224	-59.5	920.625	2216	0000	23	920.625	072052031 1.67129719479935	
1.09219432097458	-59	920.625	2216	0000	24	920.625	072052033 1.67312128885026	
0.883572933822129	-59.5	920.625	2216	0000	25	920.625	072052036 1.67566316447657	
1.02469916630761	-59.5	920.625	2216	0000	26	920.625	072052037 1.67686085156609	
0.926524395882927	-59.5	920.625	2216	0000	27	920.625	072052039 1.67855354741172	
0.98174770424681	-59.5	920.625	2216	0000	28	920.625	072052279 1.91825105968122	
0.93266031903447	-59.5	920.625	2216	0000	29	920.625	072052282 1.92191925957866	
0.920388472731385	-59.5	920.625	2216	0000	30	920.625	072052284 1.92344393185719	
1.12287393673229	-57.5	920.625	2216	0000	31	920.625	072052286 1.92590915853042	
1.01856324315607	-59.5	920.625	2216	0000	32	920.625	072052287 1.92669037372217	
0.877437010670587	-59	920.625	2216	0000	33	920.625	072052529 2.16827881188837	
0.944932165337555	-59.5	920.625	2216	0000	34	920.625	072052532 2.17121412696842	
0.95720401164064	-59	920.625	2216	0000	35	920.625	072052535 2.17360459259382	
1.00629139685298	-59	920.625	2216	0000	36	920.625	072052536 2.17553365417654	
0.951068088489098	-59.5	920.625	2216	0000	37	920.625	072052538 2.17706663323816	
0.920388472731385	-59	920.625	2216	0000	38	920.625	072052543 2.18236560568909	
0.914252549579842	-59.5	920.625	2216	0000	39	920.625	072052779 2.41809511870771	
0.901980703276757	-59.5	920.625	2216	0000	40	920.625	072052782 2.4215446991774	
0.901980703276757	-59	920.625	2216	0000	41	920.625	072052784 2.42363876367882	
0.98174770424681	-59.5	920.625	2216	0000	42	920.625	072052787 2.42635470416902	
0.9081166264283	-59.5	920.625	2216	0000	43	920.625	072052792 2.43100876818714	
0.994019550549895	-59.5	920.625	2216	0000	44	920.625	072052796 2.43500244294939	
0.994019550549895	-59.5	920.625	2216	0000	45	920.625	072053029 2.66874738997099	
0.951068088489098	-59.5	920.625	2216	0000	46	920.625	072053033 2.67278222106766	
0.944932165337555	-59.5	920.625	2216	0000	47	920.625	072053036 2.67541131791645	
0.987883627398353	-59	920.625	2216	0000	48	920.625	072053038 2.67707191937285	
0.926524395882927	-59.5	920.625	2216	0000	49	920.625	072053039 2.67801247376756	
0.93266031903447	-59.5	920.625	2216	0000	50	920.625	072053278 2.91808492401937	
0.926524395882927	-59.5	920.625	2216	0000	51	920.625	072053282 2.9217104572582	
0.914252549579842	-59.5	920.625	2216	0000	52	920.625	072053284 2.923320840435	
0.920388472731385	-59	920.625	2216	0000	53	920.625	072053285 2.9249410407191	
0.938796242186012	-59.5	920.625	2216	0000	54	920.625	072053286 2.92581514084906	
0.93266031903447	-59	920.625	2216	0000	55	920.625	072053287 2.92669679260002	
0.994019550549895	-59.5	920.625	2216	0000	56	920.625	072053529 3.16810474702447	
0.963339934792183	-59.5	920.625	2216	0000	57	920.625	072053532 3.17164872275658	
0.969475857943725	-59.5	920.625	2216	0000	58	920.625	072053534 3.17316961922461	
0.98174770424681	-59.5	920.625	2216	0000	59	920.625	072053535 3.17487099943438	
0.969475857943725	-59.5	920.625	2216	0000	60	920.625	072053537 3.17686878076814	
0.901980703276757	-59.5	920.625	2216	0000	61	920.625	072053541 3.18085679181465	
0.951068088489098	-59.5	920.625	2216	0000	62	920.625	072053779 3.41791992110066	
0.987883627398353	-59.5	920.625	2216	0000	63	920.625	072053782 3.42172820356754	
1.07992247467149	-58.5	920.625	2216	0000	64	920.625	072053783 3.42283564878619	
0.994019550549895	-59	920.625	2216	0000	65	920.625	072053784 3.42360629170855	
0.98174770424681	-59.5	920.625	2216	0000	66	920.625	072053784 3.4238841913611	
0.944932165337555	-59	920.625	2216	0000	67	920.625	072053785 3.42527784301539	
0.951068088489098	-59.5	920.625	2216	0000	68	920.625	072054028 3.66804395647548	
0.938796242186012	-59.5	920.625	2216	0000	69	920.625	072054032 3.67195531856891	
0.883572933822129	-59	920.625	2216	0000	70	920.625	072054036 3.67608265702274	
0.951068088489098	-59	920.625	2216	0000	71	920.625	072054038 3.67786483957714	
0.951068088489098	-59	920.625	2216	0000	72	920.625	072054044 3.68352402434945	
0.969475857943725	-59.5	920.625	2216	0000	73	920.625	072054279 3.91804829865755	
1.00629139685298	-59	920.625	2216	0000	74	920.625	072054282 3.92163154281882	
1.01856324315607	-59.5	920.625	2216	0000	75	920.625	072054283 3.922385572175	
0.963339934792183	-59.5	920.625	2216	0000	76	920.625	072054284 3.92336539499886	
0.944932165337555	-59.5	920.625	2216	0000	77	920.625	072054286 3.92543114092155	
0.98174770424681	-59.5	920.625	2216	0000	78	920.625	072054287 3.9262093354649	
0.98174770424681	-59.5	920.625	2216	0000	79	920.625	072054528 4.16799298303377	
0.975611781095268	-59.5	920.625	2216	0000	80	920.625	072054532 4.17159359592333	
0.944932165337555	-59.5	920.625	2216	0000	81	920.625	072054533 4.173126952566	
1.00015547370144	-59	920.625	2216	0000	82	920.625	072054536 4.17617063340731	
1.01856324315607	-59.5	920.625	2216	0000	83	920.625	072054538 4.17783161244477	
1.00015547370144	-59.5	920.625	2216	0000	84	920.625	072054543 4.18259857319673	
0.920388472731385	-59.5	920.625	2216	0000	85	920.625	072054778 4.41784138424233	
0.93266031903447	-59.5	920.625	2216	0000	86	920.625	072054781 4.4212649116196	
0.975611781095268	-59.5	920.625	2216	0000	87	920.625	072054782 4.42236291731202	
1.03083508945915	-59.5	920.625	2216	0000	88	920.625	072054785 4.42459366615341	
0.926524395882927	-59.5	920.625	2216	0000	89	920.625	072054786 4.42589632077474	
0.944932165337555	-59.5	920.625	2216	0000	90	920.625	072054787 4.42719822023396	
0.95720401164064	-59.5	920.625	2216	0000	91	920.625	072055028 4.66797561430549	
0.975611781095268	-59.5	920.625	2216	0000	92	920.625	072055031 4.6708542922281	
0.994019550549895	-59.5	920.625	2216	0000	93	920.625	072055032 4.67136893519879	
1.04310693576224	-59	920.625	2216	0000	94	920.625	072055036 4.67615553016533	
1.00015547370144	-59.5	920.625	2216	0000	95	920.625	072055037 4.67698318782618	
0.98174770424681	-59.5	920.625	2216	0000	96	920.625	072055278 4.91797202728552	
0.969475857943725	-59	920.625	2216	0000	97	920.625	072055282 4.92207595571427	
0.994019550549895	-59	920.625	2216	0000	98	920.625	072055285 4.92414963083901	
0.840621471761331	-59.5	920.625	2216	0000	99	920.625	072055288 4.92757882193202	
0.963339934792183	-59.5	920.625	2216	0000	100	920.625	072055294 4.93380513344092	
0.877437010670587	-59	920.625	2216	0000	101	920.625	072055296 4.93549631896235	
0.865165164367502	-59	920.625	2216	0000	102	920.625	072055529 5.16779286507745	
0.98174770424681	-59.5	920.625	2216	0000	103	920.625	072055532 5.17172612687176	
0.95720401164064	-59.5	920.625	2216	0000	104	920.625	072055533 5.1728569821155	
0.938796242186012	-59.5	920.625	2216	0000	105	920.625	072055535 5.17532220878873	
0.95720401164064	-59.5	920.625	2216	0000	106	920.625	072055536 5.1761317425592	
0.93266031903447	-59	920.625	2216	0000	107	920.625	072055778 5.41774812172307	
0.914252549579842	-59	920.625	2216	0000	108	920.625	072055782 5.42126377887645	
0.975611781095268	-59.5	920.625	2216	0000	109	920.625	072055783 5.42258984352286	
0.901980703276757	-59.5	920.625	2216	0000	110	920.625	072055784 5.42407260430488	
1.01856324315607	-59.5	920.625	2216	0000	111	920.625	072055786 5.42617308768414	
0.987883627398353	-59	920.625	2216	0000	112	920.625	072055788 5.42752633816612	
0.994019550549895	-59.5	920.625	2216	0000	113	920.625	072056028 5.6683010891703	
0.920388472731385	-59.5	920.625	2216	0000	114	920.625	072056031 5.67124093522295	
0.901980703276757	-59.5	920.625	2216	0000	115	920.625	072056033 5.67285660453445	
0.951068088489098	-59.5	920.625	2216	0000	116	920.625	072056035 5.67502354217845	
0.883572933822129	-59.5	920.625	2216	0000	117	920.625	072056036 5.67627862158752	
0.963339934792183	-59.5	920.625	2216	0000	118	920.625	072056037 5.67730413171839	
0.93266031903447	-59.5	920.625	2216	0000	119	920.625	072056279 5.91783647568869	
0.871301087519044	-59.5	920.625	2216	0000	120	920.625	072056282 5.92134382605898	
0.944932165337555	-59.5	920.625	2216	0000	121	920.625	072056284 5.92364782562401	
0.994019550549895	-59.5	920.625	2216	0000	122	920.625	072056286 5.92496067493368	
0.93266031903447	-59.5	920.625	2216	0000	123	920.625	072056287 5.92609228533951	
1.00629139685298	-59.5	920.625	2216	0000	124	920.625	072056288 5.92734170103284	
0.9081166264283	-59.5	920.625	2216	0000	125	920.625	072056529 6.16770941966548	
0.859029241215959	-59.5	920.625	2216	0000	126	920.625	072056532 6.1713576077673	
0.779262240245906	-58.5	920.625	2216	0000	127	920.625	072056534 6.17290115909831	
0.93266031903447	-59.5	920.625	2216	0000	128	920.625	072056536 6.17511642711666	
0.987883627398353	-59.5	920.625	2216	0000	129	920.625	072056542 6.18066158241197	
0.93266031903447	-59.5	920.625	2216	0000	130	920.625	072056778 6.41775756124931	
0.994019550549895	-59.5	920.625	2216	0000	131	920.625	072056781 6.42128530099629	
0.963339934792183	-59.5	920.625	2216	0000	132	920.625	072056782 6.4220449940682	
0.944932165337555	-59.5	920.625	2216	0000	133	920.625	072056783 6.42306786113173	
0.822213702306704	-59.5	920.625	2216	0000	134	920.625	072056786 6.42552327069767	
0.975611781095268	-59.5	920.625	2216	0000	135	920.625	072056788 6.42768001365333	
0.9081166264283	-59	920.625	2216	0000	136	920.625	072057028 6.66761653472726	
0.975611781095268	-59.5	920.625	2216	0000	137	920.625	072057031 6.67076178487093	
0.901980703276757	-59.5	920.625	2216	0000	138	920.625	072057033 6.67261381991951	
0.951068088489098	-59.5	920.625	2216	0000	139	920.625	072057034 6.67359439790548	
0.944932165337555	-59.5	920.625	2216	0000	140	920.625	072057035 6.6746338785352	
0.95720401164064	-59.5	920.625	2216	0000	141	920.625	072057278 6.91745964980113	
0.938796242186012	-59.5	920.625	2216	0000	142	920.625	072057282 6.92207708845742	
1.00015547370144	-59	920.625	2216	0000	143	920.625	072057284 6.92408279899322	
1.06151470521686	-59.5	920.625	2216	0000	144	920.625	072057287 6.92651555369618	
0.951068088489098	-59	920.625	2216	0000	145	920.625	072057289 6.92841289847072	
0.975611781095268	-59.5	920.625	2216	0000	146	920.625	072057293 6.93276225458176	
0.914252549579842	-59.5	920.625	2216	0000	147	920.625	072057529 7.16760785036312	
0.9081166264283	-59.5	920.625	2216	0000	148	920.625	072057533 7.1724099261527	
0.883572933822129	-59.5	920.625	2216	0000	149	920.625	072057536 7.17542340051004	
0.901980703276757	-59.5	920.625	2216	0000	150	920.625	072057538 7.17738606680617	
0.944932165337555	-59.5	920.625	2216	0000	151	920.625	072057541 7.18025152939204	
0.95720401164064	-59.5	920.625	2216	0000	152	920.625	072057543 7.18172975920146	
0.975611781095268	-59.5	920.625	2216	0000	153	920.625	072057778 7.41739319553639	
0.963339934792183	-59.5	920.625	2216	0000	154	920.625	072057782 7.42167609738268	
0.926524395882927	-59	920.625	2216	0000	155	920.625	072057785 7.42468579592953	
0.938796242186012	-59	920.625	2216	0000	156	920.625	072057788 7.42688784861114	
0.95720401164064	-59.5	920.625	2216	0000	157	920.625	072057791 7.43003536424111	
0.93266031903447	-59.5	920.625	2216	0000	158	920.625	072057792 7.43131347609421	
0.987883627398353	-59.5	920.625	2216	0000	159	920.625	072058028 7.66750099492607	
0.994019550549895	-59.5	920.625	2216	0000	160	920.625	072058032 7.67145691158336	
0.938796242186012	-59.5	920.625	2216	0000	161	920.625	072058034 7.67321002039693	
0.95720401164064	-59.5	920.625	2216	0000	162	920.625	072058035 7.67484456876091	
0.914252549579842	-59	920.625	2216	0000	163	920.625	072058036 7.67601884582535	
0.975611781095268	-59.5	920.625	2216	0000	164	920.625	072058278 7.91748381498831	
0.95720401164064	-59.5	920.625	2216	0000	165	920.625	072058282 7.92075140139207	
0.95720401164064	-59	920.625	2216	0000	166	920.625	072058284 7.92295534197893	
0.914252549579842	-59.5	920.625	2216	0000	167	920.625	072058285 7.92372862796864	
0.975611781095268	-59.5	920.625	2216	0000	168	920.625	072058286 7.92524801411247	
1.02469916630761	-59.5	920.625	2216	0000	169	920.625	072058288 7.92691390170357	
1.01856324315607	-59.5	920.625	2216	0000	170	920.625	072058528 8.1672959684161	
0.901980703276757	-59.5	920.625	2216	0000	171	920.625	072058531 8.17070703561873	
0.95720401164064	-59.5	920.625	2216	0000	172	920.625	072058532 8.17183524779512	
0.93266031903447	-59.5	920.625	2216	0000	173	920.625	072058534 8.17359666339178	
1.01242732000452	-59	920.625	2216	0000	174	920.625	072058536 8.17493896402332	
1.00015547370144	-59.5	920.625	2216	0000	175	920.625	072058777 8.41723272359028	
0.760854470791278	-59	920.625	2216	0000	176	920.625	072058781 8.42069249874832	
0.889708856973672	-59.5	920.625	2216	0000	177	920.625	072058782 8.42177728910399	
0.901980703276757	-59.5	920.625	2216	0000	178	920.625	072058783 8.42317056317724	
0.871301087519044	-59.5	920.625	2216	0000	179	920.625	072058785 8.42461481069219	
0.895844780125214	-59	920.625	2216	0000	180	920.625	072058786 8.42544964239299	
0.920388472731385	-59.5	920.625	2216	0000	181	920.625	072059028 8.66725292417644	
1.03697101261069	-59.5	920.625	2216	0000	182	920.625	072059033 8.67236650433199	
0.969475857943725	-59.5	920.625	2216	0000	183	920.625	072059036 8.67549816155787	
0.944932165337555	-59.5	920.625	2216	0000	184	920.625	072059042 8.68103765313743	
0.963339934792183	-59.5	920.625	2216	0000	185	920.625	072059045 8.68439963480361	
1.00015547370144	-59.5	920.625	2216	0000	186	920.625	072059048 8.68743802951022	
0.975611781095268	-59.5	920.625	2216	0000	187	920.625	072059277 8.91715154366461	
1.00015547370144	-59.5	920.625	2216	0000	188	920.625	072059281 8.92120223316536	
0.834485548609789	-59.5	920.625	2216	0000	189	920.625	072059283 8.92230099401987	
0.98174770424681	-59.5	920.625	2216	0000	190	920.625	072059285 8.92425157772242	
0.877437010670587	-59	920.625	2216	0000	191	920.625	072059286 8.92600997267068	
1.00629139685298	-59.5	920.625	2216	0000	192	920.625	072059527 9.16728879437616	
0.963339934792183	-59.5	920.625	2216	0000	193	920.625	072059531 9.17080784975899	
0.98174770424681	-59.5	920.625	2216	0000	194	920.625	072059533 9.17317226229196	
0.969475857943725	-59.5	920.625	2216	0000	195	920.625	072059535 9.17492763659183	
0.969475857943725	-59.5	920.625	2216	0000	196	920.625	072059537 9.17688765982062	
0.926524395882927	-59.5	920.625	2216	0000	197	920.625	072059540 9.18025757068884	
0.963339934792183	-59	920.625	2216	0000	198	920.625	072059778 9.41711152007334	
0.920388472731385	-59	920.625	2216	0000	199	920.625	072059783 9.42286358978387	
1.00015547370144	-59.5	920.625	2216	0000	200	920.625	072059786 9.42578757743243	
0.883572933822129	-59	920.625	2216	0000	201	920.625	072059792 9.43114092155452	
1.00015547370144	-58.5	920.625	2216	0000	202	920.625	072059795 9.4342170743661	
0.98174770424681	-59.5	920.625	2216	0000	203	920.625	072059798 9.43711878473274	
0.865165164367502	-59	920.625	2216	0000	204	920.625	072100028 9.6671339861458	
0.994019550549895	-59.5	920.625	2216	0000	205	920.625	072100031 9.66968605646045	
0.926524395882927	-59.5	920.625	2216	0000	206	920.625	072100034 9.67341315900165	
0.920388472731385	-59.5	920.625	2216	0000	207	920.625	072100037 9.67556725888996	
0.93266031903447	-59.5	920.625	2216	0000	208	920.625	072100037 9.67639755961816	
1.15968947564154	-58.5	920.625	2216	0000	209	920.625	072100278 9.91720629291681	
0.975611781095268	-59.5	920.625	2216	0000	210	920.625	072100282 9.92181957818156	
0.889708856973672	-59	920.625	2216	0000	211	920.625	072100284 9.92301273429848	
0.994019550549895	-59.5	920.625	2216	0000	212	920.625	072100286 9.92513134156813	
0.846757394912874	-59.5	920.625	2216	0000	213	920.625	072100286 9.92592652725871	
0.877437010670587	-59.5	920.625	2216	0000	214	920.625	072100287 9.92670434422101	
0.93266031903447	-59.5	920.625	2216	0000	215	920.625	072100527 10.1671830716823	
0.816077779155161	-59.5	920.625	2216	0000	216	920.625	072100531 10.1706892893094	
0.98174770424681	-59.5	920.625	2216	0000	217	920.625	072100533 10.1731209112692	
0.963339934792183	-59.5	920.625	2216	0000	218	920.625	072100535 10.1750828224032	
0.994019550549895	-59.5	920.625	2216	0000	219	920.625	072100537 10.1763069401662	
0.95720401164064	-59.5	920.625	2216	0000	220	920.625	072100537 10.1771497010691	
1.00015547370144	-59.5	920.625	2216	0000	221	920.625	072100778 10.417025431594	
0.95720401164064	-59.5	920.625	2216	0000	222	920.625	072100783 10.4226921679873	
0.994019550549895	-59	920.625	2216	0000	223	920.625	072100787 10.4260148812243	
0.975611781095268	-59.5	920.625	2216	0000	224	920.625	072100792 10.4314120247482	
1.00015547370144	-59.5	920.625	2216	0000	225	920.625	072100795 10.4347086848928	
0.969475857943725	-59.5	920.625	2216	0000	226	920.625	072101028 10.6671071778913	
0.951068088489098	-59.5	920.625	2216	0000	227	920.625	072101032 10.6708403217293	
0.95720401164064	-59.5	920.625	2216	0000	228	920.625	072101035 10.6747052413536	
0.926524395882927	-59.5	920.625	2216	0000	229	920.625	072101036 10.6756318252494	
1.00015547370144	-59.5	920.625	2216	0000	230	920.625	072101040 10.6790689455445	
0.969475857943725	-59	920.625	2216	0000	231	920.625	072101041 10.6807435174997	
0.822213702306704	-59	920.625	2216	0000	232	920.625	072101278 10.9169129124412	
0.877437010670587	-59.5	920.625	2216	0000	233	920.625	072101282 10.9210987759578	
1.08605839782303	-59.5	920.625	2216	0000	234	920.625	072101285 10.9242425157772	
0.951068088489098	-59.5	920.625	2216	0000	235	920.625	072101287 10.9262587985824	
0.963339934792183	-59.5	920.625	2216	0000	236	920.625	072101292 10.9312915763933	
0.914252549579842	-59.5	920.625	2216	0000	237	920.625	072101294 10.93318967633	
0.969475857943725	-59.5	920.625	2216	0000	238	920.625	072101527 11.1668005820789	
0.963339934792183	-59	920.625	2216	0000	239	920.625	072101533 11.1724895957542	
0.975611781095268	-59.5	920.625	2216	0000	240	920.625	072101536 11.1751715539499	
0.969475857943725	-59	920.625	2216	0000	241	920.625	072101540 11.1798286386164	
0.951068088489098	-59.5	920.625	2216	0000	242	920.625	072101543 11.1829331100067	
0.9081166264283	-59.5	920.625	2216	0000	243	920.625	072101778 11.4169725702471	
0.914252549579842	-60	920.625	2216	0000	244	920.625	072101782 11.4216572183302	
0.944932165337555	-59.5	920.625	2216	0000	245	920.625	072101784 11.4239661264489	
0.963339934792183	-59.5	920.625	2216	0000	246	920.625	072101785 11.4248708106439	
0.938796242186012	-60	920.625	2216	0000	247	920.625	072101786 11.4256463621199	
1.01856324315607	-59.5	920.625	2216	0000	248	920.625	072101787 11.4268844503817	
0.95720401164064	-59.5	920.625	2216	0000	249	920.625	072102027 11.6669806882396	
0.944932165337555	-59.5	920.625	2216	0000	250	920.625	072102031 11.670663236217	
0.877437010670587	-59.5	920.625	2216	0000	251	920.625	072102034 11.6738016899017	
0.901980703276757	-59.5	920.625	2216	0000	252	920.625	072102036 11.675460781034	
0.877437010670587	-59.5	920.625	2216	0000	253	920.625	072102037 11.6763760374983	
1.02469916630761	-59.5	920.625	2216	0000	254	920.625	072102040 11.6799638126322	
0.920388472731385	-59.5	920.625	2216	0000	255	920.625	072102278 11.9169604876535	
1.00015547370144	-59.5	920.625	2216	0000	256	920.625	072102281 11.9208257848588	
0.944932165337555	-59.5	920.625	2216	0000	257	920.625	072102284 11.9229247579139	
0.944932165337555	-59.5	920.625	2216	0000	258	920.625	072102285 11.9246031056796	
0.951068088489098	-59.5	920.625	2216	0000	259	920.625	072102286 11.9258279786047	
0.901980703276757	-59.5	920.625	2216	0000	260	920.625	072102527 12.166899508314	
0.98174770424681	-59.5	920.625	2216	0000	261	920.625	072102531 12.1703857141455	
0.963339934792183	-59.5	920.625	2216	0000	262	920.625	072102534 12.1734833890769	
0.920388472731385	-59.5	920.625	2216	0000	263	920.625	072102536 12.1751738194362	
1.12900985988383	-59.5	920.625	2216	0000	264	920.625	072102537 12.1760075183939	
0.877437010670587	-58.5	920.625	2216	0000	265	920.625	072102538 12.177316591893	
0.987883627398353	-59.5	920.625	2216	0000	266	920.625	072102778 12.4167777384254	
1.00015547370144	-59.5	920.625	2216	0000	267	920.625	072102781 12.4205422214906	
0.987883627398353	-59.5	920.625	2216	0000	268	920.625	072102782 12.4218048525206	
0.93266031903447	-59.5	920.625	2216	0000	269	920.625	072102785 12.4252261144116	
0.901980703276757	-59.5	920.625	2216	0000	270	920.625	072102787 12.4268153530496	
0.9081166264283	-59.5	920.625	2216	0000	271	920.625	072103027 12.6666295378635	
0.914252549579842	-59.5	920.625	2216	0000	272	920.625	072103032 12.6718178790668	
0.994019550549895	-59.5	920.625	2216	0000	273	920.625	072103036 12.6758923561737	
0.828349625458246	-58.5	920.625	2216	0000	274	920.625	072103041 12.6812305970538	
0.93266031903447	-59	920.625	2216	0000	275	920.625	072103044 12.6836055818562	
0.914252549579842	-59	920.625	2216	0000	276	920.625	072103046 12.6860307849381	
0.901980703276757	-59	920.625	2216	0000	277	920.625	072103278 12.9167750953581	
0.920388472731385	-59.5	920.625	2216	0000	278	920.625	072103282 12.9205592126378	
0.93266031903447	-59	920.625	2216	0000	279	920.625	072103283 12.921594917457	
0.969475857943725	-59	920.625	2216	0000	280	920.625	072103286 12.9250777250591	
0.994019550549895	-59.5	920.625	2216	0000	281	920.625	072103287 12.9263781141941	
0.987883627398353	-59.5	920.625	2216	0000	282	920.625	072103290 12.9295607448617	
1.00015547370144	-59.5	920.625	2216	0000	283	920.625	072103527 13.1667718859192	
0.95720401164064	-59.5	920.625	2216	0000	284	920.625	072103531 13.1702648882096	
0.895844780125214	-59.5	920.625	2216	0000	285	920.625	072103534 13.1729525101211	
0.95720401164064	-59.5	920.625	2216	0000	286	920.625	072103536 13.1755816069698	
0.975611781095268	-59	920.625	2216	0000	287	920.625	072103537 13.1764470227357	
0.877437010670587	-59.5	920.625	2216	0000	288	920.625	072103540 13.179840343629	
1.00015547370144	-59.5	920.625	2216	0000	289	920.625	072103777 13.4167033549587	
0.975611781095268	-59.5	920.625	2216	0000	290	920.625	072103781 13.4205867760544	
0.871301087519044	-59.5	920.625	2216	0000	291	920.625	072103785 13.4240827989932	
0.920388472731385	-59	920.625	2216	0000	292	920.625	072103786 13.425297854811	
0.98174770424681	-59	920.625	2216	0000	293	920.625	072103787 13.4265861613525	
0.951068088489098	-59.5	920.625	2216	0000	294	920.625	072103790 13.4296732640145	
1.05537878206532	-59.5	920.625	2216	0000	295	920.625	072104037 13.6764734534091	
0.963339934792183	-59.5	920.625	2216	0000	296	920.625	072104042 13.6808635882735	
0.987883627398353	-59.5	920.625	2216	0000	297	920.625	072104044 13.6835376172672	
0.975611781095268	-59.5	920.625	2216	0000	298	920.625	072104047 13.6858027259841	
0.975611781095268	-59	920.625	2216	0000	299	920.625	072104050 13.6891530026378	
1.17809724509617	-59.5	920.625	2216	0000	300	920.625	072104287 13.9266220315522	
0.93266031903447	-59.5	920.625	2216	0000	301	920.625	072104290 13.9297038480795	
0.963339934792183	-59.5	920.625	2216	0000	302	920.625	072104291 13.9308698183609	
0.95720401164064	-59	920.625	2216	0000	303	920.625	072104292 13.9320029390909	
0.963339934792183	-59.5	920.625	2216	0000	304	920.625	072104294 13.9331564491976	
0.944932165337555	-59	920.625	2216	0000	305	920.625	072104294 13.9340078944646	
0.944932165337555	-59.5	920.625	2216	0000	306	920.625	072104527 14.1666676735495	
0.963339934792183	-59.5	920.625	2216	0000	307	920.625	072104529 14.1686341156561	
0.883572933822129	-59.5	920.625	2216	0000	308	920.625	072104532 14.171971554554	
0.963339934792183	-58.5	920.625	2216	0000	309	920.625	072104535 14.1750103268417	
0.963339934792183	-59	920.625	2216	0000	310	920.625	072104537 14.1758391172457	
0.871301087519044	-59.5	920.625	2216	0000	311	920.625	072104540 14.1787563084354	
0.920388472731385	-59.5	920.625	2216	0000	312	920.625	072104777 14.4164696322889	
1.10446616727766	-59.5	920.625	2216	0000	313	920.625	072104780 14.4196129945273	
0.895844780125214	-59	920.625	2216	0000	314	920.625	072104781 14.420370799694	
1.16582539879309	-58.5	920.625	2216	0000	315	920.625	072104782 14.4220876607268	
0.969475857943725	-59.5	920.625	2216	0000	316	920.625	072104785 14.4249874831882	
0.895844780125214	-59.5	920.625	2216	0000	317	920.625	072105027 14.6664981396582	
0.920388472731385	-59.5	920.625	2216	0000	318	920.625	072105030 14.6699163809007	
0.95720401164064	-59.5	920.625	2216	0000	319	920.625	072105031 14.6707115665913	
0.969475857943725	-59.5	920.625	2216	0000	320	920.625	072105032 14.6711752361203	
0.951068088489098	-59	920.625	2216	0000	321	920.625	072105034 14.6739376190796	
0.944932165337555	-59.5	920.625	2216	0000	322	920.625	072105037 14.6757537839285	
0.93266031903447	-59.5	920.625	2216	0000	323	920.625	072105277 14.9164654788974	
0.926524395882927	-59.5	920.625	2216	0000	324	920.625	072105282 14.9215764159856	
0.994019550549895	-59.5	920.625	2216	0000	325	920.625	072105286 14.9256127574064	
0.944932165337555	-59.5	920.625	2216	0000	326	920.625	072105291 14.9306081546934	
0.926524395882927	-59.5	920.625	2216	0000	327	920.625	072105294 14.9330201424387	
0.920388472731385	-59.5	920.625	2216	0000	328	920.625	072105297 14.9357262658216	
1.01242732000452	-59.5	920.625	2216	0000	329	920.625	072105528 15.1667903873906	
0.938796242186012	-59.5	920.625	2216	0000	330	920.625	072105532 15.1711457847984	
0.951068088489098	-59.5	920.625	2216	0000	331	920.625	072105535 15.1745285334223	
0.93266031903447	-59.5	920.625	2216	0000	332	920.625	072105537 15.1762378428342	
0.871301087519044	-59.5	920.625	2216	0000	333	920.625	072105538 15.1774596951109	
0.994019550549895	-59	920.625	2216	0000	334	920.625	072105542 15.1806245794691	
1.03083508945915	-59	920.625	2216	0000	335	920.625	072105777 15.4164088417399	
1.01856324315607	-59.5	920.625	2216	0000	336	920.625	072105780 15.4197685579198	
0.994019550549895	-59.5	920.625	2216	0000	337	920.625	072105783 15.4224935603552	
0.944932165337555	-59.5	920.625	2216	0000	338	920.625	072105785 15.4240997901405	
0.944932165337555	-59.5	920.625	2216	0000	339	920.625	072105786 15.426035270601	
1.00629139685298	-59.5	920.625	2216	0000	340	920.625	072106027 15.6663403107794	
0.926524395882927	-59.5	920.625	2216	0000	341	920.625	072106031 15.670131224518	
0.93266031903447	-59.5	920.625	2216	0000	342	920.625	072106033 15.6728158257811	
0.889708856973672	-59.5	920.625	2216	0000	343	920.625	072106035 15.6747739611046	
0.969475857943725	-59.5	920.625	2216	0000	344	920.625	072106039 15.6779233646398	
0.951068088489098	-59.5	920.625	2216	0000	345	920.625	072106040 15.679156544348	
0.901980703276757	-59.5	920.625	2216	0000	346	920.625	072106278 15.9169476498978	
0.95720401164064	-59	920.625	2216	0000	347	920.625	072106280 15.919040204075	
0.889708856973672	-59.5	920.625	2216	0000	348	920.625	072106283 15.9222130176353	
0.852893318064416	-59.5	920.625	2216	0000	349	920.625	072106284 15.9235847695887	
0.969475857943725	-59.5	920.625	2216	0000	350	920.625	072106286 15.9249765333378	
0.969475857943725	-59.5	920.625	2216	0000	351	920.625	072106526 16.1661364170126	
0.975611781095268	-59.5	920.625	2216	0000	352	920.625	072106532 16.171553194751	
0.95720401164064	-59.5	920.625	2216	0000	353	920.625	072106537 16.1759980788676	
0.9081166264283	-59	920.625	2216	0000	354	920.625	072106541 16.1803429040061	
0.938796242186012	-59.5	920.625	2216	0000	355	920.625	072106543 16.1815919421183	
0.914252549579842	-59.5	920.625	2216	0000	356	920.625	072106544 16.1829652043959	
1.03083508945915	-59.5	920.625	2216	0000	357	920.625	072106777 16.4163420098941	
0.963339934792183	-59.5	920.625	2216	0000	358	920.625	072106780 16.4192667527048	
0.926524395882927	-59.5	920.625	2216	0000	359	920.625	072106782 16.4212581151607	
1.09219432097458	-59	920.625	2216	0000	360	920.625	072106783 16.4223561208531	
0.994019550549895	-59.5	920.625	2216	0000	361	920.625	072106784 16.4233676604852	
1.01242732000452	-60	920.625	2216	0000	362	920.625	072106787 16.4256365450126	
0.994019550549895	-59	920.625	2216	0000	363	920.625	072107027 16.6663202989838	
1.03083508945915	-59.5	920.625	2216	0000	364	920.625	072107030 16.669788758506	
1.01242732000452	-59.5	920.625	2216	0000	365	920.625	072107032 16.6717552006126	
0.938796242186012	-59.5	920.625	2216	0000	366	920.625	072107033 16.6734135365827	
1.00015547370144	-59.5	920.625	2216	0000	367	920.625	072107036 16.675445677792	
0.987883627398353	-59	920.625	2216	0000	368	920.625	072107039 16.6793064440247	
0.859029241215959	-59	920.625	2216	0000	369	920.625	072107288 16.9275659841763	
0.926524395882927	-59	920.625	2216	0000	370	920.625	072107290 16.9293379720424	
0.914252549579842	-59.5	920.625	2216	0000	371	920.625	072107292 16.9317031397375	
1.02469916630761	-59.5	920.625	2216	0000	372	920.625	072107293 16.9329363194457	
0.895844780125214	-59.5	920.625	2216	0000	373	920.625	072107295 16.9345618058644	
0.840621471761331	-59.5	920.625	2216	0000	374	920.625	072107297 16.9363322834063	
0.975611781095268	-59.5	920.625	2216	0000	375	920.625	072107527 17.1660280512513	
0.944932165337555	-59.5	920.625	2216	0000	376	920.625	072107530 17.1704600976123	
1.00015547370144	-59.5	920.625	2216	0000	377	920.625	072107534 17.1735290763839	
0.987883627398353	-59.5	920.625	2216	0000	378	920.625	072107538 17.178046078481	
0.994019550549895	-59	920.625	2216	0000	379	920.625	072107542 17.1814650748857	
0.889708856973672	-59	920.625	2216	0000	380	920.625	072107777 17.4160584465258	
0.865165164367502	-59	920.625	2216	0000	381	920.625	072107780 17.420332664008	
1.00015547370144	-59.5	920.625	2216	0000	382	920.625	072107782 17.4219237905513	
0.920388472731385	-59.5	920.625	2216	0000	383	920.625	072107783 17.4229194717792	
0.994019550549895	-59.5	920.625	2216	0000	384	920.625	072107786 17.4248783622649	
0.920388472731385	-59.5	920.625	2216	0000	385	920.625	072107790 17.4290955650085	
0.963339934792183	-60	920.625	2216	0000	386	920.625	072108027 17.6661296205537	
1.01242732000452	-59.5	920.625	2216	0000	387	920.625	072108031 17.6702512952918	
0.9081166264283	-59.5	920.625	2216	0000	388	920.625	072108032 17.6719145398155	
0.944932165337555	-59.5	920.625	2216	0000	389	920.625	072108035 17.6747135481367	
1.03697101261069	-59	920.625	2216	0000	390	920.625	072108036 17.6757745508862	
1.00015547370144	-59.5	920.625	2216	0000	391	920.625	072108277 17.9163269066521	
1.01242732000452	-59.5	920.625	2216	0000	392	920.625	072108280 17.9196046877442	
0.969475857943725	-59.5	920.625	2216	0000	393	920.625	072108282 17.9209386815927	
0.975611781095268	-59.5	920.625	2216	0000	394	920.625	072108284 17.9229572298842	
0.883572933822129	-59	920.625	2216	0000	395	920.625	072108286 17.9249546336369	
0.93266031903447	-59.5	920.625	2216	0000	396	920.625	072108289 17.928255447173	
0.901980703276757	-59.5	920.625	2216	0000	397	920.625	072108526 18.1661877680353	
1.14741762933846	-59	920.625	2216	0000	398	920.625	072108529 18.1692042630411	
1.02469916630761	-59	920.625	2216	0000	399	920.625	072108531 18.1703237908533	
1.15355355249	-59.5	920.625	2216	0000	400	920.625	072108532 18.1718276961741	
0.889708856973672	-59	920.625	2216	0000	401	920.625	072108535 18.174464722225	
0.987883627398353	-59.5	920.625	2216	0000	402	920.625	072108536 18.1757013001626	
0.98174770424681	-59.5	920.625	2216	0000	403	920.625	072108776 18.4158787179462	
1.00015547370144	-59.5	920.625	2216	0000	404	920.625	072108781 18.4202926404167	
0.95720401164064	-59.5	920.625	2216	0000	405	920.625	072108784 18.4230044275154	
0.963339934792183	-59	920.625	2216	0000	406	920.625	072108786 18.4256282382295	
0.920388472731385	-59.5	920.625	2216	0000	407	920.625	072108792 18.4315132164695	
0.969475857943725	-59.5	920.625	2216	0000	408	920.625	072108795 18.4344417350906	
0.987883627398353	-59.5	920.625	2216	0000	409	920.625	072109027 18.666048063047	
1.01856324315607	-59	920.625	2216	0000	410	920.625	072109030 18.6692892187773	
0.920388472731385	-59.5	920.625	2216	0000	411	920.625	072109031 18.6707425282374	
0.938796242186012	-59.5	920.625	2216	0000	412	920.625	072109033 18.6722419025856	
0.93266031903447	-59.5	920.625	2216	0000	413	920.625	072109034 18.6736310232673	
0.865165164367502	-59.5	920.625	2216	0000	414	920.625	072109277 18.9160882754288	
0.969475857943725	-59.5	920.625	2216	0000	415	920.625	072109280 18.9194880151999	
0.93266031903447	-59.5	920.625	2216	0000	416	920.625	072109281 18.9202023985459	
0.951068088489098	-59.5	920.625	2216	0000	417	920.625	072109283 18.92255284058	
1.00015547370144	-59.5	920.625	2216	0000	418	920.625	072109284 18.9229987637996	
0.987883627398353	-59.5	920.625	2216	0000	419	920.625	072109285 18.924514751714	
0.883572933822129	-59.5	920.625	2216	0000	420	920.625	072109323 18.9624265321673	
