5.1603113704473	-59	920.625	2216	0000	0	920.625	091726388 0.618557771490646	
5.08668029262879	-56.5	920.625	2215	0000	1	920.625	091726390 0.620093768300847	
1.99417502425133	-58.5	920.625	2216	0000	2	920.625	091726390 0.620387148222559	
5.09281621578033	-56	920.625	2215	0000	3	920.625	091726390 0.620634840923516	
5.04372883056799	-56.5	920.625	2215	0000	4	920.625	091726390 0.620844775590791	
1.92054394643282	-58	920.625	2216	0000	5	920.625	091726391 0.621134379709135	
5.08668029262879	-56	920.625	2215	0000	6	920.625	091726392 0.622046991383239	
1.96963133164516	-58.5	920.625	2216	0000	7	920.625	091726394 0.624716861944924	
5.08668029262879	-56	920.625	2215	0000	8	920.625	091726398 0.628686364025958	
1.92667986958437	-58.5	920.625	2216	0000	9	920.625	091726405 0.635971776624983	
1.99417502425133	-59	920.625	2216	0000	10	920.625	091726600 0.830672210049452	
5.0314569842649	-56	920.625	2215	0000	11	920.625	091726604 0.834641334550149	
5.09895213893187	-56	920.625	2215	0000	12	920.625	091726606 0.837124302845106	
1.98190317794825	-59	920.625	2216	0000	13	920.625	091726609 0.839590657605242	
5.05600067687107	-56	920.625	2215	0000	14	920.625	091726615 0.845763340951646	
1.84691286861431	-59	920.625	2216	0000	15	920.625	091726618 0.84882211926026	
1.95122356219054	-58.5	920.625	2216	0000	16	920.625	091726620 0.85128092241366	
5.13576767784113	-56	920.625	2215	0000	17	920.625	091726626 0.856906491852005	
5.11122398523496	-56	920.625	2215	0000	18	920.625	091726630 0.86139667721752	
1.99417502425133	-58	920.625	2216	0000	19	920.625	091726633 0.864245143278523	
5.08054436947724	-56	920.625	2215	0000	20	920.625	091726840 1.07076572914728	
2.14143717988836	-57	920.625	2216	0000	21	920.625	091726851 1.08181259706175	
2.09848571782756	-58.5	920.625	2216	0000	22	920.625	091726854 1.08496274981187	
5.09281621578033	-56	920.625	2215	0000	23	920.625	091726860 1.09050600673679	
1.98190317794825	-58.5	920.625	2216	0000	24	920.625	091726864 1.09488291800126	
5.04986475371953	-56	920.625	2215	0000	25	920.625	091726871 1.10161781846919	
5.09281621578033	-56	920.625	2215	0000	26	920.625	091726874 1.10447157065491	
1.95735948534208	-59	920.625	2216	0000	27	920.625	091726876 1.10702929985656	
5.08054436947724	-56	920.625	2215	0000	28	920.625	091726882 1.11282780108917	
1.93281579273591	-58.5	920.625	2216	0000	29	920.625	091726885 1.11554864499632	
5.12963175468958	-56	920.625	2215	0000	30	920.625	091726887 1.11805993181654	
2.00031094740288	-58	920.625	2216	0000	31	920.625	091726892 1.12291485978743	
5.03759290741645	-56	920.625	2215	0000	32	920.625	091727089 1.32067105087782	
1.97576725479671	-58.5	920.625	2216	0000	33	920.625	091727094 1.32484897730478	
5.00691329165873	-56	920.625	2215	0000	34	920.625	091727097 1.32812788494976	
1.95122356219054	-58.5	920.625	2216	0000	35	920.625	091727100 1.33126708787012	
2.00644687055442	-58	920.625	2216	0000	36	920.625	091727106 1.33716489273131	
5.10508806208341	-56	920.625	2215	0000	37	920.625	091727110 1.34038565300443	
5.10508806208341	-56	920.625	2215	0000	38	920.625	091727116 1.34651680251378	
1.98803910109979	-58.5	920.625	2216	0000	39	920.625	091727120 1.35053199181557	
1.94508763903899	-58.5	920.625	2216	0000	40	920.625	091727124 1.35414430289797	
5.10508806208341	-56	920.625	2215	0000	41	920.625	091727131 1.36180238728944	
2.03712648631213	-58.5	920.625	2216	0000	42	920.625	091727340 1.57064546981	
5.06827252317416	-56.5	920.625	2215	0000	43	920.625	091727345 1.57564803169258	
1.90827210012974	-58.5	920.625	2216	0000	44	920.625	091727349 1.57969871354603	
4.97623367590102	-55	920.625	2215	0000	45	920.625	091727355 1.58570261848188	
2.03099056316059	-59	920.625	2216	0000	46	920.625	091727357 1.58826299074588	
5.06213660002262	-56	920.625	2215	0000	47	920.625	091727360 1.59125946829892	
1.97576725479671	-58.5	920.625	2216	0000	48	920.625	091727367 1.59807970192298	
5.05600067687107	-56	920.625	2215	0000	49	920.625	091727371 1.60174185360984	
5.04986475371953	-56	920.625	2215	0000	50	920.625	091727374 1.60498866692619	
2.0616701789183	-58.5	920.625	2216	0000	51	920.625	091727381 1.61190518353614	
1.96349540849362	-58.5	920.625	2216	0000	52	920.625	091727590 1.82061686809948	
5.0744084463257	-56	920.625	2215	0000	53	920.625	091727593 1.82369490300528	
5.09281621578033	-56	920.625	2215	0000	54	920.625	091727594 1.82542648642995	
1.95735948534208	-58.5	920.625	2216	0000	55	920.625	091727597 1.82832819131845	
2.0187187168575	-58.5	920.625	2216	0000	56	920.625	091727599 1.82970673712819	
5.11122398523496	-56	920.625	2215	0000	57	920.625	091727599 1.83023119621604	
1.92667986958437	-58.5	920.625	2216	0000	58	920.625	091727603 1.83446953549689	
5.1173599083865	-56	920.625	2215	0000	59	920.625	091727605 1.8363664991091	
5.08668029262879	-56.5	920.625	2215	0000	60	920.625	091727606 1.83694042122107	
1.96963133164516	-58.5	920.625	2216	0000	61	920.625	091727607 1.83842695500715	
1.95735948534208	-59	920.625	2216	0000	62	920.625	091727840 2.07054559981091	
5.1173599083865	-56	920.625	2215	0000	63	920.625	091727843 2.07400536843723	
5.11122398523496	-56	920.625	2215	0000	64	920.625	091727846 2.07625990062841	
2.0187187168575	-58.5	920.625	2216	0000	65	920.625	091727847 2.07771056428249	
1.98190317794825	-58.5	920.625	2216	0000	66	920.625	091727848 2.07872436748686	
5.05600067687107	-56.5	920.625	2215	0000	67	920.625	091727849 2.07963697916096	
2.00031094740288	-59	920.625	2216	0000	68	920.625	091727853 2.08354342532575	
5.05600067687107	-56	920.625	2215	0000	69	920.625	091727855 2.08563597555243	
5.06213660002262	-56	920.625	2215	0000	70	920.625	091727856 2.08653952529845	
1.96963133164516	-58.5	920.625	2216	0000	71	920.625	091727857 2.08758240218876	
5.08054436947724	-56.5	920.625	2215	0000	72	920.625	091728089 2.32060912770258	
1.93895171588745	-58	920.625	2216	0000	73	920.625	091728093 2.3235889917208	
5.08668029262879	-56	920.625	2215	0000	74	920.625	091728096 2.32606667389104	
2.00031094740288	-58.5	920.625	2216	0000	75	920.625	091728097 2.32786093565163	
5.04372883056799	-56	920.625	2215	0000	76	920.625	091728099 2.32890419012227	
1.96963133164516	-58.5	920.625	2216	0000	77	920.625	091728102 2.33282422917918	
5.05600067687107	-56	920.625	2215	0000	78	920.625	091728104 2.33451805457018	
2.1046216409791	-58	920.625	2216	0000	79	920.625	091728105 2.33546653637628	
1.98190317794825	-59	920.625	2216	0000	80	920.625	091728106 2.33628362022517	
5.12349583153804	-56	920.625	2215	0000	81	920.625	091728107 2.3376753813467	
1.96963133164516	-58.5	920.625	2216	0000	82	920.625	091728109 2.33947681713369	
5.05600067687107	-56	920.625	2215	0000	83	920.625	091728115 2.3449615491064	
2.12916533358527	-58	920.625	2216	0000	84	920.625	091728340 2.57054880924377	
5.06827252317416	-56	920.625	2215	0000	85	920.625	091728344 2.57392324471397	
5.0744084463257	-56	920.625	2215	0000	86	920.625	091728347 2.57699184011134	
2.36233041334389	-59	920.625	2216	0000	87	920.625	091728348 2.57836170157334	
2.04939833261522	-59	920.625	2216	0000	88	920.625	091728352 2.5827016099648	
5.09895213893187	-57	920.625	2215	0000	89	920.625	091728354 2.58415076329753	
5.05600067687107	-56	920.625	2215	0000	90	920.625	091728355 2.58514191168169	
1.99417502425133	-58	920.625	2216	0000	91	920.625	091728356 2.58679269291429	
5.08054436947724	-56.5	920.625	2215	0000	92	920.625	091728590 2.82056853781637	
1.92667986958437	-58.5	920.625	2216	0000	93	920.625	091728593 2.82351215412225	
5.06213660002262	-56	920.625	2215	0000	94	920.625	091728596 2.82652373488876	
1.96349540849362	-58.5	920.625	2216	0000	95	920.625	091728598 2.82826362508085	
5.04986475371953	-56	920.625	2215	0000	96	920.625	091728601 2.83137828527931	
1.98190317794825	-58	920.625	2216	0000	97	920.625	091728608 2.83803313871584	
5.12963175468958	-56	920.625	2215	0000	98	920.625	091728611 2.84209703588108	
2.17825271879761	-57.5	920.625	2216	0000	99	920.625	091728619 2.84938471396213	
1.98803910109979	-58.5	920.625	2216	0000	100	920.625	091728622 2.85289432319291	
5.03759290741645	-56	920.625	2215	0000	101	920.625	091728625 2.85564273046465	
1.95735948534208	-58.5	920.625	2216	0000	102	920.625	091728840 3.07049953500982	
5.12963175468958	-56	920.625	2215	0000	103	920.625	091728843 3.07375729815594	
1.98803910109979	-59	920.625	2216	0000	104	920.625	091728846 3.07667070803487	
5.08668029262879	-56	920.625	2215	0000	105	920.625	091728848 3.07808210333392	
2.00031094740288	-59	920.625	2216	0000	106	920.625	091728849 3.07946631284872	
5.0744084463257	-56	920.625	2215	0000	107	920.625	091728854 3.08425818490336	
4.9885055222041	-56	920.625	2215	0000	108	920.625	091728856 3.08691710563527	
1.97576725479671	-59	920.625	2216	0000	109	920.625	091728858 3.08827035356245	
1.98190317794825	-59	920.625	2216	0000	110	920.625	091728859 3.08965682855927	
5.06827252317416	-56	920.625	2215	0000	111	920.625	091728865 3.09528881686334	
5.03759290741645	-56	920.625	2215	0000	112	920.625	091729090 3.32040070335665	
1.92054394643282	-58.5	920.625	2216	0000	113	920.625	091729094 3.32504796214229	
1.98190317794825	-58.5	920.625	2216	0000	114	920.625	091729096 3.32700269554602	
5.1173599083865	-56	920.625	2215	0000	115	920.625	091729099 3.32939013601576	
5.08668029262879	-56	920.625	2215	0000	116	920.625	091729105 3.33534231244546	
1.9021361769782	-58.5	920.625	2216	0000	117	920.625	091729108 3.33859969801125	
5.1173599083865	-56	920.625	2215	0000	118	920.625	091729112 3.34291053271677	
1.96349540849362	-59	920.625	2216	0000	119	920.625	091729118 3.34929617137314	
5.1173599083865	-56	920.625	2215	0000	120	920.625	091729121 3.35206761104543	
2.14143717988836	-58.5	920.625	2216	0000	121	920.625	091729124 3.3549515696581	
5.04372883056799	-56	920.625	2215	0000	122	920.625	091729131 3.36151353833177	
1.99417502425133	-59	920.625	2216	0000	123	920.625	091729133 3.36418869501817	
5.08668029262879	-56.5	920.625	2215	0000	124	920.625	091729340 3.57032075072033	
1.96349540849362	-58.5	920.625	2216	0000	125	920.625	091729343 3.57378391756968	
5.04372883056799	-56	920.625	2215	0000	126	920.625	091729345 3.57612642597934	
1.82236917600814	-58.5	920.625	2216	0000	127	920.625	091729347 3.57741661799027	
2.09234979467601	-58	920.625	2216	0000	128	920.625	091729348 3.57837340656378	
5.09281621578033	-56	920.625	2215	0000	129	920.625	091729349 3.57940797668668	
2.01258279370596	-58.5	920.625	2216	0000	130	920.625	091729353 3.58368029819785	
5.03759290741645	-56	920.625	2215	0000	131	920.625	091729353 3.5841873885902	
2.00031094740288	-58.5	920.625	2216	0000	132	920.625	091729589 3.82032839672215	
5.22780652511427	-55	920.625	2215	0000	133	920.625	091729592 3.82343626047455	
5.12963175468958	-56	920.625	2215	0000	134	920.625	091729595 3.82598492774811	
1.99417502425133	-58.5	920.625	2216	0000	135	920.625	091729596 3.82700137401485	
1.91440802328128	-59	920.625	2216	0000	136	920.625	091729596 3.82754886550324	
5.09895213893187	-56.5	920.625	2215	0000	137	920.625	091729598 3.82955872563616	
1.96349540849362	-58.5	920.625	2216	0000	138	920.625	091729604 3.83560189892703	
5.09281621578033	-56	920.625	2215	0000	139	920.625	091729607 3.83861801065758	
5.09281621578033	-56.5	920.625	2215	0000	140	920.625	091729608 3.83916021602126	
1.98803910109979	-59	920.625	2216	0000	141	920.625	091729608 3.83968127688608	
5.08668029262879	-57	920.625	2215	0000	142	920.625	091729850 4.08064134285692	
2.02485464000905	-59	920.625	2216	0000	143	920.625	091729855 4.08595691883873	
5.0744084463257	-56	920.625	2215	0000	144	920.625	091729858 4.08882048811321	
1.95122356219054	-58.5	920.625	2216	0000	145	920.625	091729864 4.09512456941682	
5.08668029262879	-56	920.625	2215	0000	146	920.625	091729867 4.09790695891888	
2.0187187168575	-59	920.625	2216	0000	147	920.625	091729869 4.09979372786199	
1.99417502425133	-58.5	920.625	2216	0000	148	920.625	091729870 4.1008467994214	
5.1173599083865	-56.5	920.625	2215	0000	149	920.625	091729874 4.10489106240912	
1.98190317794825	-59	920.625	2216	0000	150	920.625	091729877 4.10815939780467	
5.04372883056799	-56.5	920.625	2215	0000	151	920.625	091729879 4.10963535934132	
2.00031094740288	-58	920.625	2216	0000	152	920.625	091730089 4.32030781859379	
5.0314569842649	-56	920.625	2215	0000	153	920.625	091730093 4.32382497943131	
2.00031094740288	-59	920.625	2216	0000	154	920.625	091730094 4.32503814505353	
5.0744084463257	-56	920.625	2215	0000	155	920.625	091730095 4.32637364670488	
1.95122356219054	-59	920.625	2216	0000	156	920.625	091730097 4.32783639292973	
5.02532106111336	-56.5	920.625	2215	0000	157	920.625	091730098 4.32878487473584	
1.95122356219054	-58	920.625	2216	0000	158	920.625	091730102 4.33315385681323	
5.09895213893187	-56	920.625	2215	0000	159	920.625	091730102 4.33365943688424	
5.00077736850719	-56	920.625	2215	0000	160	920.625	091730104 4.33507120976362	
1.94508763903899	-58.5	920.625	2216	0000	161	920.625	091730105 4.3361393845365	
5.17871913990192	-56	920.625	2215	0000	162	920.625	091730339 4.57024825529566	
2.15984494934298	-58	920.625	2216	0000	163	920.625	091730342 4.57346675008675	
5.06827252317416	-56	920.625	2215	0000	164	920.625	091730344 4.57498613336213	
1.99417502425133	-59	920.625	2216	0000	165	920.625	091730346 4.57665466087056	
2.03712648631213	-58	920.625	2216	0000	166	920.625	091730347 4.57756500706264	
5.09281621578033	-56	920.625	2215	0000	167	920.625	091730348 4.57855804334849	
5.0744084463257	-56	920.625	2215	0000	168	920.625	091730349 4.58019938507266	
1.98803910109979	-59	920.625	2216	0000	169	920.625	091730354 4.58524952207769	
2.04326240946367	-57.5	920.625	2216	0000	170	920.625	091730355 4.58628107155789	
5.0314569842649	-56	920.625	2215	0000	171	920.625	091730356 4.58725371850555	
5.11122398523496	-56	920.625	2215	0000	172	920.625	091730590 4.82023891018232	
2.08007794837293	-58.5	920.625	2216	0000	173	920.625	091730594 4.82425409948411	
1.98803910109979	-59	920.625	2216	0000	174	920.625	091730595 4.82571420264661	
5.00691329165873	-56.5	920.625	2215	0000	175	920.625	091730597 4.8275341398701	
1.97576725479671	-58.5	920.625	2216	0000	176	920.625	091730598 4.82896101596296	
5.0744084463257	-56	920.625	2215	0000	177	920.625	091730603 4.83355050495706	
2.00644687055442	-58.5	920.625	2216	0000	178	920.625	091730606 4.83642993260569	
5.08668029262879	-56.5	920.625	2215	0000	179	920.625	091730607 4.83736029055562	
1.95122356219054	-58.5	920.625	2216	0000	180	920.625	091730608 4.83831103784375	
5.12963175468958	-56	920.625	2215	0000	181	920.625	091730610 4.84028993638904	
5.09281621578033	-56	920.625	2215	0000	182	920.625	091730611 4.84130336201308	
2.00644687055442	-58.5	920.625	2216	0000	183	920.625	091730615 4.84561608462028	
5.09895213893187	-56.5	920.625	2215	0000	184	920.625	091730839 5.07016915221509	
1.96349540849362	-58.5	920.625	2216	0000	185	920.625	091730842 5.07312711657378	
5.04986475371953	-56.5	920.625	2215	0000	186	920.625	091730844 5.07549530044634	
2.02485464000905	-58.5	920.625	2216	0000	187	920.625	091730846 5.07735412844452	
5.18485506305347	-56	920.625	2215	0000	188	920.625	091730847 5.07839285195113	
1.92667986958437	-58.5	920.625	2216	0000	189	920.625	091730851 5.0822868379648	
5.04372883056799	-56	920.625	2215	0000	190	920.625	091730853 5.08441337042179	
1.98190317794825	-59	920.625	2216	0000	191	920.625	091730854 5.08541282557337	
1.93281579273591	-58.5	920.625	2216	0000	192	920.625	091730856 5.08692994336673	
4.9885055222041	-56	920.625	2215	0000	193	920.625	091730857 5.08793846044638	
1.92667986958437	-58.5	920.625	2216	0000	194	920.625	091731089 5.32011034407763	
5.06827252317416	-56	920.625	2215	0000	195	920.625	091731094 5.32532019756514	
5.0744084463257	-56	920.625	2215	0000	196	920.625	091731096 5.32732250609132	
1.93895171588745	-58.5	920.625	2216	0000	197	920.625	091731098 5.3292028561687	
1.96963133164516	-58.5	920.625	2216	0000	198	920.625	091731099 5.33001729695523	
5.04372883056799	-56	920.625	2215	0000	199	920.625	091731099 5.33057460553238	
5.06213660002262	-56	920.625	2215	0000	200	920.625	091731104 5.33530757505448	
1.93895171588745	-58.5	920.625	2216	0000	201	920.625	091731105 5.33632515406222	
1.97576725479671	-59	920.625	2216	0000	202	920.625	091731107 5.33804238943409	
5.0744084463257	-56.5	920.625	2215	0000	203	920.625	091731110 5.34124729133306	
5.09895213893187	-56	920.625	2215	0000	204	920.625	091731339 5.57020672145861	
1.95735948534208	-59	920.625	2216	0000	205	920.625	091731343 5.57368914490514	
1.95735948534208	-58.5	920.625	2216	0000	206	920.625	091731345 5.57584437346773	
5.1173599083865	-56	920.625	2215	0000	207	920.625	091731346 5.57670185841266	
5.08054436947724	-56	920.625	2215	0000	208	920.625	091731347 5.57797770237079	
2.01258279370596	-58	920.625	2216	0000	209	920.625	091731349 5.57988825887512	
5.08668029262879	-56	920.625	2215	0000	210	920.625	091731354 5.58473752314096	
2.00031094740288	-58.5	920.625	2216	0000	211	920.625	091731355 5.58664996754697	
5.02532106111336	-55.5	920.625	2215	0000	212	920.625	091731357 5.58843781044183	
1.98190317794825	-58.5	920.625	2216	0000	213	920.625	091731359 5.59028946441362	
5.0744084463257	-56	920.625	2215	0000	214	920.625	091731589 5.82005729404031	
2.07394202522139	-57.5	920.625	2216	0000	215	920.625	091731592 5.82351895056832	
1.96963133164516	-58.5	920.625	2216	0000	216	920.625	091731594 5.82552503489786	
5.06213660002262	-56	920.625	2215	0000	217	920.625	091731596 5.82736687178089	
5.08668029262879	-56	920.625	2215	0000	218	920.625	091731599 5.82939598851099	
1.93281579273591	-58.5	920.625	2216	0000	219	920.625	091731602 5.8327942115424	
5.08054436947724	-56	920.625	2215	0000	220	920.625	091731605 5.83548484902261	
1.91440802328128	-57.5	920.625	2216	0000	221	920.625	091731607 5.83719755343045	
5.19099098620501	-56	920.625	2215	0000	222	920.625	091731610 5.84021026693797	
1.98803910109979	-58.5	920.625	2216	0000	223	920.625	091731614 5.84465476508273	
1.99417502425133	-58.5	920.625	2216	0000	224	920.625	091731839 6.07003662151687	
5.06827252317416	-56	920.625	2215	0000	225	920.625	091731842 6.07294172462839	
5.04986475371953	-56	920.625	2215	0000	226	920.625	091731845 6.07503163179272	
1.97576725479671	-58	920.625	2216	0000	227	920.625	091731847 6.07700637695431	
5.04372883056799	-56	920.625	2215	0000	228	920.625	091731848 6.07860807274312	
1.87145656122048	-58.5	920.625	2216	0000	229	920.625	091731850 6.08035287147958	
1.9021361769782	-57.5	920.625	2216	0000	230	920.625	091731854 6.08466785956881	
5.12349583153804	-56	920.625	2215	0000	231	920.625	091731856 6.08674530658202	
5.08668029262879	-56.5	920.625	2215	0000	232	920.625	091731859 6.08913652285513	
1.92667986958437	-58.5	920.625	2216	0000	233	920.625	091731860 6.09043615437448	
1.98190317794825	-59	920.625	2216	0000	234	920.625	091732089 6.32000688706534	
5.13576767784113	-56	920.625	2215	0000	235	920.625	091732092 6.3237592804527	
1.91440802328128	-58.5	920.625	2216	0000	236	920.625	091732094 6.32528130679044	
5.1173599083865	-56	920.625	2215	0000	237	920.625	091732095 6.32671724481139	
5.0744084463257	-56	920.625	2215	0000	238	920.625	091732097 6.32781071746683	
1.95122356219054	-58.5	920.625	2216	0000	239	920.625	091732098 6.32971976364981	
1.93895171588745	-59	920.625	2216	0000	240	920.625	091732099 6.33063992693065	
5.11122398523496	-56	920.625	2215	0000	241	920.625	091732107 6.33800198833805	
1.95122356219054	-58.5	920.625	2216	0000	242	920.625	091732110 6.3412948664555	
5.01918513796182	-56	920.625	2215	0000	243	920.625	091732113 6.34482335470312	
1.96349540849362	-58.5	920.625	2216	0000	244	920.625	091732339 6.57048952913089	
5.09281621578033	-56	920.625	2215	0000	245	920.625	091732342 6.57343692124014	
5.08054436947724	-56	920.625	2215	0000	246	920.625	091732344 6.57498877642449	
1.95735948534208	-58.5	920.625	2216	0000	247	920.625	091732345 6.57596331127383	
1.90827210012974	-59	920.625	2216	0000	248	920.625	091732346 6.57701902589559	
5.08668029262879	-56	920.625	2215	0000	249	920.625	091732347 6.57862109926474	
5.09895213893187	-56	920.625	2215	0000	250	920.625	091732352 6.5830871194887	
1.95735948534208	-58.5	920.625	2216	0000	251	920.625	091732354 6.5848651452948	
2.04326240946367	-58.5	920.625	2216	0000	252	920.625	091732357 6.58772946972995	
5.03759290741645	-56	920.625	2215	0000	253	920.625	091732358 6.58859148563892	
1.98803910109979	-58.5	920.625	2216	0000	254	920.625	091732359 6.58979445659204	
5.06213660002262	-56.5	920.625	2215	0000	255	920.625	091732361 6.59114506145686	
1.90827210012974	-59	920.625	2216	0000	256	920.625	091732589 6.81993231494882	
5.14803952414421	-56	920.625	2215	0000	257	920.625	091732593 6.82454672424515	
5.0744084463257	-56	920.625	2215	0000	258	920.625	091732595 6.82650372313091	
1.93895171588745	-59	920.625	2216	0000	259	920.625	091732597 6.82797741918554	
5.0314569842649	-56.5	920.625	2215	0000	260	920.625	091732598 6.82892288034895	
1.94508763903899	-58.5	920.625	2216	0000	261	920.625	091732601 6.8324290913567	
1.90827210012974	-58	920.625	2216	0000	262	920.625	091732603 6.83468135806585	
5.0744084463257	-56.5	920.625	2215	0000	263	920.625	091732606 6.83771295059022	
5.09895213893187	-56	920.625	2215	0000	264	920.625	091732607 6.83858629390929	
1.95735948534208	-59	920.625	2216	0000	265	920.625	091732608 6.83952193798394	
5.04372883056799	-56	920.625	2215	0000	266	920.625	091732840 7.06994411433435	
2.02485464000905	-58	920.625	2216	0000	267	920.625	091732842 7.07294625559244	
5.09895213893187	-56	920.625	2215	0000	268	920.625	091732843 7.07406389338944	
1.95122356219054	-58.5	920.625	2216	0000	269	920.625	091732844 7.07498707731297	
5.05600067687107	-56.5	920.625	2215	0000	270	920.625	091732845 7.07600239083869	
1.98190317794825	-59	920.625	2216	0000	271	920.625	091732846 7.0768391088651	
5.12963175468958	-56	920.625	2215	0000	272	920.625	091732847 7.07783856401667	
1.98190317794825	-58.5	920.625	2216	0000	273	920.625	091732848 7.07948481428522	
5.08668029262879	-56	920.625	2215	0000	274	920.625	091732852 7.08339579141405	
2.01258279370596	-58.5	920.625	2216	0000	275	920.625	091732855 7.08611474741952	
5.06213660002262	-56	920.625	2215	0000	276	920.625	091733090 7.31994496389011	
1.93281579273591	-58.5	920.625	2216	0000	277	920.625	091733094 7.32453936142858	
5.09281621578033	-56	920.625	2215	0000	278	920.625	091733096 7.32637817766892	
5.06213660002262	-56	920.625	2215	0000	279	920.625	091733097 7.32728512563797	
5.11122398523496	-59	920.625	2216	0000	280	920.625	091733098 7.32870898108813	
5.06827252317416	-55.5	920.625	2215	0000	281	920.625	091733099 7.32962650130662	
1.99417502425133	-59	920.625	2216	0000	282	920.625	091733106 7.33615184468762	
1.93895171588745	-58.5	920.625	2216	0000	283	920.625	091733109 7.33960972541225	
5.04986475371953	-56	920.625	2215	0000	284	920.625	091733112 7.34216330123019	
2.22734010400995	-58.5	920.625	2216	0000	285	920.625	091733350 7.58027452355969	
5.09281621578033	-56.5	920.625	2215	0000	286	920.625	091733353 7.58364140742315	
5.14190360099267	-56	920.625	2215	0000	287	920.625	091733354 7.58487571754423	
1.90827210012974	-58.5	920.625	2216	0000	288	920.625	091733355 7.58582910789471	
5.08054436947724	-57	920.625	2215	0000	289	920.625	091733356 7.58681421499349	
1.99417502425133	-59	920.625	2216	0000	290	920.625	091733359 7.58925074090702	
5.10508806208341	-56	920.625	2215	0000	291	920.625	091733360 7.59037290966806	
1.94508763903899	-59	920.625	2216	0000	292	920.625	091733365 7.59550271612415	
1.96963133164516	-59	920.625	2216	0000	293	920.625	091733366 7.59649386450832	
5.09281621578033	-56	920.625	2215	0000	294	920.625	091733367 7.59739854699535	
1.93281579273591	-58.5	920.625	2216	0000	295	920.625	091733589 7.81981073408036	
5.1173599083865	-56	920.625	2215	0000	296	920.625	091733592 7.82288461560245	
5.00077736850719	-56	920.625	2215	0000	297	920.625	091733594 7.82443382772444	
2.04326240946367	-57.5	920.625	2216	0000	298	920.625	091733596 7.82644028963433	
5.11122398523496	-56.5	920.625	2215	0000	299	920.625	091733597 7.82779467030251	
1.95735948534208	-59	920.625	2216	0000	300	920.625	091733605 7.83564758614779	
5.0744084463257	-56	920.625	2215	0000	301	920.625	091733608 7.8387852787468	
1.95735948534208	-58.5	920.625	2216	0000	302	920.625	091733610 7.84142645320288	
5.05600067687107	-56	920.625	2215	0000	303	920.625	091733613 7.84426472459479	
1.97576725479671	-59	920.625	2216	0000	304	920.625	091733615 7.84604652620426	
1.96963133164516	-58.5	920.625	2216	0000	305	920.625	091733840 8.07059544041537	
5.06213660002262	-56	920.625	2215	0000	306	920.625	091733844 8.07500180294611	
1.94508763903899	-58.5	920.625	2216	0000	307	920.625	091733847 8.0772861639839	
5.04372883056799	-56	920.625	2215	0000	308	920.625	091733848 8.07911780619783	
1.96963133164516	-58.5	920.625	2216	0000	309	920.625	091733851 8.08175482727021	
5.21553467881118	-56	920.625	2215	0000	310	920.625	091733857 8.08768661436172	
1.96963133164516	-58.5	920.625	2216	0000	311	920.625	091733860 8.09080693826524	
5.1173599083865	-55.5	920.625	2215	0000	312	920.625	091733866 8.09644119205133	
1.98803910109979	-59	920.625	2216	0000	313	920.625	091734089 8.31964705300435	
5.06827252317416	-56	920.625	2215	0000	314	920.625	091734094 8.32404850699071	
1.95735948534208	-58.5	920.625	2216	0000	315	920.625	091734095 8.32592470368439	
5.05600067687107	-56.5	920.625	2215	0000	316	920.625	091734097 8.32754980945408	
5.11122398523496	-56	920.625	2215	0000	317	920.625	091734099 8.32923381775632	
2.04939833261522	-58.5	920.625	2216	0000	318	920.625	091734102 8.33283970997299	
5.03759290741645	-56	920.625	2215	0000	319	920.625	091734105 8.33537327403308	
1.93281579273591	-59	920.625	2216	0000	320	920.625	091734106 8.33623906574542	
5.11122398523496	-56	920.625	2215	0000	321	920.625	091734109 8.33909621615417	
1.97576725479671	-58.5	920.625	2216	0000	322	920.625	091734111 8.34126541518923	
5.09895213893187	-56	920.625	2215	0000	323	920.625	091734338 8.56967017979998	
1.97576725479671	-58.5	920.625	2216	0000	324	920.625	091734343 8.57458249998207	
5.12349583153804	-55.5	920.625	2215	0000	325	920.625	091734346 8.57693822370351	
1.98803910109979	-59	920.625	2216	0000	326	920.625	091734348 8.57938079090243	
5.35666091129666	-55	920.625	2215	0000	327	920.625	091734353 8.58451324042088	
1.95735948534208	-59	920.625	2216	0000	328	920.625	091734355 8.58679458081597	
1.95122356219054	-59	920.625	2216	0000	329	920.625	091734359 8.59028870925295	
5.25235021772044	-55.5	920.625	2215	0000	330	920.625	091734366 8.59600301007045	
5.14190360099267	-56	920.625	2215	0000	331	920.625	091734368 8.59871819027255	
1.94508763903899	-59	920.625	2216	0000	332	920.625	091734371 8.60134161845281	
1.98190317794825	-59	920.625	2216	0000	333	920.625	091734377 8.60776425998219	
5.06827252317416	-56	920.625	2215	0000	334	920.625	091734379 8.60893249354432	
2.00031094740288	-58.5	920.625	2216	0000	335	920.625	091734589 8.81964422115182	
5.17871913990192	-56	920.625	2215	0000	336	920.625	091734594 8.82494129569713	
1.93281579273591	-58	920.625	2216	0000	337	920.625	091734596 8.82645161704443	
5.08054436947724	-56	920.625	2215	0000	338	920.625	091734597 8.82741482448367	
5.08054436947724	-56	920.625	2215	0000	339	920.625	091734599 8.82944696185646	
1.97576725479671	-58.5	920.625	2216	0000	340	920.625	091734603 8.83338399202852	
5.08668029262879	-56	920.625	2215	0000	341	920.625	091734605 8.8360814259548	
1.94508763903899	-59	920.625	2216	0000	342	920.625	091734607 8.83805919175908	
5.06827252317416	-56	920.625	2215	0000	343	920.625	091734609 8.83977529438995	
1.96963133164516	-58.5	920.625	2216	0000	344	920.625	091734610 8.84078909759432	
1.95122356219054	-59	920.625	2216	0000	345	920.625	091734838 9.06959107671942	
5.00691329165873	-56.5	920.625	2215	0000	346	920.625	091734842 9.07271064546226	
4.98236959905256	-56	920.625	2215	0000	347	920.625	091734843 9.07455701330933	
1.94508763903899	-59	920.625	2216	0000	348	920.625	091734845 9.07626745223514	
5.09895213893187	-55.5	920.625	2215	0000	349	920.625	091734846 9.07727521415413	
2.02485464000905	-59	920.625	2216	0000	350	920.625	091734847 9.07825465754785	
1.88986433067511	-58.5	920.625	2216	0000	351	920.625	091734848 9.07949916233802	
5.02532106111336	-55.5	920.625	2215	0000	352	920.625	091734852 9.08312544389288	
5.12963175468958	-56	920.625	2215	0000	353	920.625	091734854 9.08493178822425	
2.00031094740288	-59	920.625	2216	0000	354	920.625	091734855 9.08591689532303	
5.11122398523496	-56	920.625	2215	0000	355	920.625	091735089 9.31962137754145	
2.09234979467601	-58.5	920.625	2216	0000	356	920.625	091735092 9.32296711690605	
1.95122356219054	-59	920.625	2216	0000	357	920.625	091735094 9.32425428827428	
5.08668029262879	-56	920.625	2215	0000	358	920.625	091735096 9.32621355264206	
5.08668029262879	-56	920.625	2215	0000	359	920.625	091735097 9.32753206317825	
1.98803910109979	-59	920.625	2216	0000	360	920.625	091735098 9.32853567171353	
1.98803910109979	-58.5	920.625	2216	0000	361	920.625	091735099 9.32956571087239	
5.12349583153804	-55.5	920.625	2215	0000	362	920.625	091735102 9.33261467209224	
5.10508806208341	-56	920.625	2215	0000	363	920.625	091735104 9.33406911154969	
1.95122356219054	-59	920.625	2216	0000	364	920.625	091735104 9.33461131691337	
2.07394202522139	-58	920.625	2216	0000	365	920.625	091735105 9.3355877396644	
5.09281621578033	-56	920.625	2215	0000	366	920.625	091735106 9.33652715954242	
5.11122398523496	-56	920.625	2215	0000	367	920.625	091735338 9.56947836898887	
1.92054394643282	-58.5	920.625	2216	0000	368	920.625	091735343 9.57411769858743	
1.92054394643282	-59	920.625	2216	0000	369	920.625	091735346 9.57692765145408	
5.08054436947724	-56	920.625	2215	0000	370	920.625	091735348 9.57964434197753	
1.96963133164516	-58.5	920.625	2216	0000	371	920.625	091735354 9.58559236502353	
5.08668029262879	-56	920.625	2215	0000	372	920.625	091735358 9.58933456374179	
5.00691329165873	-56	920.625	2215	0000	373	920.625	091735363 9.59427255938678	
1.91440802328128	-58.5	920.625	2216	0000	374	920.625	091735366 9.5977138265766	
5.15417544729575	-56	920.625	2215	0000	375	920.625	091735370 9.60088625656659	
1.98803910109979	-59	920.625	2216	0000	376	920.625	091735377 9.6077725667496	
5.09281621578033	-56	920.625	2215	0000	377	920.625	091735589 9.8194871477317	
1.95122356219054	-59	920.625	2216	0000	378	920.625	091735595 9.82536833905808	
1.98190317794825	-58.5	920.625	2216	0000	379	920.625	091735597 9.82823077559155	
5.12349583153804	-56	920.625	2215	0000	380	920.625	091735602 9.83267904953967	
1.98803910109979	-58.5	920.625	2216	0000	381	920.625	091735603 9.83397112945229	
5.09281621578033	-56	920.625	2215	0000	382	920.625	091735604 9.83482181795115	
1.98190317794825	-59	920.625	2216	0000	383	920.625	091735605 9.83563021745229	
5.0744084463257	-56	920.625	2215	0000	384	920.625	091735606 9.83647675256745	
5.12963175468958	-56	920.625	2215	0000	385	920.625	091735607 9.83770955236718	
1.97576725479671	-58.5	920.625	2216	0000	386	920.625	091735613 9.84392943325569	
5.09281621578033	-56	920.625	2215	0000	387	920.625	091735849 10.079536165211	
1.92667986958437	-59	920.625	2216	0000	388	920.625	091735851 10.0824862003826	
5.05600067687107	-56	920.625	2215	0000	389	920.625	091735854 10.0845912107604	
1.88986433067511	-58.5	920.625	2216	0000	390	920.625	091735855 10.0859588067404	
2.01258279370596	-58	920.625	2216	0000	391	920.625	091735857 10.0876828385584	
5.09895213893187	-56	920.625	2215	0000	392	920.625	091735862 10.0928194414605	
2.00644687055442	-59	920.625	2216	0000	393	920.625	091735864 10.0948251482097	
5.1173599083865	-56	920.625	2215	0000	394	920.625	091735865 10.0960530394651	
5.12963175468958	-56	920.625	2215	0000	395	920.625	091735866 10.0970411672065	
1.95735948534208	-57.5	920.625	2216	0000	396	920.625	091735868 10.0992171626877	
1.98190317794825	-58.5	920.625	2216	0000	397	920.625	091735869 10.1001482757983	
5.09281621578033	-56	920.625	2215	0000	398	920.625	091735875 10.1058542698484	
1.98190317794825	-58.5	920.625	2216	0000	399	920.625	091736089 10.3194405165601	
5.1173599083865	-56	920.625	2215	0000	400	920.625	091736094 10.3250241745811	
5.08054436947724	-56	920.625	2215	0000	401	920.625	091736096 10.3264533161559	
1.88986433067511	-58.5	920.625	2216	0000	402	920.625	091736097 10.3274758037081	
5.09281621578033	-56.5	920.625	2215	0000	403	920.625	091736098 10.3287807213521	
1.98190317794825	-59	920.625	2216	0000	404	920.625	091736099 10.3296582180549	
1.89600025382665	-58.5	920.625	2216	0000	405	920.625	091736103 10.3334940566967	
5.10508806208341	-56	920.625	2215	0000	406	920.625	091736104 10.3348624078374	
5.04986475371953	-56	920.625	2215	0000	407	920.625	091736338 10.5694821447922	
2.03099056316059	-58.5	920.625	2216	0000	408	920.625	091736341 10.5722913424982	
1.96349540849362	-58.5	920.625	2216	0000	409	920.625	091736342 10.5733244022998	
5.08668029262879	-56	920.625	2215	0000	410	920.625	091736344 10.5753625809579	
1.92054394643282	-58.5	920.625	2216	0000	411	920.625	091736346 10.5770405479748	
5.02532106111336	-56	920.625	2215	0000	412	920.625	091736346 10.5775865291418	
2.00031094740288	-58.5	920.625	2216	0000	413	920.625	091736347 10.5784863030845	
5.11122398523496	-56	920.625	2215	0000	414	920.625	091736353 10.5838679556252	
1.95122356219054	-59	920.625	2216	0000	415	920.625	091736355 10.585864222866	
5.24007837141735	-55.5	920.625	2215	0000	416	920.625	091736357 10.5884227072284	
5.09895213893187	-56	920.625	2215	0000	417	920.625	091736359 10.5907104664892	
1.95122356219054	-58.5	920.625	2216	0000	418	920.625	091736363 10.5947792721988	
1.94508763903899	-58	920.625	2216	0000	419	920.625	091736551 10.7816294328404	
5.08054436947724	-56	920.625	2215	0000	420	920.625	091736554 10.7846957627557	
5.09281621578033	-55.5	920.625	2215	0000	421	920.625	091736561 10.7925211152364	
2.07394202522139	-59	920.625	2216	0000	422	920.625	091736564 10.7956097223916	
1.97576725479671	-58.5	920.625	2216	0000	423	920.625	091736568 10.7987330669378	
5.06213660002262	-56.5	920.625	2215	0000	424	920.625	091736569 10.8000417603853	
5.12349583153804	-56.5	920.625	2215	0000	425	920.625	091736570 10.8009604133447	
2.00644687055442	-58.5	920.625	2216	0000	426	920.625	091736571 10.8024922567712	
