0.134990309333936	-55	920.625	2215	0000	0	920.625	092019144 0.790871844325137	
4.91487444438559	-57	920.625	2216	0000	1	920.625	092019146 0.79258605905432	
4.85965113602171	-56.5	920.625	2216	0000	2	920.625	092019147 0.792888878484453	
3.28885480922681	-54.5	920.625	2215	0000	3	920.625	092019147 0.793163756969661	
0.141126232485479	-55	920.625	2215	0000	4	920.625	092019147 0.793410316929607	
4.90873852123405	-57	920.625	2216	0000	5	920.625	092019147 0.793651213184501	
3.31953442498453	-55	920.625	2215	0000	6	920.625	092019148 0.794558916314227	
4.84124336656708	-56.5	920.625	2216	0000	7	920.625	092019151 0.79732884566517	
1.73953421346232	-57	920.625	2216	0000	8	920.625	092019158 0.804604818755775	
0.14419419406125	-55	920.625	2215	0000	9	920.625	092019162 0.808032115473129	
4.83510744341554	-56	920.625	2216	0000	10	920.625	092019346 0.991879757276256	
3.2581751934691	-54.5	920.625	2215	0000	11	920.625	092019350 0.995780162155651	
0.147262155637022	-55	920.625	2215	0000	12	920.625	092019354 0.99962544030587	
4.94248609856754	-57	920.625	2216	0000	13	920.625	092019357 1.0023326913209	
3.2581751934691	-54.5	920.625	2215	0000	14	920.625	092019362 1.00812779433048	
4.86578705917325	-56	920.625	2216	0000	15	920.625	092019366 1.01127681433959	
0.116582539879309	-55	920.625	2215	0000	16	920.625	092019372 1.01751897246797	
4.92407832911291	-57	920.625	2216	0000	17	920.625	092019376 1.02144165458724	
4.84737928971863	-56.5	920.625	2216	0000	18	920.625	092019379 1.02490746449895	
3.2152237314083	-54.5	920.625	2215	0000	19	920.625	092019385 1.0304397715941	
0.11965050145508	-55	920.625	2215	0000	20	920.625	092019596 1.24209696036501	
4.94248609856754	-57	920.625	2216	0000	21	920.625	092019605 1.25151419154575	
4.88419482862788	-56.5	920.625	2216	0000	22	920.625	092019610 1.25628907248523	
3.18454411565059	-54.5	920.625	2215	0000	23	920.625	092019615 1.26163787553668	
0.131922347758165	-55	920.625	2215	0000	24	920.625	092019620 1.26652263235418	
4.92407832911291	-57	920.625	2216	0000	25	920.625	092019626 1.27282218269376	
3.23976742401447	-54.5	920.625	2215	0000	26	920.625	092019630 1.27603274829777	
4.95168998329485	-56.5	920.625	2216	0000	27	920.625	092019636 1.28264833337927	
0.0889708856973672	-55	920.625	2215	0000	28	920.625	092019640 1.28654647277665	
4.95168998329485	-57	920.625	2216	0000	29	920.625	092019644 1.29020673656182	
4.8719229823248	-56	920.625	2216	0000	30	920.625	092019846 1.49181084886479	
3.20908780825676	-54.5	920.625	2215	0000	31	920.625	092019851 1.49662462057896	
3.2152237314083	-54.5	920.625	2215	0000	32	920.625	092019854 1.50037776912699	
4.8719229823248	-56.5	920.625	2216	0000	33	920.625	092019860 1.50625254158764	
4.92714629068868	-56.5	920.625	2216	0000	34	920.625	092019864 1.50959714821123	
3.20295188510522	-54.5	920.625	2215	0000	35	920.625	092019870 1.51612966561863	
4.96702979117371	-57	920.625	2216	0000	36	920.625	092019874 1.51991415333462	
0.0951068088489097	-55	920.625	2215	0000	37	920.625	092019877 1.52308884880664	
3.22135965455985	-54.5	920.625	2215	0000	38	920.625	092019883 1.52920602784353	
4.85965113602171	-56.5	920.625	2216	0000	39	920.625	092019887 1.53336885105702	
0.0951068088489097	-55	920.625	2215	0000	40	920.625	092020106 1.75186477488849	
4.92714629068868	-57	920.625	2216	0000	41	920.625	092020110 1.75553825398545	
4.87805890547634	-56.5	920.625	2216	0000	42	920.625	092020113 1.75844637773968	
3.17840819249905	-54.5	920.625	2215	0000	43	920.625	092020115 1.76128842493495	
4.93021425226445	-57	920.625	2216	0000	44	920.625	092020121 1.76684112136829	
0.0674951546669682	-55	920.625	2215	0000	45	920.625	092020126 1.77229187111069	
3.20908780825676	-54.5	920.625	2215	0000	46	920.625	092020129 1.77510975316441	
4.88419482862788	-56.5	920.625	2216	0000	47	920.625	092020135 1.78102605946211	
4.93021425226445	-57	920.625	2216	0000	48	920.625	092020136 1.78167663038245	
0.101242732000452	-55	920.625	2215	0000	49	920.625	092020137 1.78327190730554	
4.81669967396091	-56	920.625	2216	0000	50	920.625	092020345 1.99170984612469	
3.2152237314083	-54.5	920.625	2215	0000	51	920.625	092020349 1.99511373286116	
3.2366994624387	-54.5	920.625	2215	0000	52	920.625	092020354 2.0002665717178	
4.95475794487062	-57	920.625	2216	0000	53	920.625	092020360 2.00591479597635	
3.18454411565059	-54.5	920.625	2215	0000	54	920.625	092020363 2.00914688365957	
4.87805890547634	-56.5	920.625	2216	0000	55	920.625	092020366 2.01236084748662	
0.0736310778185108	-54.5	920.625	2215	0000	56	920.625	092020375 2.02118036899416	
4.93941813699176	-57	920.625	2216	0000	57	920.625	092020376 2.02273977578524	
4.84124336656708	-56.5	920.625	2216	0000	58	920.625	092020380 2.02682783809204	
3.25203927031756	-54.5	920.625	2215	0000	59	920.625	092020384 2.03079167646802	
4.93635017541599	-57	920.625	2216	0000	60	920.625	092020596 2.24176506724895	
0.0674951546669682	-54.5	920.625	2215	0000	61	920.625	092020601 2.24668493903777	
3.20908780825676	-54.5	920.625	2215	0000	62	920.625	092020604 2.24948092143195	
4.89033075177942	-56.5	920.625	2216	0000	63	920.625	092020609 2.25440985514886	
4.95168998329485	-57	920.625	2216	0000	64	920.625	092020613 2.25821813042607	
0.0644271930911969	-54.5	920.625	2215	0000	65	920.625	092020616 2.26183308457082	
4.85351521287017	-56	920.625	2216	0000	66	920.625	092020624 2.26928198945569	
3.25203927031756	-54.5	920.625	2215	0000	67	920.625	092020627 2.27297359240882	
4.96089386802216	-57	920.625	2216	0000	68	920.625	092020635 2.28037983071563	
0.0613592315154256	-54.5	920.625	2215	0000	69	920.625	092020638 2.28355188312529	
3.16000042304442	-54.5	920.625	2215	0000	70	920.625	092020846 2.49163338610648	
4.92714629068868	-56.5	920.625	2216	0000	71	920.625	092020851 2.49620173060172	
0.0613592315154256	-54.5	920.625	2215	0000	72	920.625	092020855 2.50067530243241	
4.91487444438559	-57	920.625	2216	0000	73	920.625	092020861 2.5062223351607	
3.20295188510522	-54.5	920.625	2215	0000	74	920.625	092020863 2.50900585740377	
4.81056375080937	-56	920.625	2216	0000	75	920.625	092020866 2.51152620615207	
0.0766990393942821	-54.5	920.625	2215	0000	76	920.625	092020875 2.52038084263093	
4.93635017541599	-57	920.625	2216	0000	77	920.625	092020878 2.5240399736751	
4.89033075177942	-56	920.625	2216	0000	78	920.625	092020883 2.52922377411936	
3.14159265358979	-54.5	920.625	2215	0000	79	920.625	092020889 2.5350543696806	
4.94862202171908	-57	920.625	2216	0000	80	920.625	092021096 2.74167652465996	
0.0552233083638831	-54.5	920.625	2215	0000	81	920.625	092021100 2.74514346731268	
4.85965113602171	-56	920.625	2216	0000	82	920.625	092021102 2.74762114948292	
3.10477711468054	-54.5	920.625	2215	0000	83	920.625	092021103 2.74864779041875	
0.098174770424681	-54.5	920.625	2215	0000	84	920.625	092021105 2.75012866049977	
4.94555406014331	-57	920.625	2216	0000	85	920.625	092021106 2.75144490555394	
3.2152237314083	-54.5	920.625	2215	0000	86	920.625	092021110 2.75607328532273	
4.79829190450629	-56	920.625	2216	0000	87	920.625	092021112 2.75792531687486	
4.92714629068868	-57	920.625	2216	0000	88	920.625	092021114 2.75982681145111	
0.0674951546669682	-55	920.625	2215	0000	89	920.625	092021118 2.76352596601097	
3.18454411565059	-54.5	920.625	2215	0000	90	920.625	092021346 2.99201719651886	
4.84737928971863	-56	920.625	2216	0000	91	920.625	092021349 2.9951726353937	
0.0613592315154256	-55	920.625	2215	0000	92	920.625	092021352 2.99799391567045	
4.94555406014331	-57	920.625	2216	0000	93	920.625	092021353 2.99849723025944	
4.84737928971863	-56	920.625	2216	0000	94	920.625	092021353 2.99898544163495	
3.15386449989288	-54.5	920.625	2215	0000	95	920.625	092021354 2.99983235433045	
0.0705631162427395	-54.5	920.625	2215	0000	96	920.625	092021359 3.004470551188	
4.93635017541599	-57	920.625	2216	0000	97	920.625	092021359 3.00501200139101	
4.89033075177942	-56.5	920.625	2216	0000	98	920.625	092021361 3.00650570920348	
3.18454411565059	-54.5	920.625	2215	0000	99	920.625	092021362 3.00744852730453	
4.90260259808251	-57	920.625	2216	0000	100	920.625	092021595 3.24163517961308	
0.0797670009700533	-54.5	920.625	2215	0000	101	920.625	092021599 3.24510325500681	
4.92714629068868	-56.5	920.625	2216	0000	102	920.625	092021601 3.2468257765034	
3.20295188510522	-54.5	920.625	2215	0000	103	920.625	092021602 3.24829003304961	
4.96396182959793	-57	920.625	2216	0000	104	920.625	092021604 3.24996762248612	
0.0644271930911969	-54.5	920.625	2215	0000	105	920.625	092021605 3.25124308886391	
3.20295188510522	-54.5	920.625	2215	0000	106	920.625	092021608 3.2544872591179	
4.84124336656708	-56.5	920.625	2216	0000	107	920.625	092021611 3.25698759610836	
0.0797670009700533	-55	920.625	2215	0000	108	920.625	092021612 3.25819358770417	
4.93635017541599	-57	920.625	2216	0000	109	920.625	092021614 3.26038921736281	
4.90260259808251	-56	920.625	2216	0000	110	920.625	092021846 3.49158392308235	
3.20295188510522	-54.5	920.625	2215	0000	111	920.625	092021850 3.49592420905415	
0.0797670009700533	-55	920.625	2215	0000	112	920.625	092021852 3.49754365111879	
4.96089386802216	-57	920.625	2216	0000	113	920.625	092021855 3.50023353343833	
4.92101036753714	-56	920.625	2216	0000	114	920.625	092021860 3.50587722673284	
3.20908780825676	-54.5	920.625	2215	0000	115	920.625	092021861 3.50691028653439	
4.90873852123405	-57	920.625	2216	0000	116	920.625	092021863 3.50824956398911	
0.0490873852123405	-54.5	920.625	2215	0000	117	920.625	092021867 3.51262949589627	
3.14772857674134	-54.5	920.625	2215	0000	118	920.625	092021873 3.51837249281937	
4.88419482862788	-56.5	920.625	2216	0000	119	920.625	092021874 3.51978804150212	
0.0368155389092554	-54.5	920.625	2215	0000	120	920.625	092022096 3.74156249539824	
4.97009775274948	-57	920.625	2216	0000	121	920.625	092022100 3.74570719475556	
4.89033075177942	-56.5	920.625	2216	0000	122	920.625	092022102 3.74847334830314	
3.16613634619596	-54.5	920.625	2215	0000	123	920.625	092022105 3.75058591028767	
0.0705631162427395	-54.5	920.625	2215	0000	124	920.625	092022108 3.75437530654804	
4.97930163747679	-57	920.625	2216	0000	125	920.625	092022109 3.75490203111791	
3.14772857674134	-54	920.625	2215	0000	126	920.625	092022110 3.75628775095405	
4.89033075177942	-56.5	920.625	2216	0000	127	920.625	092022111 3.75724680500959	
4.95475794487062	-57	920.625	2216	0000	128	920.625	092022112 3.75815941668369	
0.0705631162427395	-54.5	920.625	2215	0000	129	920.625	092022113 3.75911431735552	
3.17840819249905	-54.5	920.625	2215	0000	130	920.625	092022346 3.99148329792259	
4.91487444438559	-56.5	920.625	2216	0000	131	920.625	092022348 3.99438387007008	
4.93635017541599	-57	920.625	2216	0000	132	920.625	092022350 3.9957786518343	
0.0490873852123405	-54.5	920.625	2215	0000	133	920.625	092022352 3.99812833427036	
4.84737928971863	-56	920.625	2216	0000	134	920.625	092022353 3.99915497520619	
3.19068003880213	-54.5	920.625	2215	0000	135	920.625	092022354 4.00018614710605	
0.0674951546669682	-54.5	920.625	2215	0000	136	920.625	092022359 4.00538203012109	
4.95168998329485	-57	920.625	2216	0000	137	920.625	092022361 4.00676926027859	
5.01918513796182	-55.5	920.625	2216	0000	138	920.625	092022363 4.00857635977063	
3.20908780825676	-54.5	920.625	2215	0000	139	920.625	092022365 4.01122772889581	
4.94248609856754	-57	920.625	2216	0000	140	920.625	092022595 4.24144299122163	
0.0306796157577128	-54.5	920.625	2215	0000	141	920.625	092022599 4.24464373973689	
3.22135965455985	-54.5	920.625	2215	0000	142	920.625	092022600 4.24639495733909	
4.87805890547634	-56	920.625	2216	0000	143	920.625	092022602 4.24847315951297	
0.0460194236365692	-54.5	920.625	2215	0000	144	920.625	092022604 4.25029725012017	
4.90873852123405	-57	920.625	2216	0000	145	920.625	092022605 4.25135900602732	
4.89033075177942	-56.5	920.625	2216	0000	146	920.625	092022609 4.25486332913338	
3.16000042304442	-54.5	920.625	2215	0000	147	920.625	092022610 4.25625206961222	
3.2152237314083	-54.5	920.625	2215	0000	148	920.625	092022611 4.2572556781475	
4.97623367590102	-57	920.625	2216	0000	149	920.625	092022612 4.25824116282661	
3.24590334716602	-54.5	920.625	2215	0000	150	920.625	092022846 4.49147517994535	
4.87805890547634	-56.5	920.625	2216	0000	151	920.625	092022850 4.49544052864268	
4.97930163747679	-57	920.625	2216	0000	152	920.625	092022853 4.4988172295949	
0.0828349625458246	-54.5	920.625	2215	0000	153	920.625	092022854 4.49978836622121	
3.16000042304442	-54.5	920.625	2215	0000	154	920.625	092022855 4.50067605759308	
4.85351521287017	-56.5	920.625	2216	0000	155	920.625	092022859 4.50431442171872	
4.96702979117371	-57	920.625	2216	0000	156	920.625	092022860 4.5056891917251	
0.0828349625458246	-54.5	920.625	2215	0000	157	920.625	092022862 4.50709379057809	
4.85965113602171	-56.5	920.625	2216	0000	158	920.625	092022862 4.50798374743198	
3.17840819249905	-54.5	920.625	2215	0000	159	920.625	092022863 4.5089303413364	
4.97009775274948	-57	920.625	2216	0000	160	920.625	092023095 4.74139975827307	
0.0797670009700533	-54.5	920.625	2215	0000	161	920.625	092023100 4.7454009771024	
3.19681596195368	-54.5	920.625	2215	0000	162	920.625	092023101 4.74671571183522	
4.89033075177942	-56.5	920.625	2216	0000	163	920.625	092023102 4.74805687719162	
0.0859029241215959	-54.5	920.625	2215	0000	164	920.625	092023104 4.74947620167774	
4.95782590644639	-57	920.625	2216	0000	165	920.625	092023106 4.75140828026127	
4.90260259808251	-56.5	920.625	2216	0000	166	920.625	092023110 4.75608650063452	
3.19068003880213	-54.5	920.625	2215	0000	167	920.625	092023112 4.75802764114614	
4.94862202171908	-57	920.625	2216	0000	168	920.625	092023113 4.7589572439354	
0.0613592315154256	-54.5	920.625	2215	0000	169	920.625	092023116 4.76179966871101	
3.20908780825676	-54.5	920.625	2215	0000	170	920.625	092023355 5.00133323616933	
4.87805890547634	-56.5	920.625	2216	0000	171	920.625	092023358 5.00420662253256	
4.84737928971863	-56.5	920.625	2216	0000	172	920.625	092023360 5.00604506119256	
3.18454411565059	-54.5	920.625	2215	0000	173	920.625	092023362 5.00793824900139	
3.16613634619596	-54.5	920.625	2215	0000	174	920.625	092023362 5.00844420665274	
4.90260259808251	-56	920.625	2216	0000	175	920.625	092023363 5.00940703651164	
4.96089386802216	-57	920.625	2216	0000	176	920.625	092023371 5.01732187553215	
0.0920388472731385	-54.5	920.625	2215	0000	177	920.625	092023373 5.01933249082574	
3.16000042304442	-54.5	920.625	2215	0000	178	920.625	092023375 5.0209572190151	
4.89646667493097	-56.5	920.625	2216	0000	179	920.625	092023376 5.02201557669922	
4.85965113602171	-56.5	920.625	2216	0000	180	920.625	092023595 5.24132896195991	
3.23363150086293	-54.5	920.625	2215	0000	181	920.625	092023599 5.24558315961491	
3.17840819249905	-54	920.625	2215	0000	182	920.625	092023601 5.24737893169685	
4.88419482862788	-56	920.625	2216	0000	183	920.625	092023603 5.24901045633227	
4.96089386802216	-57	920.625	2216	0000	184	920.625	092023604 5.24996497942376	
0.0797670009700533	-54.5	920.625	2215	0000	185	920.625	092023607 5.25346930252983	
3.07409749892282	-54.5	920.625	2215	0000	186	920.625	092023610 5.25575592904963	
4.89646667493097	-56.5	920.625	2216	0000	187	920.625	092023610 5.25627925539647	
0.0705631162427395	-54.5	920.625	2215	0000	188	920.625	092023611 5.2571582624206	
4.96089386802216	-57	920.625	2216	0000	189	920.625	092023612 5.25804482105146	
4.89646667493097	-56.5	920.625	2216	0000	190	920.625	092023845 5.49122937514608	
3.13545673043825	-54.5	920.625	2215	0000	191	920.625	092023849 5.49497044112333	
4.89646667493097	-56.5	920.625	2216	0000	192	920.625	092023852 5.49776906657987	
0.0920388472731385	-54.5	920.625	2215	0000	193	920.625	092023855 5.50036002285116	
3.18454411565059	-54	920.625	2215	0000	194	920.625	092023860 5.50577339214021	
4.90260259808251	-56.5	920.625	2216	0000	195	920.625	092023862 5.50819330451892	
4.94862202171908	-57	920.625	2216	0000	196	920.625	092023865 5.51090357617664	
0.0951068088489097	-54.5	920.625	2215	0000	197	920.625	092023871 5.51714875494772	
4.88419482862788	-56.5	920.625	2216	0000	198	920.625	092023874 5.51990131560317	
3.20295188510522	-54.5	920.625	2215	0000	199	920.625	092023877 5.52278112083213	
4.96089386802216	-57	920.625	2216	0000	200	920.625	092024095 5.7412770446636	
0.0920388472731385	-54.5	920.625	2215	0000	201	920.625	092024098 5.74438113261263	
3.24590334716602	-53.5	920.625	2215	0000	202	920.625	092024100 5.7459782974374	
4.92714629068868	-56.5	920.625	2216	0000	203	920.625	092024101 5.74719259580063	
4.95475794487062	-57	920.625	2216	0000	204	920.625	092024102 5.74815504807919	
0.0644271930911969	-54.5	920.625	2215	0000	205	920.625	092024103 5.74909673343923	
4.92101036753714	-56.5	920.625	2216	0000	206	920.625	092024104 5.75006975796723	
3.19068003880213	-54.5	920.625	2215	0000	207	920.625	092024109 5.75526564098227	
4.95782590644639	-56.5	920.625	2216	0000	208	920.625	092024111 5.75720300569051	
0.0920388472731385	-54.5	920.625	2215	0000	209	920.625	092024112 5.75851320945929	
3.24590334716602	-54.5	920.625	2215	0000	210	920.625	092024345 5.9912967732362	
4.89646667493097	-56.5	920.625	2216	0000	211	920.625	092024349 5.99500498972415	
0.116582539879309	-54.5	920.625	2215	0000	212	920.625	092024350 5.99645829644059	
4.93635017541599	-57	920.625	2216	0000	213	920.625	092024351 5.99785949707054	
4.83510744341554	-55.5	920.625	2216	0000	214	920.625	092024353 5.99938190098862	
3.19681596195368	-54.5	920.625	2215	0000	215	920.625	092024353 5.9999025842731	
0.0398835004850267	-54.5	920.625	2215	0000	216	920.625	092024359 6.00578830656352	
4.96089386802216	-57	920.625	2216	0000	217	920.625	092024363 6.00921144989717	
4.85965113602171	-56	920.625	2216	0000	218	920.625	092024367 6.01320134131639	
3.23976742401447	-54.5	920.625	2215	0000	219	920.625	092024373 6.01932909260271	
4.95475794487062	-57	920.625	2216	0000	220	920.625	092024596 6.24119907432405	
0.104310693576224	-54.5	920.625	2215	0000	221	920.625	092024597 6.24378436689028	
3.19681596195368	-54.5	920.625	2215	0000	222	920.625	092024600 6.24660149378333	
4.89033075177942	-56.5	920.625	2216	0000	223	920.625	092024601 6.24780975086117	
4.93635017541599	-57	920.625	2216	0000	224	920.625	092024603 6.24901876309968	
0.0705631162427395	-54.5	920.625	2215	0000	225	920.625	092024605 6.25048264206555	
3.22749557771139	-54.5	920.625	2215	0000	226	920.625	092024609 6.25449216766228	
4.87805890547634	-56.5	920.625	2216	0000	227	920.625	092024611 6.25625999879929	
3.23363150086293	-54.5	920.625	2215	0000	228	920.625	092024612 6.25722018559584	
4.86578705917325	-56.5	920.625	2216	0000	229	920.625	092024613 6.25897819964409	
3.2152237314083	-54.5	920.625	2215	0000	230	920.625	092024856 6.50132474061175	
4.92714629068868	-56.5	920.625	2216	0000	231	920.625	092024859 6.50491968299865	
3.20295188510522	-54.5	920.625	2215	0000	232	920.625	092024860 6.5054543367556	
4.87805890547634	-56.5	920.625	2216	0000	233	920.625	092024861 6.50635599859993	
3.22749557771139	-54.5	920.625	2215	0000	234	920.625	092024862 6.50738868082115	
4.87805890547634	-56.5	920.625	2216	0000	235	920.625	092024863 6.50829336330818	
4.83510744341554	-56	920.625	2216	0000	236	920.625	092024864 6.5092154144907	
3.16613634619596	-54.5	920.625	2215	0000	237	920.625	092024864 6.50978556079931	
4.89033075177942	-56.5	920.625	2216	0000	238	920.625	092024870 6.51563730085941	
3.22749557771139	-54.5	920.625	2215	0000	239	920.625	092024872 6.51790051739834	
3.2152237314083	-54.5	920.625	2215	0000	240	920.625	092025095 6.74107352886205	
4.90873852123405	-56	920.625	2216	0000	241	920.625	092025098 6.74399675582975	
4.88419482862788	-56.5	920.625	2216	0000	242	920.625	092025100 6.74670589474646	
3.17840819249905	-54.5	920.625	2215	0000	243	920.625	092025102 6.74866213847155	
4.89033075177942	-56	920.625	2216	0000	244	920.625	092025107 6.75309568678654	
3.20295188510522	-54.5	920.625	2215	0000	245	920.625	092025107 6.75362052345472	
4.90260259808251	-56.5	920.625	2216	0000	246	920.625	092025109 6.75499302797908	
3.25203927031756	-54	920.625	2215	0000	247	920.625	092025110 6.7555684604124	
4.85351521287017	-56.5	920.625	2216	0000	248	920.625	092025110 6.75613483091764	
3.20295188510522	-54.5	920.625	2215	0000	249	920.625	092025111 6.75666646403189	
3.23976742401447	-54.5	920.625	2215	0000	250	920.625	092025345 6.99106456132905	
4.91487444438559	-56.5	920.625	2216	0000	251	920.625	092025348 6.99442766938915	
3.14772857674134	-54.5	920.625	2215	0000	252	920.625	092025351 6.99698275552844	
4.89646667493097	-56	920.625	2216	0000	253	920.625	092025353 6.99895976617205	
3.25203927031756	-54.5	920.625	2215	0000	254	920.625	092025355 7.00071098377424	
4.87805890547634	-56.5	920.625	2216	0000	255	920.625	092025358 7.00381733720529	
3.03728196001357	-54	920.625	2215	0000	256	920.625	092025359 7.00523401862906	
4.95168998329485	-56.5	920.625	2216	0000	257	920.625	092025360 7.006237249584	
4.88419482862788	-56.5	920.625	2216	0000	258	920.625	092025362 7.00757954768141	
3.22135965455985	-54	920.625	2215	0000	259	920.625	092025362 7.0080828622704	
3.19068003880213	-54.5	920.625	2215	0000	260	920.625	092025595 7.24102047882473	
4.93328221384022	-56.5	920.625	2216	0000	261	920.625	092025599 7.24533773239598	
4.89033075177942	-56.5	920.625	2216	0000	262	920.625	092025602 7.24819941376877	
3.23363150086293	-54.5	920.625	2215	0000	263	920.625	092025604 7.25070088350023	
3.17840819249905	-54.5	920.625	2215	0000	264	920.625	092025610 7.25592206439784	
4.68170936462698	-56	920.625	2216	0000	265	920.625	092025612 7.25823436638055	
3.20908780825676	-54.5	920.625	2215	0000	266	920.625	092025615 7.26195844124265	
4.85965113602171	-56.5	920.625	2216	0000	267	920.625	092025621 7.26719245987171	
4.73693267299086	-56	920.625	2216	0000	268	920.625	092025623 7.26969204170148	
3.19681596195368	-54.5	920.625	2215	0000	269	920.625	092025624 7.27076172679571	
4.83510744341554	-56.5	920.625	2216	0000	270	920.625	092025626 7.27249217747937	
3.22135965455985	-54.5	920.625	2215	0000	271	920.625	092025631 7.27786476809205	
3.22749557771139	-54.5	920.625	2215	0000	272	920.625	092025845 7.49103416611194	
4.81669967396091	-56.5	920.625	2216	0000	273	920.625	092025849 7.49521171495856	
5.04372883056799	-56	920.625	2216	0000	274	920.625	092025851 7.49681190042602	
3.22749557771139	-54.5	920.625	2215	0000	275	920.625	092025853 7.49880174880109	
4.91487444438559	-56	920.625	2216	0000	276	920.625	092025855 7.50089090080474	
3.22135965455985	-54.5	920.625	2215	0000	277	920.625	092025858 7.50395723072009	
3.22749557771139	-54.5	920.625	2215	0000	278	920.625	092025859 7.504452616122	
4.89646667493097	-56.5	920.625	2216	0000	279	920.625	092025860 7.50626764480112	
4.91487444438559	-56.5	920.625	2216	0000	280	920.625	092025861 7.5072610586673	
3.22749557771139	-54.5	920.625	2215	0000	281	920.625	092025862 7.50819330451892	
3.27658296292373	-54.5	920.625	2215	0000	282	920.625	092026095 7.74104143453342	
4.88419482862788	-56.5	920.625	2216	0000	283	920.625	092026098 7.74383401870458	
4.85351521287017	-56.5	920.625	2216	0000	284	920.625	092026100 7.74523333143285	
3.2152237314083	-54	920.625	2215	0000	285	920.625	092026100 7.74577478163585	
3.22749557771139	-54.5	920.625	2215	0000	286	920.625	092026101 7.74631056813381	
4.89646667493097	-56.5	920.625	2216	0000	287	920.625	092026101 7.74679953466999	
3.25203927031756	-54.5	920.625	2215	0000	288	920.625	092026102 7.74738063080837	
4.85351521287017	-56.5	920.625	2216	0000	289	920.625	092026102 7.74792434649339	
4.88419482862788	-56.5	920.625	2216	0000	290	920.625	092026103 7.74847674652617	
3.2152237314083	-54.5	920.625	2215	0000	291	920.625	092026104 7.74956757611925	
3.22749557771139	-54.5	920.625	2215	0000	292	920.625	092026345 7.99098111607461	
4.89646667493097	-56.5	920.625	2216	0000	293	920.625	092026348 7.99424416534545	
4.83510744341554	-56.5	920.625	2216	0000	294	920.625	092026350 7.9965855410141	
3.23363150086293	-54.5	920.625	2215	0000	295	920.625	092026352 7.99869772541829	
3.23363150086293	-54.5	920.625	2215	0000	296	920.625	092026353 7.99971983539008	
4.95782590644639	-56	920.625	2216	0000	297	920.625	092026354 8.00066038800911	
3.25203927031756	-54.5	920.625	2215	0000	298	920.625	092026358 8.00396761417935	
4.84124336656708	-56.5	920.625	2216	0000	299	920.625	092026360 8.0065181693546	
4.85351521287017	-56.5	920.625	2216	0000	300	920.625	092026361 8.00770075096953	
3.25203927031756	-54.5	920.625	2215	0000	301	920.625	092026362 8.00866131534641	
3.26431111662064	-54.5	920.625	2215	0000	302	920.625	092026595 8.24089436699223	
4.7001171340816	-56	920.625	2216	0000	303	920.625	092026599 8.24489181001819	
4.8719229823248	-56.5	920.625	2216	0000	304	920.625	092026602 8.24766891339553	
3.24590334716602	-54.5	920.625	2215	0000	305	920.625	092026605 8.25035992845608	
4.86578705917325	-56.5	920.625	2216	0000	306	920.625	092026611 8.25640536722897	
3.24590334716602	-54.5	920.625	2215	0000	307	920.625	092026615 8.26084344650801	
3.25203927031756	-54.5	920.625	2215	0000	308	920.625	092026619 8.26515126057083	
4.82283559711246	-56.5	920.625	2216	0000	309	920.625	092026621 8.26713846588354	
4.81669967396091	-56.5	920.625	2216	0000	310	920.625	092026622 8.26801709532733	
3.2581751934691	-54.5	920.625	2215	0000	311	920.625	092026624 8.26953912166507	
4.8719229823248	-56.5	920.625	2216	0000	312	920.625	092026855 8.50092752609741	
3.17227226934751	-54.5	920.625	2215	0000	313	920.625	092026858 8.5039583634611	
3.23976742401447	-54.5	920.625	2215	0000	314	920.625	092026860 8.50557705036506	
4.92714629068868	-56.5	920.625	2216	0000	315	920.625	092026862 8.50808720444427	
4.82283559711246	-56.5	920.625	2216	0000	316	920.625	092026864 8.50970891199093	
3.19681596195368	-54	920.625	2215	0000	317	920.625	092026864 8.51028849780796	
5.03759290741645	-56.5	920.625	2216	0000	318	920.625	092026868 8.51387588858813	
3.19681596195368	-54.5	920.625	2215	0000	319	920.625	092026871 8.51689766402373	
3.29499073237836	-54.5	920.625	2215	0000	320	920.625	092026872 8.51825506533461	
4.88419482862788	-56.5	920.625	2216	0000	321	920.625	092026873 8.51922242615756	
4.84737928971863	-56.5	920.625	2216	0000	322	920.625	092026875 8.52139842163868	
3.24590334716602	-54.5	920.625	2215	0000	323	920.625	092026881 8.52671362004015	
4.89033075177942	-56.5	920.625	2216	0000	324	920.625	092027094 8.7407941194128	
3.26431111662064	-54.5	920.625	2215	0000	325	920.625	092027097 8.74340886324531	
3.25203927031756	-54.5	920.625	2215	0000	326	920.625	092027099 8.74533754360581	
5.00691329165873	-55.5	920.625	2216	0000	327	920.625	092027100 8.74679575886663	
3.24590334716602	-54.5	920.625	2215	0000	328	920.625	092027102 8.74886112330905	
4.79829190450629	-56	920.625	2216	0000	329	920.625	092027104 8.750153580802	
3.23363150086293	-54.5	920.625	2215	0000	330	920.625	092027107 8.75385349052254	
4.90873852123405	-56.5	920.625	2216	0000	331	920.625	092027109 8.75528414241877	
4.76761228874857	-56.5	920.625	2216	0000	332	920.625	092027344 8.99085198359942	
3.26431111662064	-54.5	920.625	2215	0000	333	920.625	092027348 8.99425813581791	
4.8719229823248	-56.5	920.625	2216	0000	334	920.625	092027349 8.99517527845606	
3.19068003880213	-54.5	920.625	2215	0000	335	920.625	092027350 8.99610752430768	
3.25203927031756	-54.5	920.625	2215	0000	336	920.625	092027351 8.99790178606827	
4.91487444438559	-56	920.625	2216	0000	337	920.625	092027354 8.99970548733728	
4.71238898038469	-56	920.625	2216	0000	338	920.625	092027358 9.00371161471098	
3.23976742401447	-54.5	920.625	2215	0000	339	920.625	092027361 9.00611302565319	
4.828971520264	-56.5	920.625	2216	0000	340	920.625	092027363 9.00811118079566	
3.15386449989288	-54.5	920.625	2215	0000	341	920.625	092027363 9.00862922101778	
3.22749557771139	-54.5	920.625	2215	0000	342	920.625	092027364 9.00999153087305	
4.85351521287017	-56.5	920.625	2216	0000	343	920.625	092027365 9.01103025437965	
4.66330159517235	-56	920.625	2216	0000	344	920.625	092027595 9.24079242030129	
3.2581751934691	-54.5	920.625	2215	0000	345	920.625	092027597 9.24344907555118	
4.91487444438559	-56.5	920.625	2216	0000	346	920.625	092027599 9.24519727251068	
3.20908780825676	-54.5	920.625	2215	0000	347	920.625	092027601 9.24721090844696	
4.85351521287017	-56.5	920.625	2216	0000	348	920.625	092027602 9.24857774926627	
3.2152237314083	-54.5	920.625	2215	0000	349	920.625	092027608 9.25409457556761	
3.23976742401447	-54.5	920.625	2215	0000	350	920.625	092027612 9.2583619885344	
4.89033075177942	-56.5	920.625	2216	0000	351	920.625	092027615 9.26170961580068	
3.23976742401447	-54.5	920.625	2215	0000	352	920.625	092027621 9.26759798115346	
4.92101036753714	-55.5	920.625	2216	0000	353	920.625	092027625 9.27095844615119	
3.24590334716602	-54.5	920.625	2215	0000	354	920.625	092027844 9.49084008981881	
4.88419482862788	-56.5	920.625	2216	0000	355	920.625	092027848 9.49412768181154	
3.18454411565059	-54.5	920.625	2215	0000	356	920.625	092027849 9.49575845128629	
4.85965113602171	-56.5	920.625	2216	0000	357	920.625	092027851 9.49744887845425	
4.85965113602171	-56.5	920.625	2216	0000	358	920.625	092027852 9.49865638037141	
3.23363150086293	-54.5	920.625	2215	0000	359	920.625	092027853 9.49924314021484	
4.85965113602171	-56.5	920.625	2216	0000	360	920.625	092027854 9.5006239515066	
3.27658296292373	-54.5	920.625	2215	0000	361	920.625	092027859 9.50557289698136	
4.89033075177942	-56.5	920.625	2216	0000	362	920.625	092027860 9.50655573859811	
3.08023342207437	-54	920.625	2215	0000	363	920.625	092027863 9.5090821286318	
4.8719229823248	-56.5	920.625	2216	0000	364	920.625	092028095 9.74075749412013	
3.22749557771139	-54.5	920.625	2215	0000	365	920.625	092028098 9.74373547023666	
3.24590334716602	-54.5	920.625	2215	0000	366	920.625	092028098 9.74418667873917	
4.82283559711246	-56	920.625	2216	0000	367	920.625	092028100 9.74550292379334	
4.83510744341554	-56.5	920.625	2216	0000	368	920.625	092028102 9.74782995140919	
3.24590334716602	-54.5	920.625	2215	0000	369	920.625	092028103 9.74871009117432	
4.84124336656708	-56.5	920.625	2216	0000	370	920.625	092028104 9.75005880813746	
3.2152237314083	-54.5	920.625	2215	0000	371	920.625	092028109 9.75449311161313	
4.828971520264	-56.5	920.625	2216	0000	372	920.625	092028109 9.75504928744927	
3.23363150086293	-54.5	920.625	2215	0000	373	920.625	092028110 9.75606422339465	
3.25203927031756	-54.5	920.625	2215	0000	374	920.625	092028345 9.99063789554844	
4.81056375080937	-56.5	920.625	2216	0000	375	920.625	092028348 9.99409049014836	
3.24590334716602	-54.5	920.625	2215	0000	376	920.625	092028350 9.99539012166771	
4.81056375080937	-56.5	920.625	2216	0000	377	920.625	092028351 9.99660932857532	
4.88419482862788	-56.5	920.625	2216	0000	378	920.625	092028353 9.9984311537005	
3.18454411565059	-54.5	920.625	2215	0000	379	920.625	092028354 9.99923993078197	
4.73693267299086	-56	920.625	2216	0000	380	920.625	092028358 10.0039249476013	
3.22749557771139	-54.5	920.625	2215	0000	381	920.625	092028359 10.0048855119782	
4.89033075177942	-56.5	920.625	2216	0000	382	920.625	092028361 10.006881779219	
3.26431111662064	-54.5	920.625	2215	0000	383	920.625	092028364 10.0099213009304	
3.23363150086293	-54.5	920.625	2215	0000	384	920.625	092028365 10.0105862199035	
4.8719229823248	-56.5	920.625	2216	0000	385	920.625	092028595 10.2406700842722	
4.87805890547634	-56.5	920.625	2216	0000	386	920.625	092028598 10.2435974646236	
3.22749557771139	-54.5	920.625	2215	0000	387	920.625	092028599 10.2447373796604	
4.83510744341554	-56.5	920.625	2216	0000	388	920.625	092028600 10.2459981204051	
3.27658296292373	-54.5	920.625	2215	0000	389	920.625	092028601 10.2474567132462	
4.91487444438559	-56.5	920.625	2216	0000	390	920.625	092028602 10.2483225049586	
3.11091303783208	-54.5	920.625	2215	0000	391	920.625	092028603 10.2487914597369	
4.92101036753714	-56.5	920.625	2216	0000	392	920.625	092028604 10.2497505137924	
3.2152237314083	-54.5	920.625	2215	0000	393	920.625	092028607 10.2533979398462	
4.89033075177942	-56.5	920.625	2216	0000	394	920.625	092028609 10.2547156952217	
3.18454411565059	-54.5	920.625	2215	0000	395	920.625	092028610 10.2564563405744	
4.82283559711246	-56.5	920.625	2216	0000	396	920.625	092028845 10.4912082306472	
3.22749557771139	-54.5	920.625	2215	0000	397	920.625	092028849 10.4950637034665	
4.88419482862788	-57	920.625	2216	0000	398	920.625	092028851 10.4974047015548	
3.19068003880213	-54.5	920.625	2215	0000	399	920.625	092028854 10.500087409848	
3.20295188510522	-54	920.625	2215	0000	400	920.625	092028854 10.5005707126791	
4.84124336656708	-56.5	920.625	2216	0000	401	920.625	092028858 10.504522090904	
3.27658296292373	-54.5	920.625	2215	0000	402	920.625	092028859 10.5050782667401	
4.89646667493097	-56.5	920.625	2216	0000	403	920.625	092028861 10.5068528943232	
3.28885480922681	-54.5	920.625	2215	0000	404	920.625	092028864 10.510331164386	
4.85965113602171	-56.5	920.625	2216	0000	405	920.625	092028870 10.5159601320474	
3.23363150086293	-54.5	920.625	2215	0000	406	920.625	092029095 10.7405471818725	
4.85965113602171	-56.5	920.625	2216	0000	407	920.625	092029098 10.7438797059253	
3.2581751934691	-54.5	920.625	2215	0000	408	920.625	092029100 10.7459662148666	
4.84124336656708	-56.5	920.625	2216	0000	409	920.625	092029102 10.7475210906937	
3.2581751934691	-54.5	920.625	2215	0000	410	920.625	092029103 10.7491137245544	
4.85965113602171	-56.5	920.625	2216	0000	411	920.625	092029104 10.7500776871543	
3.19068003880213	-54	920.625	2215	0000	412	920.625	092029108 10.7541559323723	
4.83510744341554	-56.5	920.625	2216	0000	413	920.625	092029111 10.7566860982094	
3.20295188510522	-54.5	920.625	2215	0000	414	920.625	092029114 10.7595466468412	
4.77374821190012	-56.5	920.625	2216	0000	415	920.625	092029116 10.7614281296596	
4.83510744341554	-56.5	920.625	2216	0000	416	920.625	092029231 10.8772093641434	
3.22749557771139	-54.5	920.625	2215	0000	417	920.625	092029235 10.8807148199905	
4.86578705917325	-56.5	920.625	2216	0000	418	920.625	092029238 10.8836297401907	
3.20295188510522	-54.5	920.625	2215	0000	419	920.625	092029240 10.8858623727224	
4.84124336656708	-56.5	920.625	2216	0000	420	920.625	092029241 10.8872141103282	
3.19681596195368	-54.5	920.625	2215	0000	421	920.625	092029247 10.8932225462281	
