2.61390326255713	-59.5	-39	0	1186	233128262 0.4701037	
1.99417502425133	-56	186.3125	1	1130	233128264 0.4710125	
5.42415606596363	-56.5	6.875	2	1130	233128264 0.4715375	
5.74015610826807	-60.5	2	3	1186	233128265 0.47206	
2.36846633649543	-56.5	-39	4	1130	233128265 0.4726897	
2.7673013413457	-59	-104.125	5	1186	233128266 0.4736752	
5.70027260778304	-60	38.25	6	1186	233128267 0.4745797	
5.45790364329711	-56.5	8.125	7	1130	233128268 0.4750466	
2.71207803298181	-59.5	-61	8	1186	233128268 0.4753505	
2.25188379661612	-56	48	9	1130	233128268 0.4756764	
2.57095180049633	-59.5	13	10	1186	233128511 0.7182112	
2.39914595225314	-56	-4.0625	11	1130	233128512 0.71932	
2.74889357189107	-59.5	-130.1875	12	1186	233128514 0.7208002	
2.24574787346458	-56.5	52.0625	13	1130	233128514 0.7211699	
5.24007837141735	-56.5	17.875	14	1130	233128515 0.7219895	
5.70027260778304	-60.5	17.875	15	1186	233128516 0.7227886	
2.20893233455532	-59	295.375	16	1186	233128517 0.7237396	
2.06780610206984	-56	39	17	1130	233128518 0.7248029	
2.42368964485931	-55.5	-91.9375	18	1130	233128519 0.7254027	
2.55867995419325	-59.5	13	19	1186	233128520 0.7265076	
2.31324302813155	-56	26	20	1130	233128520 0.7268979	
2.58935956995096	-59.5	-39	21	1186	233128521 0.7278003	
5.27996187190238	-56.5	2	22	1130	233128522 0.7286787	
5.70027260778304	-60.5	32.125	23	1186	233128522 0.7290829	
2.19666048825224	-56	-65.0625	24	1130	233128761 0.9680434	
2.6813984172241	-59	-34.9375	25	1186	233128762 0.9689619	
2.31324302813155	-56.5	21.9375	26	1130	233128763 0.9697787	
2.53413626158708	-60	48	27	1186	233128763 0.9702806	
2.82866057286112	-58.5	-165.1875	28	1186	233128764 0.9708304	
2.27642748922229	-56	17.0625	29	1130	233128764 0.9714744	
5.75549591614693	-60.5	2	30	1186	233128765 0.9718698	
5.45483568172134	-56.5	15.8125	31	1130	233128765 0.9724963	
2.33778672073772	-56.5	4.0625	32	1130	233128766 0.9730436	
2.69367026352719	-59	-35.75	33	1186	233128766 0.9735172	
2.69980618667873	-59.5	-104.125	34	1186	233128767 0.9739156	
2.1905245651007	-55.5	100.0625	35	1130	233128767 0.9743457	
2.38073818279852	-56	-21.9375	36	1130	233128768 0.9748002	
2.4359614911624	-58	95.1875	37	1186	233128768 0.9751855	
5.73402018511653	-60.5	13	38	1186	233129011 1.2181034	
5.47324345117597	-56.5	2	39	1130	233129012 1.2190215	
2.3500585670408	-60	26	40	1186	233129013 1.2201075	
2.25801971976766	-56.5	61	41	1130	233129013 1.2208058	
2.74275764873953	-59.5	-52.0625	42	1186	233129015 1.2219951	
2.09234979467601	-56	31.6875	43	1130	233129015 1.222857	
2.52186441528399	-59	43.125	44	1186	233129017 1.2239516	
2.16598087249453	-56	-52.0625	45	1130	233129018 1.2248176	
5.47631141275174	-56.5	-6.875	46	1130	233129018 1.2257362	
5.72788426196498	-60.5	10.9375	47	1186	233129019 1.2264451	
2.14143717988836	-56	87.0625	48	1130	233129020 1.2273091	
2.31937895128309	-59	186.3125	49	1186	233129021 1.2277066	
2.28256341237383	-59	160.3125	50	1186	233129261 1.4680693	
2.23961195031304	-56	30.0625	51	1130	233129262 1.4690861	
2.7243498792849	-59.5	-95.1875	52	1186	233129263 1.4700576	
2.39914595225314	-56	-56.125	53	1130	233129264 1.471096	
5.70334056935881	-60	13	54	1186	233129266 1.4724039	
5.47631141275174	-56.5	1.1875	55	1130	233129267 1.4733054	
2.12302941043373	-56.5	126.125	56	1130	233129268 1.4744619	
2.68753434037564	-59	-117.125	57	1186	233129269 1.4753598	
2.54640810789016	-58.5	48	58	1186	233129270 1.4763187	
2.15370902619144	-56	21.9375	59	1130	233129271 1.4772489	
1.96349540849362	-56	104.125	60	1130	233129271 1.4778422	
2.57708772364788	-59.5	-26	61	1186	233129272 1.4787246	
5.77697164717732	-60.5	4.0625	62	1186	233129273 1.479399	
5.23394244826581	-56.5	19.9375	63	1130	233129273 1.4797493	
2.00031094740288	-56	95.1875	64	1130	233129511 1.7182009	
2.35619449019234	-59.5	134.25	65	1186	233129513 1.7206362	
2.49732072267782	-59.5	34.9375	66	1186	233129515 1.7226844	
2.30710710498	-56	17.0625	67	1130	233129519 1.7250727	
2.16598087249453	-56	126.125	68	1130	233129521 1.7270804	
2.47277703007165	-59.5	87.0625	69	1186	233129522 1.7290592	
5.74322406984384	-60	17.875	70	1186	233129524 1.7306098	
5.44563179699403	-56.5	19.9375	71	1130	233129525 1.7320299	
2.25188379661612	-56	74	72	1130	233129527 1.7333798	
2.62003918570868	-59	-72.375	73	1186	233129528 1.7348055	
2.15984494934298	-56	126.125	74	1130	233129530 1.7362944	
2.38687410595006	-59.5	121.25	75	1186	233129531 1.7378356	
2.33778672073772	-56.5	8.9375	76	1130	233129533 1.7393711	
2.49118479952628	-59.5	39	77	1186	233129534 1.7407008	
5.7370881466923	-60	-8.125	78	1186	233129761 1.9680912	
5.41802014281208	-56.5	21.9375	79	1130	233129763 1.9700741	
2.42368964485931	-59	117.125	80	1186	233129763 1.9708428	
2.20279641140378	-56	65.0625	81	1130	233129764 1.9716323	
2.58322364679942	-58.5	-8.9375	82	1186	233129765 1.972206	
2.1905245651007	-56	117.125	83	1130	233129765 1.9726809	
2.36846633649543	-55.5	-21.9375	84	1130	233129766 1.9730073	
2.39914595225314	-60	126.125	85	1186	233129766 1.973342	
5.4701754896002	-56.5	4.875	86	1130	233129766 1.9736531	
5.76776776245001	-60	-2.8125	87	1186	233129767 1.9740395	
2.4789129532232	-59.5	48	88	1186	233129767 1.9743973	
2.44209741431394	-56	-69.125	89	1130	233129767 1.9747588	
2.60776733940559	-58.5	-91.125	90	1186	233130021 2.2280268	
2.4359614911624	-56	-52.0625	91	1130	233130022 2.2293277	
2.68753434037564	-59.5	-31.6875	92	1186	233130023 2.2300488	
2.18438864194915	-56	74	93	1130	233130024 2.2305473	
5.76469980087424	-60.5	19.125	94	1186	233130024 2.2309419	
5.26769002559929	-56.5	19.125	95	1130	233130024 2.231347	
2.41141779855623	-59.5	191.1875	96	1186	233130025 2.2319665	
2.06780610206984	-56.5	74	97	1130	233130026 2.2325019	
2.1046216409791	-56	43.125	98	1130	233130026 2.2329574	
2.44209741431394	-60	132.625	99	1186	233130026 2.2333281	
2.53413626158708	-59.5	91.9375	100	1186	233130027 2.2341769	
2.21506825770687	-56	-39	101	1130	233130028 2.2345453	
5.69720464620727	-60	17.875	102	1186	233130029 2.2350858	
2.06780610206984	-55.5	48	103	1130	233130029 2.2356403	
2.39914595225314	-58.5	113.0625	104	1186	233130261 2.4680876	
2.28869933552538	-55.5	-91.125	105	1130	233130263 2.4699673	
5.77390368560155	-60.5	4.875	106	1186	233130265 2.4720377	
2.09234979467601	-56.5	28.0625	107	1130	233130273 2.4801531	
2.17825271879761	-56	-13	108	1130	233130276 2.48317	
2.58322364679942	-60.5	13	109	1186	233130278 2.4856369	
2.58322364679942	-60	43.9375	110	1186	233130280 2.4875902	
2.20893233455532	-56.5	-26	111	1130	233130282 2.4891269	
2.16598087249453	-56.5	4.0625	112	1130	233130283 2.4904385	
2.67526249407256	-60.5	-48	113	1186	233130284 2.4915963	
5.47324345117597	-56.5	8.9375	114	1130	233130286 2.4930451	
5.68800076147996	-60.5	25.1875	115	1186	233130287 2.4944052	
2.65071880146639	-60	-56.125	116	1186	233130289 2.4961415	
2.23961195031304	-56	56.125	117	1130	233130290 2.4976949	
2.53413626158708	-58.5	48	118	1186	233130511 2.7179891	
2.23347602716149	-55.5	74	119	1130	233130512 2.7197157	
2.46050518376857	-56	-74	120	1130	233130516 2.7229944	
2.37460225964697	-59.5	95.1875	121	1186	233130518 2.7242067	
5.43949587384248	-56.5	10.9375	122	1130	233130518 2.7248114	
5.6941366846315	-60	24	123	1186	233130519 2.725489	
2.31937895128309	-56	-31.6875	124	1130	233130519 2.7260389	
2.67526249407256	-60	-65.0625	125	1186	233130520 2.7267162	
2.50345664582937	-59.5	69.125	126	1186	233130520 2.7270504	
2.30097118182846	-56.5	30.0625	127	1130	233130520 2.7274114	
2.30097118182846	-59	225.375	128	1186	233130521 2.7279621	
2.41141779855623	-56	-61	129	1130	233130522 2.7288231	
5.73402018511653	-60.5	17.875	130	1186	233130761 2.9684076	
5.48244733590328	-56.5	-1.1875	131	1130	233130764 2.9709848	
2.30710710498	-59.5	156.1875	132	1186	233130766 2.9734856	
2.26415564291921	-56.5	39	133	1130	233130768 2.975279	
2.36846633649543	-60	108.1875	134	1186	233130770 2.9774848	
2.31937895128309	-56	-143.1875	135	1130	233130772 2.978887	
2.25801971976766	-56	-113.0625	136	1130	233130773 2.9798198	
2.5954954931025	-59.5	120.4375	137	1186	233130774 2.9811452	
5.26769002559929	-56.5	17.0625	138	1130	233130774 2.9816887	
5.75549591614693	-60.5	4.875	139	1186	233130776 2.9831119	
1.96963133164516	-56	134.25	140	1130	233130777 2.983956	
2.65071880146639	-59	-69.125	141	1186	233130777 2.9845364	
2.6813984172241	-59	-130.1875	142	1186	233131012 3.218464	
2.04326240946367	-56	13	143	1130	233131014 3.2208937	
2.07394202522139	-56.5	48	144	1130	233131016 3.222741	
2.53413626158708	-59.5	17.0625	145	1186	233131018 3.2247697	
5.45790364329711	-56.5	17.875	146	1130	233131021 3.2272329	
5.80151533978349	-60	-10.125	147	1186	233131023 3.2297803	
2.54640810789016	-59	31.6875	148	1186	233131025 3.2315433	
2.33165079758617	-57	-56.125	149	1130	233131027 3.233497	
2.24574787346458	-59.5	234.3125	150	1186	233131029 3.2356874	
2.20893233455532	-56	-30.0625	151	1130	233131032 3.23867	
2.54027218473862	-59.5	26	152	1186	233131034 3.2403549	
2.28869933552538	-56.5	-74	153	1130	233131035 3.241967	
5.4486997585698	-56.5	15	154	1130	233131037 3.2434561	
5.70947649251036	-60	8.125	155	1186	233131039 3.2451021	
2.22734010400995	-55.5	69.125	156	1130	233131040 3.2462635	
2.57708772364788	-60	-34.9375	157	1186	233131041 3.2474416	
2.17211679564607	-56	108.1875	158	1130	233131261 3.4680038	
2.30710710498	-59.5	221.3125	159	1186	233131262 3.4693874	
2.3500585670408	-59	182.25	160	1186	233131264 3.470764	
2.27029156607075	-56.5	8.9375	161	1130	233131266 3.4732568	
5.44256383541826	-56.5	17.0625	162	1130	233131268 3.4752408	
5.74935999299538	-60.5	-15	163	1186	233131270 3.4766735	
2.66299064776947	-59	-87.0625	164	1186	233131271 3.4780414	
2.12302941043373	-56	126.125	165	1130	233131272 3.4794584	
2.40528187540469	-56.5	-43.125	166	1130	233131274 3.4808162	
2.6384469551633	-59.5	-61	167	1186	233131275 3.4821338	
2.41755372170777	-56	-52.0625	168	1130	233131276 3.4834999	
2.4359614911624	-58.5	52.0625	169	1186	233131284 3.4907598	
5.47324345117597	-56.5	4.0625	170	1130	233131511 3.7178229	
5.70334056935881	-60	8.9375	171	1186	233131515 3.7218128	
2.74889357189107	-59	-83.8125	172	1186	233131518 3.7251977	
2.26415564291921	-56.5	43.125	173	1130	233131522 3.7289545	
2.30097118182846	-56	4.0625	174	1130	233131524 3.7310746	
2.61390326255713	-59.5	-74	175	1186	233131571 3.7773973	
2.66912657092102	-59.5	-52.0625	176	1186	233131574 3.7803806	
2.29483525867692	-56	30.0625	177	1130	233131575 3.7821564	
5.73095222354076	-60	14.1875	178	1186	233131577 3.7841744	
5.44563179699403	-56	14.1875	179	1130	233131579 3.785925	
2.70594210983027	-59	-130.1875	180	1186	233131581 3.7880289	
2.40528187540469	-56.5	-26	181	1130	233131583 3.7897738	
2.44823333746548	-56	-87.0625	182	1130	233131761 3.967821	
2.4359614911624	-59.5	196.0625	183	1186	233131767 3.9736984	
2.17211679564607	-56.5	117.125	184	1130	233131776 3.9830653	
2.54640810789016	-58.5	-26	185	1186	233131787 3.9938109	
5.69720464620727	-60.5	26	186	1186	233131791 3.9982133	
5.24007837141735	-56.5	25.1875	187	1130	233131794 4.0005134	
2.53413626158708	-59	34.9375	188	1186	233131797 4.0039046	
2.11075756413064	-55.5	26	189	1130	233131799 4.0058472	
2.42982556801086	-56	-83.8125	190	1130	233131800 4.0077811	
2.55254403104171	-59	-100.0625	191	1186	233131804 4.0111388	
2.17211679564607	-55.5	134.25	192	1130	233131808 4.0154876	
2.65071880146639	-60.5	-91.125	193	1186	233131811 4.018211	
5.75549591614693	-60.5	2	194	1186	233131814 4.0208146	
5.27075798717506	-56.5	15.8125	195	1130	233131816 4.0229218	
2.31937895128309	-56.5	-113.0625	196	1130	233132021 4.2278322	
2.62003918570868	-59.5	-4.0625	197	1186	233132024 4.2307089	
2.11689348728218	-56	21.9375	198	1130	233132026 4.2330572	
2.60163141625405	-59.5	-56.125	199	1186	233132028 4.2347403	
2.55254403104171	-60	17.0625	200	1186	233132040 4.2469245	
2.25188379661612	-56	-56.125	201	1130	233132056 4.2622943	
5.4486997585698	-56.5	4.875	202	1130	233132059 4.2655536	
5.74935999299538	-60	-10.9375	203	1186	233132063 4.269596	
2.0616701789183	-56.5	69.125	204	1130	233132067 4.2730942	
2.60163141625405	-59	0	205	1186	233132070 4.2769714	
5.67879687675264	-60	48	206	1186	233132074 4.280241	
5.46097160487288	-56.5	4.0625	207	1130	233132075 4.2813741	
2.21506825770687	-56	78.0625	208	1130	233132076 4.2822959	
2.21506825770687	-59	221.3125	209	1186	233132077 4.2832229	
2.38073818279852	-56	-48	210	1130	233132262 4.4685782	
2.66299064776947	-59	-69.125	211	1186	233132267 4.4731481	
2.3500585670408	-59.5	334.4375	212	1186	233132271 4.4776716	
2.1475731030399	-55.5	104.125	213	1130	233132277 4.4839092	
5.43029198911517	-56.5	24	214	1130	233132279 4.4856295	
5.7370881466923	-60	6.0625	215	1186	233132285 4.4914583	
2.47277703007165	-59.5	48	216	1186	233132301 4.5077946	
2.40528187540469	-56	-39	217	1130	233132303 4.5093783	
2.55867995419325	-59	16.25	218	1186	233132304 4.5111329	
2.3930100291016	-56	-39	219	1130	233132306 4.5123805	
2.65071880146639	-59.5	-52.0625	220	1186	233132307 4.513681	
2.45436926061703	-56	-104.125	221	1130	233132309 4.5152839	
5.74629203141961	-60	-4.875	222	1186	233132512 4.7188517	
5.4701754896002	-56	-4.0625	223	1130	233132522 4.7291119	
2.1905245651007	-56	95.1875	224	1130	233132530 4.7371422	
2.65685472461793	-59	-69.125	225	1186	233132533 4.7392059	
2.54640810789016	-59	-43.9375	226	1186	233132534 4.7402959	
2.35619449019234	-56	-8.9375	227	1130	233132534 4.7411996	
2.51572849213245	-59.5	74	228	1186	233132535 4.7421206	
2.44823333746548	-55.5	-95.1875	229	1130	233132536 4.7432829	
5.67572891517687	-60	21.125	230	1186	233132544 4.7510458	
5.49471918220637	-56.5	8.9375	231	1130	233132545 4.7520615	
2.55254403104171	-60	13	232	1186	233132546 4.7530039	
2.25801971976766	-55.5	48	233	1130	233132548 4.7553855	
2.50959256898091	-59.5	13	234	1186	233132550 4.756434	
2.25188379661612	-56.5	100.0625	235	1130	233132551 4.7576874	
2.62003918570868	-60.5	-100.0625	236	1186	233132761 4.9677719	
2.41141779855623	-56.5	-76.4375	237	1130	233132775 4.982131	
2.56174791576902	-60	4.875	238	1186	233132781 4.9882279	
5.43335995069094	-56.5	19.9375	239	1130	233132782 4.9896073	
2.55254403104171	-60	60.1875	240	1186	233132785 4.9912602	
2.35619449019234	-56	-8.9375	241	1130	233132793 4.999314	
2.40528187540469	-59	104.125	242	1186	233132817 5.023453	
2.38687410595006	-56	-13	243	1130	233132822 5.0292638	
2.50345664582937	-59	26	244	1186	233132827 5.0341505	
2.20279641140378	-56	100.0625	245	1130	233132841 5.0486788	
5.73095222354076	-60.5	-4.0625	246	1186	233132845 5.0527973	
2.1260973720095	-56.5	2.8125	247	1130	233132849 5.0560549	
2.21506825770687	-56.5	-78.0625	248	1130	233132864 5.0717438	
2.47277703007165	-58	34.9375	249	1186	233132867 5.0745079	
2.48504887637474	-59.5	21.9375	250	1186	233133011 5.2176823	
2.41141779855623	-56	-26	251	1130	233133012 5.2196114	
2.24574787346458	-56	56.125	252	1130	233133015 5.2215697	
2.68753434037564	-59.5	-48	253	1186	233133017 5.2234908	
5.74935999299538	-60	10.125	254	1186	233133018 5.2246844	
5.46097160487288	-56.5	10.125	255	1130	233133019 5.225981	
2.31937895128309	-56	21.9375	256	1130	233133021 5.2274217	
2.49732072267782	-60	56.125	257	1186	233133022 5.2289155	
2.05553425576676	-56	91.125	258	1130	233133024 5.2301944	
2.62617510886022	-59	0	259	1186	233133025 5.2315297	
2.47277703007165	-59.5	69.125	260	1186	233133026 5.2329715	
2.03712648631213	-56.5	104.125	261	1130	233133028 5.2343526	
5.74935999299538	-60.5	25.1875	262	1186	233133260 5.4676607	
5.26155410244775	-56.5	10.9375	263	1130	233133265 5.4719371	
2.69367026352719	-59	-64.25	264	1186	233133277 5.4841234	
2.25188379661612	-55.5	-82.1875	265	1130	233133280 5.4872279	
2.18438864194915	-56	-52.0625	266	1130	233133291 5.4976364	
2.71207803298181	-60	-113.0625	267	1186	233133303 5.5094504	
2.17825271879761	-55.5	-43.125	268	1130	233133312 5.5182717	
2.64458287831485	-59	-74	269	1186	233133315 5.5225577	
5.6941366846315	-60	32.9375	270	1186	233133318 5.5255445	
5.46403956644865	-56.5	-1.1875	271	1130	233133323 5.5302376	
2.14143717988836	-55.5	121.25	272	1130	233133345 5.5517208	
2.50959256898091	-59.5	61	273	1186	233133350 5.5561803	
2.62003918570868	-59	-34.9375	274	1186	233133351 5.5575567	
2.25188379661612	-56	74	275	1130	233133352 5.5584195	
2.48504887637474	-58.5	65.0625	276	1186	233133511 5.7175853	
2.12302941043373	-56	95.1875	277	1130	233133516 5.7236465	
5.65425318414647	-60	26	278	1186	233133523 5.7297471	
5.43029198911517	-56.5	19.125	279	1130	233133531 5.7374816	
2.57708772364788	-58.5	-26	280	1186	233133531 5.738284	
2.3930100291016	-56	-35.75	281	1130	233133532 5.7389421	
2.13530125673681	-56	0	282	1130	233133539 5.7458798	
2.7243498792849	-60	-48	283	1186	233133544 5.7507457	
2.23347602716149	-56.5	-34.9375	284	1130	233133546 5.753222	
2.58935956995096	-60	-17.0625	285	1186	233133547 5.7545549	
5.4701754896002	-56.5	10.9375	286	1130	233133553 5.7604378	
5.69720464620727	-60.5	2	287	1186	233133555 5.7625224	
2.32551487443463	-55.5	8.9375	288	1130	233133559 5.7655924	
2.55254403104171	-59	-8.9375	289	1186	233133560 5.7668719	
2.50345664582937	-60	8.9375	290	1186	233133761 5.9675853	
2.34392264388926	-56.5	8.9375	291	1130	233133763 5.9696622	
2.23961195031304	-55.5	61	292	1130	233133765 5.97219	
2.62617510886022	-59	24.375	293	1186	233133768 5.9747167	
5.76469980087424	-60.5	-8.125	294	1186	233133770 5.9766688	
5.31370944923586	-56.5	-8.9375	295	1130	233133771 5.978114	
2.27642748922229	-59.5	56.125	296	1186	233133775 5.9818538	
2.01258279370596	-56	95.1875	297	1130	233133776 5.9834649	
2.60776733940559	-59.5	17.0625	298	1186	233133779 5.9865805	
2.0616701789183	-56.5	34.9375	299	1130	233133781 5.9885098	
1.95122356219054	-55.5	113.0625	300	1130	233133788 5.9941818	
2.67526249407256	-59	-100.0625	301	1186	233133797 6.003451	
5.69720464620727	-60	8.9375	302	1186	233134011 6.217285	
5.44563179699403	-56.5	14.1875	303	1130	233134028 6.2347934	
2.5954954931025	-58.5	16.25	304	1186	233134030 6.2372219	
2.47277703007165	-56	-126.125	305	1130	233134034 6.2406786	
5.23394244826581	-56.5	26	306	1130	233134038 6.2452506	
5.77083572402578	-60	6.875	307	1186	233134039 6.246126	
2.24574787346458	-56	-91.125	308	1130	233134040 6.246856	
2.62617510886022	-59	0	309	1186	233134041 6.2475661	
2.24574787346458	-56.5	30.0625	310	1130	233134042 6.2485049	
2.50959256898091	-59.5	26	311	1186	233134042 6.2492332	
2.33778672073772	-56	-20.3125	312	1130	233134043 6.2497174	
2.4789129532232	-60	91.125	313	1186	233134044 6.2504842	
5.77390368560155	-60.5	-24	314	1186	233134261 6.4676314	
5.46403956644865	-56.5	4.875	315	1130	233134266 6.4725632	
2.62003918570868	-60	-69.125	316	1186	233134274 6.4804201	
2.36233041334389	-56	-13	317	1130	233134277 6.4838296	
2.06780610206984	-56	74	318	1130	233134279 6.4855503	
2.52186441528399	-60	61	319	1186	233134291 6.4980162	
2.25188379661612	-55.5	-39	320	1130	233134296 6.5022167	
2.28869933552538	-59	182.25	321	1186	233134300 6.5062481	
5.74935999299538	-60.5	15.8125	322	1186	233134306 6.5128328	
5.47631141275174	-56.5	6.0625	323	1130	233134311 6.5179433	
2.34392264388926	-60	180.625	324	1186	233134317 6.5239313	
2.27029156607075	-55.5	8.9375	325	1130	233134320 6.5267593	
1.94508763903899	-56	126.125	326	1130	233134324 6.5311066	
2.58935956995096	-59	-21.9375	327	1186	233134327 6.5337888	
2.65685472461793	-59.5	-69.125	328	1186	233134511 6.7174085	
2.08007794837293	-56.5	26	329	1130	233134512 6.7188004	
5.74935999299538	-60	6.875	330	1186	233134523 6.7304895	
5.25848614087198	-56.5	8.125	331	1130	233134526 6.7337614	
2.22734010400995	-56	-78.0625	332	1130	233134528 6.7344795	
2.75502949504261	-59	-117.125	333	1186	233134529 6.7360033	
2.30710710498	-56	13	334	1130	233134530 6.7373579	
2.39914595225314	-60	184.6875	335	1186	233134531 6.7385276	
2.4789129532232	-60	104.125	336	1186	233134534 6.7403992	
2.37460225964697	-56.5	0	337	1130	233134535 6.7414061	
5.78924349348041	-60.5	-14.1875	338	1186	233134535 6.7419639	
5.24621429456889	-56.5	15	339	1130	233134536 6.7427607	
2.0187187168575	-56	69.125	340	1130	233134537 6.743796	
2.61390326255713	-59	-13	341	1186	233134538 6.7448206	
2.34392264388926	-56	8.125	342	1130	233134761 6.9674841	
2.6813984172241	-59	-139.125	343	1186	233134763 6.9701854	
2.65685472461793	-59	-13	344	1186	233134765 6.9722613	
2.52800033843554	-56.5	-130.1875	345	1130	233134768 6.9747135	
5.44256383541826	-56.5	17.875	346	1130	233134770 6.9769903	
5.77083572402578	-60.5	4.875	347	1186	233134772 6.9790085	
2.26415564291921	-55.5	30.0625	348	1130	233134774 6.980956	
2.5954954931025	-60	-95.1875	349	1186	233134776 6.9828587	
2.58935956995096	-59.5	48	350	1186	233134778 6.9848296	
2.12916533358527	-55.5	-26	351	1130	233134780 6.9866034	
2.38073818279852	-60	139.125	352	1186	233134782 6.9884874	
2.08621387152447	-56	26	353	1130	233134783 6.9897476	
5.47937937432751	-56.5	6.0625	354	1130	233135010 7.2174029	
5.74629203141961	-60.5	2.8125	355	1186	233135014 7.2209073	
2.36846633649543	-56	-43.125	356	1130	233135018 7.2252665	
2.29483525867692	-59	212.375	357	1186	233135038 7.2451845	
2.66299064776947	-59.5	-82.1875	358	1186	233135040 7.2474213	
2.25801971976766	-56	4.0625	359	1130	233135042 7.249462	
2.3930100291016	-56.5	-52.0625	360	1130	233135045 7.2519113	
2.78570911080032	-59	-160.3125	361	1186	233135046 7.2535346	
5.76163183929847	-60.5	-4.875	362	1186	233135048 7.2551366	
5.405748296509	-56.5	27.25	363	1130	233135050 7.2569885	
2.42368964485931	-60.5	139.9375	364	1186	233135052 7.2588833	
2.20893233455532	-56	56.125	365	1130	233135053 7.2604303	
2.53413626158708	-59	69.125	366	1186	233135055 7.2623631	
2.12302941043373	-56.5	4.0625	367	1130	233135057 7.2643268	
2.07394202522139	-55.5	48	368	1130	233135260 7.4673613	
2.6384469551633	-60.5	-87.0625	369	1186	233135261 7.4682908	
5.26155410244775	-56.5	8.125	370	1130	233135262 7.4693019	
5.77083572402578	-60.5	6.0625	371	1186	233135265 7.4718763	
2.58935956995096	-60	17.0625	372	1186	233135266 7.473225	
2.15984494934298	-55.5	-65.0625	373	1130	233135267 7.4745212	
2.25801971976766	-56	43.125	374	1130	233135270 7.4774969	
2.68753434037564	-59	-82.1875	375	1186	233135275 7.4819724	
2.36233041334389	-59	169.25	376	1186	233135279 7.486633	
2.39914595225314	-56	-52.0625	377	1130	233135281 7.4883157	
5.74015610826807	-60.5	2	378	1186	233135295 7.5021536	
5.28302983347815	-56.5	10.9375	379	1130	233135298 7.5050974	
2.48504887637474	-59	104.125	380	1186	233135303 7.5098707	
2.0187187168575	-56	48	381	1130	233135307 7.5139727	
2.60163141625405	-60.5	-65.0625	382	1186	233135511 7.7173748	
2.03712648631213	-56	39	383	1130	233135512 7.7183043	
2.55867995419325	-58.5	48	384	1186	233135514 7.7208902	
2.25801971976766	-56.5	-82.1875	385	1130	233135516 7.7232281	
5.45176772014557	-56.5	21.9375	386	1130	233135520 7.7275248	
5.72788426196498	-60.5	15.8125	387	1186	233135522 7.7288499	
2.62617510886022	-59.5	-78.0625	388	1186	233135530 7.7375816	
2.38687410595006	-57	-39	389	1130	233135536 7.7434532	
2.18438864194915	-56	-17.0625	390	1130	233135538 7.7449215	
2.64458287831485	-60	-12.1875	391	1186	233135540 7.7468741	
2.11075756413064	-56	8.9375	392	1130	233135542 7.7485823	
2.76116541819415	-60	-100.0625	393	1186	233135544 7.7503699	
5.44563179699403	-56.5	10.125	394	1130	233135761 7.9675853	
5.73095222354076	-60.5	17.875	395	1186	233135764 7.9705125	
2.36233041334389	-56.5	-13	396	1130	233135767 7.9738842	
2.36233041334389	-60	108.1875	397	1186	233135768 7.9754133	
2.50959256898091	-59	60.1875	398	1186	233135769 7.9761499	
2.42982556801086	-56	-78.0625	399	1130	233135770 7.9768959	
2.38687410595006	-56	-39	400	1130	233135771 7.9775809	
2.66912657092102	-60	-74	401	1186	233135771 7.9783113	
5.26769002559929	-56.5	-2	402	1130	233135772 7.9791488	
5.76776776245001	-60.5	24	403	1186	233135773 7.9800098	
2.31324302813155	-56	-8.9375	404	1130	233135774 7.980892	
2.25188379661612	-59	243.3125	405	1186	233135775 7.9816498	
5.48858325905482	-56.5	-4.875	406	1130	233136011 8.2173867	
5.70334056935881	-60.5	8.9375	407	1186	233136015 8.221409	
2.36233041334389	-56	-39	408	1130	233136018 8.2245074	
2.46050518376857	-59	65.0625	409	1186	233136022 8.2283307	
2.46664110692011	-60	95.1875	410	1186	233136026 8.2327183	
2.3930100291016	-56	-65.0625	411	1130	233136038 8.2443388	
2.4359614911624	-56	-61	412	1130	233136076 8.2826749	
2.31937895128309	-59	178.1875	413	1186	233136079 8.28533	
5.24314633299312	-56.5	15	414	1130	233136081 8.2872664	
5.76776776245001	-60.5	19.9375	415	1186	233136082 8.2892266	
2.60776733940559	-60	-43.125	416	1186	233136084 8.290508	
2.09234979467601	-56	43.125	417	1130	233136085 8.2914324	
2.42368964485931	-59.5	91.125	418	1186	233136085 8.2922153	
2.16598087249453	-56.5	134.25	419	1130	233136086 8.2931251	
2.62003918570868	-59	-82.1875	420	1186	233136261 8.467225	
2.28869933552538	-56	30.0625	421	1130	233136266 8.4728044	
5.25541817929621	-56.5	25.1875	422	1130	233136289 8.4956269	
5.74629203141961	-60.5	15.8125	423	1186	233136291 8.4982145	
2.55867995419325	-59.5	74	424	1186	233136293 8.5000797	
2.09848571782756	-55.5	39	425	1130	233136296 8.5024749	
2.32551487443463	-56.5	0	426	1130	233136298 8.5054361	
2.54027218473862	-59.5	30.0625	427	1186	233136299 8.5068156	
2.66299064776947	-59	-124.5	428	1186	233136301 8.5088114	
2.39914595225314	-56.5	-65.0625	429	1130	233136303 8.5106721	
5.75242795457115	-60.5	-1.1875	430	1186	233136304 8.5117098	
5.28302983347815	-56.5	8.125	431	1130	233136305 8.5126782	
2.25188379661612	-56	-21.9375	432	1130	233136306 8.5134247	
2.6384469551633	-60	-34.9375	433	1186	233136307 8.5141945	
2.69367026352719	-60	-34.9375	434	1186	233136510 8.7172613	
2.03099056316059	-56.5	108.1875	435	1130	233136512 8.7193411	
2.23347602716149	-55.5	-48	436	1130	233136514 8.7217614	
2.47277703007165	-59.5	68.3125	437	1186	233136516 8.7230294	
5.72481630038921	-60.5	2.8125	438	1186	233136517 8.7245039	
5.22780652511427	-56.5	24	439	1130	233136519 8.7256667	
2.5954954931025	-59.5	104.125	440	1186	233136521 8.7276006	
2.20893233455532	-56	-39	441	1130	233136522 8.7287366	
2.4359614911624	-56.5	-56.125	442	1130	233136523 8.7299877	
2.7673013413457	-59	-135.875	443	1186	233136524 8.7307533	
2.4359614911624	-56	-65.0625	444	1130	233136525 8.731783	
2.54640810789016	-59.5	34.9375	445	1186	233136526 8.7326576	
5.69720464620727	-60	10.125	446	1186	233136760 8.9671551	
5.44563179699403	-56.5	17.0625	447	1130	233136795 9.0020461	
2.67526249407256	-59	-156.1875	448	1186	233136801 9.0075489	
2.37460225964697	-56.5	-39	449	1130	233136804 9.0109227	
2.50959256898091	-59	65.0625	450	1186	233136807 9.0136254	
2.38687410595006	-56	-39	451	1130	233136809 9.0163546	
2.23961195031304	-56.5	61	452	1130	233136813 9.0203431	
2.69367026352719	-59	-96	453	1186	233136820 9.0275354	
5.76469980087424	-60.5	21.9375	454	1186	233136822 9.0295097	
5.30450556450855	-56.5	-2.8125	455	1130	233136831 9.0377547	
2.31324302813155	-56	-126.125	456	1130	233136837 9.0443346	
5.81071922451081	-61	-1.1875	457	1186	233136843 9.0501261	
2.25188379661612	-56	-61	458	1130	233136846 9.0534171	
2.64458287831485	-60	-48	459	1186	233136850 9.0567058	
2.20893233455532	-56	-43.125	460	1130	233137010 9.2171461	
2.38073818279852	-59	178.1875	461	1186	233137014 9.221024	
2.31937895128309	-56.5	4.875	462	1130	233137016 9.222744	
5.74629203141961	-60	4.0625	463	1186	233137017 9.2243231	
2.44823333746548	-59	182.25	464	1186	233137021 9.2277694	
2.07394202522139	-55.5	156.1875	465	1130	233137023 9.2302617	
2.50959256898091	-60	17.0625	466	1186	233137025 9.2324385	
2.36846633649543	-56.5	-34.9375	467	1130	233137026 9.2336001	
2.16598087249453	-56	78.0625	468	1130	233137027 9.2344571	
2.54640810789016	-59	34.9375	469	1186	233137028 9.2354784	
5.298369641357	-56.5	-6.0625	470	1130	233137030 9.2370793	
5.76469980087424	-60.5	-2.8125	471	1186	233137032 9.2392955	
2.08621387152447	-56	16.25	472	1130	233137034 9.2416346	
2.40528187540469	-60	148.0625	473	1186	233137037 9.2438909	
2.19666048825224	-56.5	-4.0625	474	1130	233137260 9.4670958	
2.4359614911624	-60.5	100.0625	475	1186	233137266 9.4723356	
2.11689348728218	-56	4.0625	476	1130	233137267 9.4741857	
2.6384469551633	-59	39	477	1186	233137269 9.4757353	
5.77697164717732	-60.5	-8.125	478	1186	233137271 9.4774161	
2.13223329516104	-56.5	8.9375	479	1130	233137273 9.479505	
2.57708772364788	-59.5	8.9375	480	1186	233137276 9.4824179	
2.11689348728218	-56	21.9375	481	1130	233137279 9.4854306	
2.57708772364788	-60.5	-13	482	1186	233137281 9.4877695	
2.36233041334389	-56	-17.0625	483	1130	233137283 9.489372	
2.38073818279852	-56	-8.9375	484	1130	233137284 9.4910365	
2.48504887637474	-59	91.125	485	1186	233137286 9.4928509	
5.71868037723767	-60	8.125	486	1186	233137510 9.7176539	
5.44563179699403	-56.5	10.125	487	1130	233137512 9.719256	
2.31937895128309	-56.5	-13	488	1130	233137514 9.7207947	
2.47277703007165	-59.5	91.125	489	1186	233137515 9.7227367	
2.3930100291016	-56	-35.75	490	1130	233137518 9.7249137	
2.66912657092102	-59.5	-69.125	491	1186	233137520 9.7266101	
2.54027218473862	-59.5	87.0625	492	1186	233137522 9.728477	
2.40528187540469	-56	-21.9375	493	1130	233137524 9.730305	
5.7370881466923	-60.5	19.9375	494	1186	233137526 9.7324997	
5.27382594875083	-56.5	10.125	495	1130	233137528 9.7344493	
2.19666048825224	-56.5	-26	496	1130	233137530 9.7362315	
2.63231103201176	-60.5	-69.125	497	1186	233137531 9.7378616	
2.17825271879761	-56	108.1875	498	1130	233137760 9.9670145	
2.45436926061703	-60	156.1875	499	1186	233137768 9.9750093	
2.60776733940559	-60	-26	500	1186	233137789 9.9959887	
2.44823333746548	-56	-87.0625	501	1130	233137794 10.0003515	
5.74935999299538	-60.5	24	502	1186	233137797 10.0034294	
5.24314633299312	-56.5	19.125	503	1130	233137800 10.0069706	
2.16598087249453	-56.5	-21.9375	504	1130	233137804 10.0103645	
2.71821395613336	-59	-56.125	505	1186	233137809 10.0152796	
5.75242795457115	-60.5	1.1875	506	1186	233137812 10.0185401	
5.45790364329711	-56.5	17.0625	507	1130	233137814 10.0209919	
2.38073818279852	-55.5	-48	508	1130	233137816 10.0225821	
2.52800033843554	-59	4.0625	509	1186	233137818 10.0246248	
2.02485464000905	-56.5	87.0625	510	1130	233137820 10.0267331	
2.25188379661612	-59.5	217.25	511	1186	233137821 10.0282462	
2.46664110692011	-59.5	82.1875	512	1186	233138010 10.2170028	
2.15984494934298	-55.5	8.9375	513	1130	233138014 10.2205424	
5.74935999299538	-60.5	15.8125	514	1186	233138021 10.2288281	
5.28916575662969	-56.5	10.125	515	1130	233138035 10.2426198	
2.22734010400995	-60	304.3125	516	1186	233138041 10.2485448	
2.00031094740288	-56	91.125	517	1130	233138043 10.2503619	
2.6384469551633	-60	-21.9375	518	1186	233138044 10.2516546	
2.33165079758617	-56	21.9375	519	1130	233138046 10.2531347	
2.26415564291921	-56	30.0625	520	1130	233138047 10.2542421	
2.77343726449724	-59	-165.1875	521	1186	233138048 10.2553813	
5.27075798717506	-56.5	17.0625	522	1130	233138049 10.2563139	
5.74935999299538	-60.5	2	523	1186	233138050 10.2574782	
2.66912657092102	-59	48	524	1186	233138051 10.258245	
2.24574787346458	-56	-52.0625	525	1130	233138051 10.2586437	
2.23961195031304	-56	221.3125	526	1130	233138260 10.4670104	
2.44823333746548	-59	104.125	527	1186	233138282 10.4886059	
2.36233041334389	-56.5	39	528	1130	233138284 10.4908683	
2.41755372170777	-59.5	113.0625	529	1186	233138286 10.4933971	
5.76469980087424	-60.5	10.9375	530	1186	233138288 10.4953472	
5.45483568172134	-56.5	6.0625	531	1130	233138290 10.497148	
2.25801971976766	-56	8.9375	532	1130	233138292 10.4989271	
2.55254403104171	-59.5	72.375	533	1186	233138294 10.5005181	
2.66299064776947	-59	-72.375	534	1186	233138295 10.5018354	
2.12302941043373	-56	104.125	535	1130	233138296 10.5028316	
2.50959256898091	-59.5	69.125	536	1186	233138297 10.5041477	
2.3500585670408	-56	-21.9375	537	1130	233138299 10.505593	
5.79537941663195	-60	-26	538	1186	233138510 10.7172917	
5.43335995069094	-56.5	21.125	539	1130	233138517 10.7232621	
2.39914595225314	-56	-34.9375	540	1130	233138527 10.7343609	
2.55867995419325	-59.5	64.25	541	1186	233138530 10.7374144	
2.63231103201176	-60	-65.0625	542	1186	233138531 10.7381028	
2.18438864194915	-56.5	-34.9375	543	1130	233138532 10.7394138	
2.5954954931025	-59.5	21.9375	544	1186	233138533 10.7406258	
2.04326240946367	-55.5	87.0625	545	1130	233138535 10.7422763	
2.6169712241329	-60.5	2.8125	546	1186	233138538 10.7440456	
5.26769002559929	-56.5	15.8125	547	1130	233138538 10.7448665	
2.66912657092102	-59	-56.125	548	1186	233138539 10.7459506	
1.95122356219054	-55.5	121.25	549	1130	233138540 10.7475502	
2.64458287831485	-60	-56.125	550	1186	233138541 10.7485605	
2.27642748922229	-56	-78.0625	551	1130	233138544 10.750095	
2.02485464000905	-56	82.1875	552	1130	233138760 10.9668904	
2.73048580243644	-59	-87.0625	553	1186	233138766 10.9734772	
5.29530167978123	-56.5	-2.8125	554	1130	233138774 10.9816098	
5.78617553190464	-60.5	-14.1875	555	1186	233138779 10.9860745	
2.15370902619144	-56	-17.0625	556	1130	233138782 10.9880643	
2.51572849213245	-60.5	104.125	557	1186	233138782 10.9888387	
2.75502949504261	-59.5	-83.8125	558	1186	233138783 10.989679	
2.23347602716149	-56	96	559	1130	233138784 10.9906853	
2.36233041334389	-59	100.0625	560	1186	233138784 10.9918999	
2.11689348728218	-56.5	152.125	561	1130	233138787 10.9933734	
5.43642791226671	-56.5	17.875	562	1130	233138788 10.9946727	
5.72174833881344	-60.5	8.125	563	1186	233138788 10.9955471	
2.16598087249453	-56	156.1875	564	1130	233138794 11.0013679	
2.60163141625405	-60	0	565	1186	233138804 11.0113524	
2.00031094740288	-56	100.0625	566	1130	233139010 11.2168566	
2.44823333746548	-59	130.1875	567	1186	233139015 11.221399	
2.1475731030399	-56	4.0625	568	1130	233139018 11.2248658	
2.44823333746548	-59.5	156.1875	569	1186	233139020 11.2266342	
5.27075798717506	-56.5	1.1875	570	1130	233139021 11.228423	
2.61390326255713	-60.5	-13	571	1186	233139023 11.2297348	
2.40528187540469	-59	126.125	572	1186	233139024 11.2310173	
2.28256341237383	-56	-108.1875	573	1130	233139025 11.2323455	
2.57095180049633	-60	30.0625	574	1186	233139027 11.2337996	
1.97576725479671	-56	143.1875	575	1130	233139028 11.2348393	
1.98190317794825	-56	104.125	576	1130	233139028 11.2353069	
2.47277703007165	-60	95.1875	577	1186	233139029 11.2357051	
5.27075798717506	-56.5	17.875	578	1130	233139260 11.4673097	
5.75242795457115	-60.5	19.9375	579	1186	233139265 11.4727024	
2.65685472461793	-59.5	-26	580	1186	233139271 11.4780427	
2.17211679564607	-56.5	-30.0625	581	1130	233139279 11.4853584	
2.29483525867692	-56.5	4.0625	582	1130	233139279 11.4865144	
2.62617510886022	-59	-56.125	583	1186	233139293 11.5001497	
2.50345664582937	-59	104.125	584	1186	233139312 11.5191739	
2.20893233455532	-56.5	56.125	585	1130	233139314 11.5212307	
5.76776776245001	-60	-15	586	1186	233139317 11.5242249	
5.45790364329711	-56.5	2	587	1130	233139320 11.5277497	
2.73662172558798	-58.5	-100.0625	588	1186	233139323 11.5291451	
2.36846633649543	-56	-43.125	589	1130	233139326 11.5326299	
2.35619449019234	-60	178.1875	590	1186	233139510 11.716896	
2.36846633649543	-56	-21.9375	591	1130	233139513 11.7205926	
2.4359614911624	-56	-48	592	1130	233139516 11.7235267	
2.47277703007165	-60	76.4375	593	1186	233139518 11.7248806	
5.74629203141961	-60	6.875	594	1186	233139519 11.7265847	
5.46403956644865	-56.5	0	595	1130	233139522 11.7283484	
2.36233041334389	-56	-24.375	596	1130	233139523 11.7299241	
2.64458287831485	-59.5	-39	597	1186	233139524 11.730649	
2.28869933552538	-56.5	30.0625	598	1130	233139525 11.7315716	
2.31937895128309	-58.5	238.4375	599	1186	233139526 11.7324663	
2.23347602716149	-56	43.125	600	1130	233139527 11.733564	
2.66912657092102	-59	-139.125	601	1186	233139529 11.7358793	
5.73095222354076	-60.5	25.1875	602	1186	233139531 11.737659	
2.27642748922229	-56.5	26	603	1130	233139533 11.7399554	
2.50345664582937	-60	69.125	604	1186	233139760 11.9666364	
2.00644687055442	-55.5	100.0625	605	1130	233139762 11.9687324	
5.44563179699403	-56.5	13	606	1130	233139763 11.9701803	
5.80151533978349	-60.5	-6.0625	607	1186	233139765 11.9718462	
2.46664110692011	-59	148.0625	608	1186	233139766 11.9732943	
2.39914595225314	-56.5	-76.4375	609	1130	233139768 11.9746434	
2.27642748922229	-56	4.0625	610	1130	233139769 11.9760421	
2.6813984172241	-59.5	-52.0625	611	1186	233139770 11.9765191	
2.19666048825224	-56	65.0625	612	1130	233139771 11.9773516	
2.4359614911624	-60.5	69.125	613	1186	233139772 11.9786364	
5.74935999299538	-60.5	24	614	1186	233139773 11.9795802	
5.25541817929621	-56.5	21.9375	615	1130	233139774 11.9807183	
2.7243498792849	-59.5	-43.125	616	1186	233139775 11.9817709	
2.24574787346458	-56	-95.1875	617	1130	233139775 11.9822849	
2.65685472461793	-60	-39.875	618	1186	233140010 12.2166774	
2.1905245651007	-56.5	65.0625	619	1130	233140030 12.2374551	
2.44823333746548	-59.5	-61	620	1186	233140033 12.2399532	
2.4359614911624	-56	-108.1875	621	1130	233140034 12.2408601	
5.76776776245001	-60	-4.0625	622	1186	233140034 12.2417987	
5.45483568172134	-56.5	4.0625	623	1130	233140036 12.2426663	
2.61390326255713	-55.5	-225.375	624	1130	233140037 12.2435558	
2.46050518376857	-60	28.4375	625	1186	233140037 12.2441851	
2.22120418085841	-56	100.0625	626	1130	233140039 12.2455097	
5.74935999299538	-60.5	4.6875	627	1186	233140040 12.246933	
2.56481587734479	-59.5	13	628	1186	233140042 12.2483018	
2.44823333746548	-55.5	-68.3125	629	1130	233140043 12.2498878	
2.58629160837519	-60.5	2	630	1186	233140260 12.4668096	
5.46403956644865	-56.5	6.875	631	1130	233140264 12.4707153	
2.42368964485931	-56.5	-65.0625	632	1130	233140268 12.4747827	
2.45436926061703	-60	69.125	633	1186	233140279 12.4859218	
2.69367026352719	-59.5	-17.0625	634	1186	233140294 12.5006908	
1.95735948534208	-56	130.1875	635	1130	233140297 12.5036976	
2.17211679564607	-56.5	-17.0625	636	1130	233140297 12.5043429	
2.65071880146639	-60	8.9375	637	1186	233140300 12.5071548	
2.13223329516104	-56.5	8.9375	638	1130	233140301 12.5080093	
5.77697164717732	-60.5	2.8125	639	1186	233140302 12.5089644	
2.57095180049633	-59.5	-4.0625	640	1186	233140303 12.5099987	
2.00031094740288	-56	173.3125	641	1130	233140304 12.5109846	
2.28869933552538	-56	17.0625	642	1130	233140510 12.716758	
2.41141779855623	-59	95.1875	643	1186	233140516 12.7223674	
2.36846633649543	-56	-17.0625	644	1130	233140520 12.7272888	
2.68753434037564	-59	-74	645	1186	233140527 12.7345037	
5.70947649251036	-60.5	37	646	1186	233140529 12.7362756	
5.4916512206306	-56.5	0	647	1130	233140530 12.7375379	
2.40528187540469	-56.5	-48	648	1130	233140532 12.7394148	
2.70594210983027	-59.5	-48	649	1186	233140543 12.7503096	
2.40528187540469	-56	-17.0625	650	1130	233140547 12.7541704	
2.6813984172241	-59.5	-78.0625	651	1186	233140551 12.7570956	
2.27642748922229	-56	8.9375	652	1130	233140559 12.7653424	
2.37460225964697	-59.5	160.3125	653	1186	233140562 12.7689876	
2.64151491673907	-60.5	6.875	654	1186	233140564 12.7718048	
5.27075798717506	-56.5	15.8125	655	1130	233140566 12.7737043	
2.66299064776947	-59	-28.4375	656	1186	233140760 12.9668269	
2.09848571782756	-55.5	-8.9375	657	1130	233140763 12.9698896	
2.07394202522139	-56	56.125	658	1130	233140765 12.9723354	
2.65685472461793	-59.5	-91.125	659	1186	233140767 12.9745773	
2.03712648631213	-55.5	82.1875	660	1130	233140769 12.9764638	
2.77957318764878	-60	-165.1875	661	1186	233140772 12.9781316	
5.47937937432751	-56.5	10.125	662	1130	233140773 12.9795323	
5.76776776245001	-60.5	-10.125	663	1186	233140774 12.9810292	
2.25801971976766	-56.5	39	664	1130	233140776 12.9827084	
2.24574787346458	-59	225.375	665	1186	233140777 12.9839812	
2.62003918570868	-60	-34.9375	666	1186	233140779 12.9854123	
2.1475731030399	-56	8.125	667	1130	233140780 12.9870045	
2.4359614911624	-59.5	282.375	668	1186	233140782 12.9885448	
1.99417502425133	-56.5	56.125	669	1130	233140783 12.9892166	
5.79231145505618	-60.5	-21.125	670	1186	233141009 13.2165133	
5.4701754896002	-56.5	8.125	671	1130	233141011 13.2183521	
2.11689348728218	-56	152.125	672	1130	233141015 13.2225297	
2.31324302813155	-59	208.3125	673	1186	233141023 13.2306888	
2.69367026352719	-59	-76.4375	674	1186	233141026 13.2322566	
1.98803910109979	-56	104.125	675	1130	233141026 13.2329863	
2.6813984172241	-60.5	-52.0625	676	1186	233141027 13.2339337	
2.15370902619144	-56.5	-8.9375	677	1130	233141029 13.2353833	
5.79844737820772	-60.5	-21.125	678	1186	233141030 13.2369384	
5.25848614087198	-56.5	14.1875	679	1130	233141036 13.2425528	
2.12302941043373	-56.5	39	680	1130	233141038 13.2447007	
2.46050518376857	-59	108.1875	681	1186	233141051 13.258732	
2.63231103201176	-59	-172.5	682	1186	233141259 13.4663177	
2.37460225964697	-56.5	-30.0625	683	1130	233141262 13.469256	
2.65685472461793	-59.5	-76.4375	684	1186	233141264 13.471539	
2.4359614911624	-56.5	-100.0625	685	1130	233141273 13.4802916	
5.74935999299538	-60.5	15.8125	686	1186	233141281 13.488237	
5.28302983347815	-56.5	4.875	687	1130	233141288 13.4953823	
2.02485464000905	-56	87.0625	688	1130	233141296 13.5031216	
2.66299064776947	-60	-48	689	1186	233141303 13.5105935	
2.49732072267782	-59.5	68.3125	690	1186	233141306 13.5130906	
2.30710710498	-55.5	-13	691	1130	233141312 13.5192792	
2.44823333746548	-58.5	30.0625	692	1186	233141318 13.5250721	
2.41141779855623	-56.5	-74	693	1130	233141320 13.5274377	
5.6941366846315	-60.5	15.8125	694	1186	233141329 13.5362202	
5.45483568172134	-56.5	17.0625	695	1130	233141348 13.5540134	
2.64458287831485	-59.5	39	696	1186	233141509 13.7162942	
2.1905245651007	-56	113.0625	697	1130	233141511 13.7178183	
2.31324302813155	-56.5	34.9375	698	1130	233141513 13.7197727	
2.35619449019234	-59.5	148.0625	699	1186	233141515 13.7210678	
2.50959256898091	-59.5	80.5625	700	1186	233141515 13.7217293	
2.36846633649543	-56	0	701	1130	233141516 13.7225638	
2.11996144885796	-56.5	8.9375	702	1130	233141517 13.7236436	
2.7243498792849	-59.5	-113.0625	703	1186	233141518 13.7244615	
2.61390326255713	-59.5	-4.0625	704	1186	233141518 13.7251587	
2.16598087249453	-56	-21.9375	705	1130	233141519 13.7255642	
5.46710752802443	-56.5	6.0625	706	1130	233141519 13.7259562	
5.73095222354076	-60.5	0	707	1186	233141520 13.7264189	
2.42368964485931	-56.5	-100.0625	708	1130	233141520 13.7267649	
2.26415564291921	-59.5	238.4375	709	1186	233141520 13.7271801	
5.46097160487288	-57	0	710	1130	233141759 13.9668212	
2.62617510886022	-61	0.4375	711	1186	233141761 13.9688129	
2.21506825770687	-56.5	78.0625	712	1130	233141764 13.9716488	
2.69980618667873	-60	-82.1875	713	1186	233141767 13.9740886	
5.24621429456889	-56.5	17.875	714	1130	233141768 13.9757618	
5.7370881466923	-60.5	19.9375	715	1186	233141770 13.9772815	
5.78310757032887	-60.5	12.1875	716	1186	233141771 13.9786574	
2.10768960255487	-56.5	15.8125	717	1130	233141773 13.9798839	
2.78570911080032	-59.5	-156.1875	718	1186	233141773 13.9802282	
2.27642748922229	-56	52.0625	719	1130	233141774 13.9814123	
2.45436926061703	-60	134.25	720	1186	233141776 13.9830163	
2.41755372170777	-56	-91.125	721	1130	233141778 13.9847676	
2.60163141625405	-60.5	4.0625	722	1186	233142009 14.2163292	
5.28916575662969	-56.5	-1.1875	723	1130	233142014 14.2207336	
2.04939833261522	-56.5	56.125	724	1130	233142019 14.2262418	
2.69980618667873	-60	-61	725	1186	233142022 14.2288449	
2.58935956995096	-59.5	78.0625	726	1186	233142023 14.2309992	
2.3930100291016	-56	-26	727	1130	233142030 14.2363206	
2.29483525867692	-57	26	728	1130	233142036 14.2423314	
2.60163141625405	-59	8.9375	729	1186	233142040 14.2469903	
5.43949587384248	-56.5	17.875	730	1130	233142044 14.2506869	
5.73402018511653	-60.5	17.0625	731	1186	233142046 14.2523865	
2.42982556801086	-57	-108.1875	732	1130	233142053 14.2592096	
2.52186441528399	-59.5	30.0625	733	1186	233142054 14.2609928	
2.41755372170777	-59.5	143.1875	734	1186	233142260 14.466395	
2.4359614911624	-56	-65.0625	735	1130	233142264 14.4705129	
2.34392264388926	-56.5	-21.9375	736	1130	233142277 14.4835536	
2.35619449019234	-59	204.25	737	1186	233142296 14.5025779	
5.7800396087531	-60.5	6.0625	738	1186	233142307 14.5142154	
2.13836921831258	-56.5	10.9375	739	1130	233142310 14.5173842	
1.97576725479671	-56	87.0625	740	1130	233142312 14.5192552	
2.55254403104171	-59	21.9375	741	1186	233142314 14.5212065	
2.73048580243644	-59	-82.1875	742	1186	233142317 14.5241501	
2.40528187540469	-56	-65.0625	743	1130	233142319 14.5256189	
2.34392264388926	-56.5	-21.9375	744	1130	233142321 14.5274991	
2.53413626158708	-60	61	745	1186	233142322 14.5286677	
5.7370881466923	-60.5	27.25	746	1186	233142323 14.5299708	
5.28302983347815	-56.5	6.875	747	1130	233142324 14.5313485	
2.0616701789183	-56	56.125	748	1130	233142510 14.7163539	
2.62617510886022	-59	-13	749	1186	233142512 14.7181179	
2.44209741431394	-60	143.1875	750	1186	233142516 14.7224682	
2.36233041334389	-56.5	-34.9375	751	1130	233142517 14.7240811	
2.38687410595006	-56	-52.0625	752	1130	233142519 14.7256086	
2.57095180049633	-58.5	8.9375	753	1186	233142520 14.7267217	
2.12302941043373	-56.5	6.875	754	1130	233142522 14.7283629	
5.75549591614693	-60.5	-2	755	1186	233142523 14.729235	
2.58322364679942	-59.5	8.9375	756	1186	233142524 14.7302694	
2.18438864194915	-56	-43.125	757	1130	233142524 14.7310107	
2.46664110692011	-59.5	108.1875	758	1186	233142525 14.7315991	
1.81009732970506	-56	273.375	759	1130	233142525 14.732232	
2.24574787346458	-56	-74	760	1130	233142526 14.7328135	
2.49732072267782	-59	108.1875	761	1186	233142526 14.733406	
5.27689391032661	-56.5	-1.1875	762	1130	233142760 14.9661717	
5.77390368560155	-60.5	-4.0625	763	1186	233142763 14.9692926	
2.04326240946367	-56	61	764	1130	233142768 14.9746387	
2.46050518376857	-60	152.125	765	1186	233142773 14.9798675	
2.30097118182846	-56	-91.125	766	1130	233142776 14.9830257	
2.66299064776947	-59.5	-43.125	767	1186	233142780 14.9861503	
2.23347602716149	-56	-82.1875	768	1130	233142784 14.990583	
2.71821395613336	-59.5	-69.125	769	1186	233142790 14.9964862	
5.73402018511653	-60.5	4.875	770	1186	233142796 15.0031304	
5.39347645020591	-56.5	23.1875	771	1130	233142800 15.0068664	
2.62617510886022	-60.5	-39	772	1186	233142804 15.0104343	
2.34392264388926	-56.5	-4.0625	773	1130	233142806 15.0128123	
2.69367026352719	-59	-100.0625	774	1186	233143009 15.2162364	
2.44823333746548	-55.5	-69.125	775	1130	233143014 15.2213963	
2.33778672073772	-56	-4.0625	776	1130	233143017 15.2240914	
2.38687410595006	-59.5	117.125	777	1186	233143018 15.2256752	
5.74629203141961	-60.5	-4.875	778	1186	233143021 15.2277271	
2.10155367940333	-56.5	19.9375	779	1130	233143022 15.2294997	
2.73048580243644	-59	-65.0625	780	1186	233143024 15.2306832	
2.00031094740288	-56	117.125	781	1130	233143024 15.2313293	
2.57708772364788	-60	0	782	1186	233143025 15.2320104	
2.38687410595006	-56	-34.9375	783	1130	233143026 15.2325719	
2.53413626158708	-59.5	21.9375	784	1186	233143026 15.233122	
2.35619449019234	-56.5	-17.0625	785	1130	233143027 15.233767	
5.78617553190464	-60.5	4.875	786	1186	233143028 15.2348367	
5.28302983347815	-56.5	6.0625	787	1130	233143029 15.2361167	
2.25801971976766	-56	-83.8125	788	1130	233143259 15.4664698	
2.71207803298181	-60.5	-128.5625	789	1186	233143261 15.4682463	
2.54640810789016	-60	143.1875	790	1186	233143262 15.4694009	
1.94508763903899	-56	130.1875	791	1130	233143264 15.4710473	
2.67526249407256	-60	-100.0625	792	1186	233143265 15.4722158	
2.00031094740288	-55.5	91.125	793	1130	233143267 15.4734974	
5.7370881466923	-60.5	2.8125	794	1186	233143268 15.4750664	
5.39654441178169	-56.5	32.9375	795	1130	233143269 15.4760901	
2.60163141625405	-60	21.9375	796	1186	233143271 15.4774805	
2.3500585670408	-56	4.0625	797	1130	233143272 15.4785922	
2.29483525867692	-56.5	26	798	1130	233143273 15.4795587	
2.52186441528399	-59.5	8.9375	799	1186	233143274 15.480783	
2.09234979467601	-55.5	121.25	800	1130	233143275 15.4819537	
2.41755372170777	-59.5	173.3125	801	1186	233143276 15.4834293	
2.62310714728445	-60.5	-2	802	1186	233143509 15.7165444	
2.02485464000905	-56	48	803	1130	233143514 15.7213617	
2.23347602716149	-59.5	251.4375	804	1186	233143525 15.7309873	
2.04326240946367	-56	87.0625	805	1130	233143527 15.7340723	
5.41495218123631	-56.5	24	806	1130	233143592 15.7995608	
5.75549591614693	-60.5	2.8125	807	1186	233143603 15.8099935	
2.57708772364788	-60	30.0625	808	1186	233143614 15.8215527	
2.25801971976766	-56	43.125	809	1130	233143616 15.823142	
2.24574787346458	-56	-69.125	810	1130	233143618 15.8246214	
2.76116541819415	-59	-204.25	811	1186	233143619 15.8266705	
2.00644687055442	-56	91.125	812	1130	233143622 15.8282622	
2.71821395613336	-59	-65.0625	813	1186	233143623 15.8301396	
5.76776776245001	-60.5	-2.8125	814	1186	233143759 15.966189	
5.26462206402352	-56.5	8.125	815	1130	233143764 15.9716402	
2.45436926061703	-60	121.25	816	1186	233143768 15.9757891	
2.06780610206984	-56	95.1875	817	1130	233143772 15.9798067	
2.19666048825224	-56	100.0625	818	1130	233143778 15.9850076	
2.62617510886022	-59	-48	819	1186	233143781 15.9886066	
2.34392264388926	-56	-17.0625	820	1130	233143784 15.9916697	
2.61390326255713	-60	34.9375	821	1186	233143787 15.9943216	
5.76469980087424	-60.5	-6.875	822	1186	233143789 15.995953	
5.21246671723541	-56	32.125	823	1130	233143790 15.9970618	
2.53413626158708	-60.5	-8.9375	824	1186	233143791 15.9987286	
2.12302941043373	-56	48	825	1130	233143801 16.0085481	
2.15370902619144	-56	-13	826	1130	233143807 16.0140487	
2.44209741431394	-60	169.25	827	1186	233143811 16.0182092	
2.17825271879761	-55.5	-43.125	828	1130	233144009 16.2163154	
2.44823333746548	-59	117.125	829	1186	233144013 16.2193904	
5.73402018511653	-60.5	8.125	830	1186	233144015 16.2220611	
2.26108768134344	-56.5	30.875	831	1130	233144018 16.2244607	
2.50345664582937	-56.5	-130.1875	832	1130	233144020 16.2264608	
2.50959256898091	-59.5	91.9375	833	1186	233144022 16.228203	
2.6384469551633	-59	-39	834	1186	233144023 16.2298943	
2.12916533358527	-56	30.0625	835	1130	233144025 16.2317356	
2.57095180049633	-60	34.9375	836	1186	233144027 16.2336741	
2.04326240946367	-56	39	837	1130	233144029 16.2358741	
5.74015610826807	-60.5	10.9375	838	1186	233144031 16.2378036	
5.28916575662969	-56.5	14.1875	839	1130	233144032 16.239223	
1.95122356219054	-56	113.0625	840	1130	233144034 16.2407476	
2.46664110692011	-58.5	143.1875	841	1186	233144035 16.2421565	
2.6384469551633	-58.5	-26	842	1186	233144259 16.4660418	
1.87145656122048	-56	212.375	843	1130	233144261 16.468091	
2.3500585670408	-60	160.3125	844	1186	233144262 16.46976	
2.11689348728218	-56	4.0625	845	1130	233144264 16.471872	
5.28609779505392	-56.5	6.0625	846	1130	233144277 16.4838836	
5.7800396087531	-60.5	-2.8125	847	1186	233144279 16.4861616	
2.4789129532232	-60	30.0625	848	1186	233144281 16.488577	
2.14143717988836	-56	-4.0625	849	1130	233144288 16.4953365	
2.55254403104171	-58.5	52.0625	850	1186	233144306 16.5136598	
2.04939833261522	-56	69.125	851	1130	233144309 16.5158882	
2.01258279370596	-56	56.125	852	1130	233144310 16.5176327	
2.65685472461793	-59	-82.1875	853	1186	233144312 16.5195491	
5.24928225614466	-56.5	17.0625	854	1130	233144509 16.7161512	
5.74015610826807	-60.5	21.125	855	1186	233144512 16.7191526	
2.23961195031304	-56	-100.0625	856	1130	233144518 16.7249149	
2.42368964485931	-59.5	91.125	857	1186	233144519 16.7258286	
1.96349540849362	-56	87.0625	858	1130	233144519 16.7263021	
2.56481587734479	-60.5	43.125	859	1186	233144520 16.7271579	
2.11075756413064	-55.5	-17.0625	860	1130	233144520 16.7278519	
2.69980618667873	-60	-134.25	861	1186	233144525 16.7316555	
5.77390368560155	-60.5	14.1875	862	1186	233144528 16.7348196	
5.46097160487288	-56.5	6.875	863	1130	233144537 16.7435904	
2.42368964485931	-56	-65.0625	864	1130	233144539 16.7460354	
2.44823333746548	-60	113.0625	865	1186	233144553 16.7598968	
2.51572849213245	-59.5	56.125	866	1186	233144759 16.9661777	
2.00031094740288	-56	65.0625	867	1130	233144761 16.9680259	
1.99417502425133	-56	104.125	868	1130	233144765 16.9722773	
2.47277703007165	-59.5	91.125	869	1186	233144769 16.9760295	
5.75549591614693	-60.5	8.125	870	1186	233144770 16.9769125	
2.29790322025269	-56.5	19.125	871	1130	233144770 16.9778929	
2.38687410595006	-56	-35.75	872	1130	233144776 16.9820877	
2.62003918570868	-59.5	24.375	873	1186	233144777 16.9834096	
2.36233041334389	-57	-21.9375	874	1130	233144778 16.9843292	
2.70594210983027	-59	-113.0625	875	1186	233144779 16.9852939	
2.65685472461793	-59	-48	876	1186	233144780 16.9868051	
2.35619449019234	-55.5	-56.125	877	1130	233144781 16.9879051	
2.6599226861937	-60.5	0	878	1186	233144782 16.9884908	
5.27075798717506	-56.5	10.125	879	1130	233144782 16.9888756	
2.41141779855623	-59.5	132.625	880	1186	233145010 17.216484	
2.23961195031304	-56.5	-69.125	881	1130	233145012 17.2189255	
2.42368964485931	-56	-91.125	882	1130	233145014 17.2211098	
2.44823333746548	-60	108.1875	883	1186	233145017 17.2239448	
2.75502949504261	-59	-100.0625	884	1186	233145018 17.2255671	
2.28869933552538	-56	43.125	885	1130	233145020 17.2274446	
5.74629203141961	-60.5	-4.0625	886	1186	233145022 17.2290324	
2.28256341237383	-56.5	17.0625	887	1130	233145024 17.2305552	
2.60163141625405	-60	-104.125	888	1186	233145025 17.2315494	
2.20893233455532	-56.5	91.125	889	1130	233145026 17.2321352	
2.62003918570868	-59.5	-21.9375	890	1186	233145026 17.232793	
2.28256341237383	-55.5	17.0625	891	1130	233145027 17.2333515	
2.1046216409791	-56	186.3125	892	1130	233145027 17.2338242	
2.68753434037564	-59	-31.6875	893	1186	233145028 17.2342603	
5.62357356838876	-60.5	41.0625	894	1186	233145259 17.4659972	
5.46403956644865	-56.5	8.125	895	1130	233145263 17.4700665	
2.27029156607075	-56	39	896	1130	233145265 17.4720625	
2.7243498792849	-59.5	-126.125	897	1186	233145275 17.4817781	
2.7243498792849	-59.5	-82.1875	898	1186	233145279 17.4864875	
2.0616701789183	-55.5	43.125	899	1130	233145281 17.4881535	
2.22734010400995	-55.5	-39	900	1130	233145283 17.4896634	
2.66299064776947	-61	-39	901	1186	233145294 17.5010765	
5.76469980087424	-60.5	-1.1875	902	1186	233145299 17.505658	
5.21553467881118	-56.5	19.125	903	1130	233145310 17.5168597	
2.65071880146639	-60	-39	904	1186	233145314 17.5213908	
2.17211679564607	-56.5	-26	905	1130	233145318 17.5253455	
5.74322406984384	-60.5	14.1875	906	1186	233145509 17.716016	
5.26462206402352	-56.5	17.875	907	1130	233145515 17.7216724	
2.7673013413457	-60	-100.0625	908	1186	233145517 17.7238081	
2.02485464000905	-56	43.125	909	1130	233145519 17.7262784	
2.63231103201176	-59	-48	910	1186	233145520 17.7275407	
2.45436926061703	-56	-100.0625	911	1130	233145522 17.7285668	
2.44209741431394	-56	-65.0625	912	1130	233145523 17.7298746	
2.34392264388926	-59	208.3125	913	1186	233145531 17.7374174	
5.27996187190238	-56.5	6.0625	914	1130	233145539 17.7454902	
5.69720464620727	-60.5	32.125	915	1186	233145541 17.7473162	
2.02485464000905	-56	100.0625	916	1130	233145542 17.7488156	
5.79231145505618	-61	-0.4375	917	1186	233145544 17.7505481	
2.44823333746548	-59	-72.375	918	1186	233145547 17.7535865	
2.49118479952628	-56.5	-91.125	919	1130	233145552 17.7589773	
2.46664110692011	-60	87.0625	920	1186	233145759 17.966117	
2.19666048825224	-56.5	100.0625	921	1130	233145762 17.9693861	
5.72481630038921	-60.5	8.9375	922	1186	233145765 17.9718982	
5.46403956644865	-56.5	8.9375	923	1130	233145767 17.9740282	
2.3500585670408	-56	-48	924	1130	233145776 17.9826289	
2.36846633649543	-59.5	95.1875	925	1186	233145780 17.9872353	
2.13530125673681	-56	108.1875	926	1130	233145783 17.9898327	
2.57095180049633	-59	-4.0625	927	1186	233145793 18.0004867	
2.27642748922229	-56	-13	928	1130	233145795 18.0018924	
2.60776733940559	-59.5	82.1875	929	1186	233145797 18.0037914	
5.46097160487288	-56.5	13	930	1130	233145800 18.0068074	
5.74629203141961	-60.5	21.125	931	1186	233145804 18.0106747	
2.31324302813155	-56.5	8.9375	932	1130	233145805 18.0121265	
2.46664110692011	-59.5	43.125	933	1186	233145807 18.0138904	
2.29483525867692	-58	251.4375	934	1186	233146009 18.2158661	
2.08621387152447	-56	56.125	935	1130	233146022 18.2289533	
2.20893233455532	-55.5	-43.125	936	1130	233146027 18.2332121	
2.60163141625405	-59	52.0625	937	1186	233146028 18.2351656	
5.7585638777227	-60.5	25.1875	938	1186	233146030 18.236979	
5.25235021772044	-56.5	17.875	939	1130	233146031 18.2383878	
2.07394202522139	-56	39	940	1130	233146033 18.239821	
2.7673013413457	-59	-147.25	941	1186	233146034 18.2410352	
2.65685472461793	-59.5	-48	942	1186	233146035 18.2420373	
2.07394202522139	-56	199.375	943	1130	233146035 18.2424768	
2.82866057286112	-60	-87.875	944	1186	233146036 18.2428627	
2.38687410595006	-55.5	-43.125	945	1130	233146036 18.2433312	
5.28916575662969	-56.5	12.1875	946	1130	233146260 18.4660446	
5.76469980087424	-60.5	4.0625	947	1186	233146260 18.4667213	
2.79798095710341	-59.5	-130.1875	948	1186	233146265 18.4713389	
2.21506825770687	-56	-82.1875	949	1130	233146271 18.4780354	
2.65685472461793	-59.5	-17.0625	950	1186	233146276 18.482634	
1.94508763903899	-56	117.125	951	1130	233146277 18.4837487	
2.25188379661612	-56	-64.25	952	1130	233146282 18.4887558	
2.47277703007165	-60	113.0625	953	1186	233146291 18.4980894	
5.75549591614693	-60.5	4.0625	954	1186	233146295 18.5015938	
5.4701754896002	-56.5	17.875	955	1130	233146307 18.5134197	
2.26415564291921	-56	69.125	956	1130	233146318 18.5245082	
2.62617510886022	-59.5	13	957	1186	233146330 18.5370276	
2.26415564291921	-56.5	43.125	958	1130	233146509 18.7160875	
2.69980618667873	-60.5	-24.375	959	1186	233146524 18.7316882	
2.50345664582937	-59	104.125	960	1186	233146526 18.7329281	
2.24574787346458	-56.5	74	961	1130	233146526 18.7338177	
5.76163183929847	-60.5	17.0625	962	1186	233146535 18.7411086	
5.45176772014557	-56.5	17.875	963	1130	233146535 18.7419751	
2.12916533358527	-56	156.1875	964	1130	233146536 18.7428446	
2.65071880146639	-59.5	-48	965	1186	233146537 18.7432136	
2.71207803298181	-59.5	-56.125	966	1186	233146537 18.7436219	
1.99417502425133	-56	139.125	967	1130	233146538 18.7440792	
2.00031094740288	-56	78.0625	968	1130	233146538 18.7444186	
2.60776733940559	-60.5	0	969	1186	233146538 18.7448433	
5.78310757032887	-60.5	6.0625	970	1186	233146541 18.7477592	
5.50085510535791	-56.5	-6.0625	971	1130	233146543 18.7494289	
2.65685472461793	-59.5	-61	972	1186	233146759 18.9660512	
2.41755372170777	-56	-82.1875	973	1130	233146761 18.9685103	
2.60163141625405	-58.5	24.375	974	1186	233146764 18.9706137	
2.39914595225314	-56	-83.8125	975	1130	233146766 18.9723641	
2.62003918570868	-60	-21.9375	976	1186	233146767 18.9739863	
2.42982556801086	-56.5	-65.0625	977	1130	233146769 18.9755987	
5.72481630038921	-60.5	21.125	978	1186	233146770 18.9770736	
5.41802014281208	-56.5	15.8125	979	1130	233146771 18.978605	
2.33165079758617	-59	195.25	980	1186	233146774 18.9802215	
2.26415564291921	-56.5	0	981	1130	233146775 18.9818471	
2.60776733940559	-59.5	-52.0625	982	1186	233146777 18.9833519	
2.26415564291921	-56	64.25	983	1130	233146778 18.9844208	
2.38073818279852	-56	-69.125	984	1130	233146779 18.9856654	
2.36846633649543	-58.5	173.3125	985	1186	233146780 18.9867811	
5.84139884026852	-60.5	-28.875	986	1186	233147009 19.2162035	
5.45483568172134	-56.5	10.125	987	1130	233147014 19.2206889	
2.20893233455532	-56	61	988	1130	233147020 19.2263063	
2.62003918570868	-60	-17.0625	989	1186	233147021 19.2278945	
2.28256341237383	-56	56.125	990	1130	233147028 19.2346449	
2.60776733940559	-58.5	0	991	1186	233147029 19.2358411	
2.42982556801086	-59	83.8125	992	1186	233147041 19.2475919	
2.38073818279852	-56.5	-39	993	1130	233147041 19.2483914	
5.77697164717732	-60.5	-12.1875	994	1186	233147042 19.2492583	
5.47631141275174	-56.5	-6.0625	995	1130	233147047 19.2540045	
2.31324302813155	-56	17.0625	996	1130	233147050 19.257286	
2.58322364679942	-60	-17.0625	997	1186	233147051 19.257984	
2.08621387152447	-56	30.0625	998	1130	233147259 19.4657125	
2.60776733940559	-60	-30.0625	999	1186	233147260 19.4670742	
2.06780610206984	-56	56.125	1000	1130	233147264 19.4706043	
2.77343726449724	-59.5	-186.3125	1001	1186	233147267 19.4733045	
5.75242795457115	-60.5	6.0625	1002	1186	233147269 19.4768833	
2.30403914340423	-56.5	8.9375	1003	1130	233147271 19.4781467	
2.28256341237383	-56.5	26	1004	1130	233147272 19.4794559	
2.56481587734479	-59.5	61	1005	1186	233147275 19.4821736	
5.46403956644865	-56.5	10.9375	1006	1130	233147276 19.4836756	
2.57708772364788	-60.5	21.9375	1007	1186	233147279 19.4865432	
2.34392264388926	-56.5	0	1008	1130	233147280 19.4874923	
2.81025280340649	-59.5	-147.25	1009	1186	233147281 19.4888928	
2.69367026352719	-59	-80.5625	1010	1186	233147284 19.4910436	
2.24574787346458	-55.5	-39	1011	1130	233147290 19.49643	
2.26415564291921	-56	-134.25	1012	1130	233147509 19.7157262	
2.67526249407256	-59.5	43.9375	1013	1186	233147514 19.721282	
5.25541817929621	-56.5	10.125	1014	1130	233147528 19.7352879	
5.76163183929847	-60.5	4.0625	1015	1186	233147531 19.7379103	
1.96963133164516	-56	72.375	1016	1130	233147532 19.7393087	
2.37460225964697	-59	225.375	1017	1186	233147542 19.74947	
2.26415564291921	-56	30.0625	1018	1130	233147547 19.753962	
2.60163141625405	-59	-43.125	1019	1186	233147551 19.7588892	
2.38073818279852	-59.5	191.1875	1020	1186	233147556 19.7633729	
2.27642748922229	-55.5	21.9375	1021	1130	233147560 19.767645	
5.7585638777227	-60.5	-17.0625	1022	1186	233147564 19.7709443	
5.45790364329711	-56.5	12.1875	1023	1130	233147567 19.774017	
2.26415564291921	-56	56.125	1024	1130	233147570 19.7770648	
2.48504887637474	-60	60.1875	1025	1186	233147574 19.781157	
2.66299064776947	-59	4.0625	1026	1186	233147759 19.9663969	
2.12302941043373	-56	104.125	1027	1130	233147768 19.9752135	
2.62003918570868	-59	-4.0625	1028	1186	233147769 19.9760587	
2.33165079758617	-56	43.125	1029	1130	233147770 19.9773076	
5.25848614087198	-56.5	13	1030	1130	233147770 19.9777641	
5.77083572402578	-60.5	0	1031	1186	233147771 19.9782233	
1.98803910109979	-56.5	95.1875	1032	1130	233147772 19.9787569	
2.74889357189107	-59	-8.125	1033	1186	233147772 19.9793562	
2.62617510886022	-60	-17.0625	1034	1186	233147773 19.9798603	
2.15984494934298	-56	126.125	1035	1130	233147773 19.9806072	
2.62003918570868	-59.5	-56.125	1036	1186	233147774 19.9813015	
2.18438864194915	-56	121.25	1037	1130	233147775 19.9817446	
5.24928225614466	-56.5	13	1038	1130	233148012 20.2194954	
5.77390368560155	-60.5	25.1875	1039	1186	233148018 20.2248858	
2.19666048825224	-56	-43.125	1040	1130	233148026 20.2325814	
2.6813984172241	-59.5	-13	1041	1186	233148036 20.2434955	
2.50959256898091	-59	87.0625	1042	1186	233148040 20.2475526	
2.08007794837293	-56	74	1043	1130	233148044 20.2514122	
2.03712648631213	-55.5	56.125	1044	1130	233148049 20.2557989	
2.71821395613336	-59.5	-35.75	1045	1186	233148053 20.2602581	
5.76469980087424	-60.5	28.0625	1046	1186	233148058 20.2648997	
5.27689391032661	-56.5	13	1047	1130	233148062 20.2690111	
2.66912657092102	-60	-144	1048	1186	233148067 20.2746259	
2.09848571782756	-56	26	1049	1130	233148069 20.2760206	
2.54027218473862	-59.5	56.125	1050	1186	233148070 20.2773453	
2.06780610206984	-56	104.125	1051	1130	233148072 20.2783965	
2.57095180049633	-60.5	39	1052	1186	233148259 20.4656647	
1.92667986958437	-56	130.1875	1053	1130	233148262 20.4690694	
5.76776776245001	-60	4.0625	1054	1186	233148263 20.4706326	
5.44256383541826	-56.5	17.875	1055	1130	233148265 20.4721536	
2.23961195031304	-56	56.125	1056	1130	233148267 20.4739487	
2.62003918570868	-60	-26	1057	1186	233148269 20.4759091	
2.67526249407256	-60	-69.125	1058	1186	233148271 20.4777597	
2.37460225964697	-56.5	-65.0625	1059	1130	233148272 20.4795339	
2.62617510886022	-59.5	-26	1060	1186	233148274 20.4811446	
2.19666048825224	-56	95.1875	1061	1130	233148278 20.4847644	
5.4701754896002	-56.5	6.0625	1062	1130	233148289 20.4957624	
2.62617510886022	-60.5	1.1875	1063	1186	233148307 20.5129982	
2.73048580243644	-60	-87.0625	1064	1186	233148311 20.5170435	
2.14143717988836	-56	126.125	1065	1130	233148312 20.5182938	
2.56481587734479	-60	28.4375	1066	1186	233148509 20.7156816	
2.22734010400995	-56	-26	1067	1130	233148511 20.7182328	
2.09234979467601	-56	48	1068	1130	233148514 20.7207901	
2.70594210983027	-59.5	-39	1069	1186	233148516 20.7228778	
5.42415606596363	-56.5	15.8125	1070	1130	233148518 20.7248014	
5.78310757032887	-60.5	-1.1875	1071	1186	233148519 20.7265921	
2.64458287831485	-59.5	0	1072	1186	233148521 20.7283559	
2.15370902619144	-56	74	1073	1130	233148523 20.7302881	
2.37460225964697	-59.5	178.1875	1074	1186	233148525 20.732013	
2.02485464000905	-56	52.0625	1075	1130	233148527 20.7337931	
2.66299064776947	-59.5	-13	1076	1186	233148529 20.735764	
2.04939833261522	-56	91.125	1077	1130	233148530 20.7375678	
5.69720464620727	-60	43.9375	1078	1186	233148759 20.9655217	
5.48551529747905	-56.5	1.1875	1079	1130	233148763 20.9698256	
2.3500585670408	-56	8.9375	1080	1130	233148782 20.9886042	
2.60776733940559	-59.5	-65.0625	1081	1186	233148784 20.9904086	
2.54027218473862	-58	17.0625	1082	1186	233148785 20.9920187	
2.22120418085841	-56	-52.0625	1083	1130	233148787 20.9937948	
1.93281579273591	-55.5	169.25	1084	1130	233148789 20.9957328	
2.57095180049633	-60	34.9375	1085	1186	233148791 20.9973728	
5.25848614087198	-56.5	15	1086	1130	233148792 20.998848	
5.76776776245001	-60.5	-1.1875	1087	1186	233148794 21.0003942	
2.23347602716149	-55.5	-52.0625	1088	1130	233148795 21.0019423	
2.51572849213245	-59.5	82.1875	1089	1186	233148796 21.0028858	
2.57708772364788	-59	-17.0625	1090	1186	233149009 21.2152835	
2.03099056316059	-56.5	100.0625	1091	1130	233149010 21.216999	
2.68753434037564	-59.5	-8.9375	1092	1186	233149014 21.2207157	
2.15370902619144	-56	8.9375	1093	1130	233149021 21.2272622	
5.79844737820772	-60.5	-2.8125	1094	1186	233149023 21.2294033	
5.24007837141735	-56.5	17.875	1095	1130	233149025 21.2313989	
2.65685472461793	-59	-61	1096	1186	233149030 21.2374683	
2.14143717988836	-56	30.0625	1097	1130	233149033 21.2398358	
2.58322364679942	-60	0	1098	1186	233149033 21.2403555	
2.24574787346458	-56	39	1099	1130	233149047 21.254459	
2.22734010400995	-56	39	1100	1130	233149052 21.2589427	
2.4359614911624	-59	134.25	1101	1186	233149057 21.2639858	
5.7370881466923	-60	21.125	1102	1186	233149062 21.2685808	
5.49471918220637	-56.5	-2.8125	1103	1130	233149066 21.272989	
2.67526249407256	-59.5	-48	1104	1186	233149259 21.4654415	
2.25188379661612	-56	-95.1875	1105	1130	233149270 21.4765239	
5.41802014281208	-56.5	23.1875	1106	1130	233149272 21.4796858	
5.77697164717732	-60.5	0	1107	1186	233149275 21.4817614	
2.56481587734479	-59	8.9375	1108	1186	233149277 21.4847485	
2.17825271879761	-56	160.3125	1109	1130	233149282 21.4889126	
2.50345664582937	-59.5	95.1875	1110	1186	233149285 21.4918095	
1.98190317794825	-56	82.1875	1111	1130	233149287 21.4946292	
2.38687410595006	-60	195.25	1112	1186	233149292 21.4981546	
1.99417502425133	-55.5	91.125	1113	1130	233149293 21.4999874	
5.77697164717732	-60.5	-1.1875	1114	1186	233149303 21.5104227	
2.11382552570641	-56.5	21.125	1115	1130	233149305 21.512024	
2.42368964485931	-60	134.25	1116	1186	233149306 21.5135046	
2.11689348728218	-56	17.0625	1117	1130	233149308 21.5153601	
2.31324302813155	-57	26	1118	1130	233149508 21.7154251	
2.66299064776947	-60	-34.9375	1119	1186	233149518 21.7254643	
2.28869933552538	-55.5	56.125	1120	1130	233149521 21.7284777	
2.73048580243644	-59	-108.1875	1121	1186	233149525 21.7317715	
5.76163183929847	-60	0	1122	1186	233149530 21.7373376	
5.4916512206306	-56.5	0	1123	1130	233149533 21.7399814	
2.35619449019234	-56.5	-34.9375	1124	1130	233149537 21.7437695	
2.62617510886022	-59.5	-26	1125	1186	233149539 21.745269	
2.62617510886022	-59.5	-17.0625	1126	1186	233149543 21.7491837	
2.37460225964697	-56.5	-39	1127	1130	233149550 21.7568546	
2.42368964485931	-56	-52.0625	1128	1130	233149553 21.7596906	
2.4359614911624	-60	143.1875	1129	1186	233149557 21.7636811	
5.74935999299538	-60	10.9375	1130	1186	233149759 21.9653746	
5.46403956644865	-56.5	14.1875	1131	1130	233149764 21.9703303	
2.62003918570868	-59.5	-16.25	1132	1186	233149767 21.9731526	
2.28869933552538	-56	43.125	1133	1130	233149768 21.9752002	
2.31937895128309	-56	-26	1134	1130	233149771 21.9773226	
2.4789129532232	-60	78.0625	1135	1186	233149772 21.9796548	
2.30710710498	-56.5	-8.9375	1136	1130	233149773 21.9809035	
2.81025280340649	-59.5	-191.1875	1137	1186	233149776 21.9829681	
5.4701754896002	-56.5	12.1875	1138	1130	233149778 21.9841703	
5.7585638777227	-60.5	4.875	1139	1186	233149779 21.9856004	
2.25188379661612	-56	78.0625	1140	1130	233149779 21.9868834	
2.45436926061703	-59.5	52.0625	1141	1186	233149781 21.9879531	
2.31324302813155	-59.5	187.9375	1142	1186	233149783 21.9894536	
2.0616701789183	-56	30.0625	1143	1130	233149783 21.9905359	
2.26415564291921	-56	-61	1144	1130	233150009 22.2152531	
2.68753434037564	-61	-0.4375	1145	1186	233150010 22.2169741	
5.69720464620727	-60	12.1875	1146	1186	233150013 22.2192957	
5.48551529747905	-56.5	-4.0625	1147	1130	233150014 22.2207471	
2.23961195031304	-56	61	1148	1130	233150015 22.2216611	
2.55254403104171	-60	13	1149	1186	233150016 22.2230792	
2.11689348728218	-56	17.0625	1150	1130	233150017 22.2239682	
2.36233041334389	-60	178.1875	1151	1186	233150019 22.2252998	
2.46664110692011	-59.5	152.125	1152	1186	233150020 22.2261333	
2.08621387152447	-55.5	69.125	1153	1130	233150020 22.2265705	
5.7585638777227	-60.5	4.875	1154	1186	233150021 22.2279188	
5.43949587384248	-56.5	17.875	1155	1130	233150023 22.2291048	
2.4359614911624	-59.5	82.1875	1156	1186	233150023 22.2298249	
2.42368964485931	-56	-64.25	1157	1130	233150024 22.2306122	
2.44823333746548	-59	165.1875	1158	1186	233150259 22.4653664	
2.25188379661612	-56	56.125	1159	1130	233150260 22.467278	
2.26415564291921	-56.5	21.9375	1160	1130	233150261 22.4689	
2.74889357189107	-59	-74	1161	1186	233150265 22.4710631	
5.27382594875083	-56.5	17.0625	1162	1130	233150265 22.4718664	
5.76163183929847	-60.5	19.125	1163	1186	233150266 22.4732471	
2.50345664582937	-60	52.0625	1164	1186	233150269 22.4750708	
2.14143717988836	-56	30.0625	1165	1130	233150270 22.4767854	
2.38687410595006	-59.5	126.125	1166	1186	233150272 22.4786003	
2.20279641140378	-56	-17.0625	1167	1130	233150275 22.4812896	
2.63231103201176	-59.5	-21.9375	1168	1186	233150276 22.4832879	
2.06780610206984	-56.5	39	1169	1130	233150277 22.4848744	
5.71868037723767	-60	17.875	1170	1186	233150508 22.7151001	
5.47631141275174	-56.5	4.875	1171	1130	233150512 22.7187409	
2.44823333746548	-59	147.25	1172	1186	233150513 22.7200054	
2.37460225964697	-56	-8.9375	1173	1130	233150525 22.7317472	
2.46664110692011	-59.5	69.125	1174	1186	233150527 22.7334199	
2.37460225964697	-56.5	-69.125	1175	1130	233150529 22.7355264	
2.27029156607075	-59.5	173.3125	1176	1186	233150532 22.7383529	
2.22734010400995	-55.5	74	1177	1130	233150534 22.7403954	
5.27382594875083	-56.5	4.875	1178	1130	233150536 22.7421926	
5.77390368560155	-60.5	0	1179	1186	233150539 22.7458585	
2.1046216409791	-56.5	26	1180	1130	233150543 22.7493483	
2.71821395613336	-59.5	-104.125	1181	1186	233150547 22.7532891	
2.37460225964697	-56	-61	1182	1130	233150758 22.9652162	
2.64458287831485	-59	-17.0625	1183	1186	233150760 22.967464	
2.33165079758617	-57	17.0625	1184	1130	233150763 22.9702556	
2.38687410595006	-59	204.25	1185	1186	233150765 22.9722791	
5.47631141275174	-56.5	8.9375	1186	1130	233150767 22.9740662	
5.78924349348041	-60	-4.0625	1187	1186	233150768 22.9755037	
2.58322364679942	-59.5	-30.0625	1188	1186	233150771 22.9773396	
2.25801971976766	-56.5	39	1189	1130	233150772 22.9791142	
2.46664110692011	-58.5	156.1875	1190	1186	233150773 22.9801199	
2.27642748922229	-56	65.0625	1191	1130	233150774 22.9814518	
2.60776733940559	-60.5	-39	1192	1186	233150776 22.9828147	
2.33778672073772	-56	17.0625	1193	1130	233150777 22.9840112	
5.76163183929847	-60.5	2	1194	1186	233150792 22.9986323	
5.48244733590328	-56.5	-2	1195	1130	233150794 23.0008285	
2.42982556801086	-56	-91.125	1196	1130	233151008 23.2152119	
2.66299064776947	-60.5	-69.125	1197	1186	233151013 23.2200363	
2.61390326255713	-59.5	-65.0625	1198	1186	233151016 23.222854	
2.20279641140378	-55.5	95.1875	1199	1130	233151025 23.2320669	
2.56481587734479	-59.5	-56.125	1200	1186	233151052 23.2589663	
2.28869933552538	-56.5	52.0625	1201	1130	233151055 23.2623963	
5.74322406984384	-60.5	15	1202	1186	233151057 23.2639495	
5.4486997585698	-56.5	17.875	1203	1130	233151059 23.2658999	
2.35619449019234	-56.5	-26	1204	1130	233151061 23.2682252	
2.4789129532232	-59.5	-8.9375	1205	1186	233151063 23.2697842	
2.60776733940559	-60.5	30.0625	1206	1186	233151065 23.2721003	
5.30757352608432	-56.5	-13	1207	1130	233151066 23.2735983	
2.22734010400995	-56.5	-43.125	1208	1130	233151068 23.2755144	
2.46050518376857	-60	126.125	1209	1186	233151070 23.276771	
2.65685472461793	-59	21.9375	1210	1186	233151259 23.4653699	
2.1475731030399	-56	126.125	1211	1130	233151262 23.4682379	
2.4789129532232	-59	100.0625	1212	1186	233151265 23.4712146	
2.23347602716149	-56	56.125	1213	1130	233151267 23.4734537	
5.26462206402352	-56.5	19.125	1214	1130	233151269 23.4753267	
5.7800396087531	-60.5	10.125	1215	1186	233151270 23.4766044	
2.63231103201176	-58.5	-4.0625	1216	1186	233151271 23.4780359	
2.18438864194915	-56	-39	1217	1130	233151272 23.4793909	
2.57708772364788	-60	-69.125	1218	1186	233151273 23.4802975	
2.15370902619144	-56.5	13	1219	1130	233151274 23.4808911	
2.04939833261522	-56	69.125	1220	1130	233151274 23.4815326	
2.50959256898091	-58.5	108.1875	1221	1186	233151274 23.4821704	
5.73095222354076	-60	10.125	1222	1186	233151508 23.7151152	
5.44256383541826	-56.5	21.9375	1223	1130	233151511 23.7181813	
2.31324302813155	-56	-4.0625	1224	1130	233151514 23.7212107	
2.66299064776947	-60	-120.4375	1225	1186	233151523 23.7297494	
2.65685472461793	-59	13	1226	1186	233151531 23.7380381	
2.25801971976766	-56	26	1227	1130	233151533 23.7402866	
2.60163141625405	-59.5	4.0625	1228	1186	233151547 23.7535566	
2.11075756413064	-55.5	121.25	1229	1130	233151561 23.7676372	
5.76469980087424	-60.5	10.9375	1230	1186	233151572 23.7782377	
5.45483568172134	-56.5	6.0625	1231	1130	233151575 23.7821262	
2.34392264388926	-56	17.0625	1232	1130	233151580 23.7867959	
2.71207803298181	-58.5	-117.125	1233	1186	233151588 23.794449	
2.6813984172241	-59.5	-39.875	1234	1186	233151593 23.7992737	
2.20279641140378	-55.5	65.0625	1235	1130	233151595 23.8013406	
2.37460225964697	-56.5	-39	1236	1130	233151758 23.9656589	
2.28256341237383	-59	243.3125	1237	1186	233151761 23.9678546	
5.45176772014557	-56.5	12.1875	1238	1130	233151762 23.9695641	
5.70640853093458	-60	15.8125	1239	1186	233151765 23.9723372	
2.38073818279852	-56.5	-43.125	1240	1130	233151767 23.9743824	
2.50345664582937	-60	121.25	1241	1186	233151770 23.9770675	
2.35619449019234	-56	-30.0625	1242	1130	233151771 23.9779386	
2.69980618667873	-59	-30.0625	1243	1186	233151771 23.9787667	
2.24574787346458	-55.5	65.0625	1244	1130	233151773 23.9797963	
2.4789129532232	-59.5	120.4375	1245	1186	233151774 23.9808705	
5.7800396087531	-60	1.1875	1246	1186	233151774 23.9815808	
5.4272240275394	-56.5	30.875	1247	1130	233151775 23.9827098	
2.3930100291016	-59.5	186.3125	1248	1186	233151776 23.9832832	
2.3930100291016	-56	-26	1249	1130	233151777 23.9840188	
2.6384469551633	-60	-4.0625	1250	1186	233152008 24.2151296	
2.03712648631213	-56	91.125	1251	1130	233152011 24.2179333	
2.01258279370596	-56	126.125	1252	1130	233152012 24.2196956	
2.70594210983027	-60.5	-69.125	1253	1186	233152014 24.2211286	
5.72481630038921	-60	8.9375	1254	1186	233152015 24.2227366	
5.50392306693368	-56.5	-8.9375	1255	1130	233152018 24.2249134	
2.30710710498	-56	39	1256	1130	233152019 24.2266291	
2.60776733940559	-60	-24.375	1257	1186	233152027 24.2332767	
2.3930100291016	-55.5	-34.9375	1258	1130	233152028 24.235074	
2.64458287831485	-59	20.3125	1259	1186	233152031 24.2382476	
2.27029156607075	-56	69.125	1260	1130	233152033 24.2404441	
2.47277703007165	-59.5	130.1875	1261	1186	233152034 24.241148	
5.4486997585698	-56.5	12.1875	1262	1130	233152268 24.4754981	
5.71868037723767	-60	8.125	1263	1186	233152270 24.4766022	
2.33778672073772	-57	0	1264	1130	233152270 24.4772089	
2.3930100291016	-59.5	112.25	1265	1186	233152274 24.4816633	
2.52800033843554	-59.5	8.9375	1266	1186	233152284 24.4913455	
2.27029156607075	-56	13	1267	1130	233152296 24.5028697	
2.22734010400995	-56	52.0625	1268	1130	233152297 24.5047201	
2.30097118182846	-59.5	240.0625	1269	1186	233152299 24.5067664	
5.7585638777227	-60.5	-2.8125	1270	1186	233152301 24.5081999	
5.298369641357	-56.5	-8.9375	1271	1130	233152302 24.5093467	
2.08007794837293	-55.5	69.125	1272	1130	233152303 24.5107857	
2.52800033843554	-59.5	95.1875	1273	1186	233152305 24.5123543	
2.7243498792849	-60	-35.75	1274	1186	233152306 24.5138432	
2.0616701789183	-55	48	1275	1130	233152308 24.5153741	
