5.37813664232706	-56.5	21.9375	0	1130	233203618 0.4855247	
5.42108810438786	-61	4.0625	1	1186	233203620 0.4864342	
2.03712648631213	-60	199.375	2	1186	233203620 0.4867293	
2.21506825770687	-56	-8.9375	3	1130	233203620 0.4869673	
2.07394202522139	-60.5	160.3125	4	1186	233203620 0.4871753	
2.17211679564607	-56.5	61	5	1130	233203621 0.487579	
2.03712648631213	-60.5	238.4375	6	1186	233203621 0.4878632	
2.34392264388926	-56	-52.0625	7	1130	233203621 0.48813	
5.4272240275394	-61.5	15	8	1186	233203621 0.4884069	
5.39961237335746	-56.5	6.875	9	1130	233203622 0.4887086	
2.01258279370596	-60.5	186.3125	10	1186	233203622 0.4889566	
2.22734010400995	-56.5	82.1875	11	1130	233203622 0.4891782	
2.13530125673681	-60.5	104.125	12	1186	233203622 0.4894142	
2.09848571782756	-56.5	113.0625	13	1130	233203623 0.4899876	
2.08621387152447	-61	108.1875	14	1186	233203866 0.7333834	
2.16598087249453	-56.5	134.25	15	1130	233203867 0.7339562	
5.37200071917552	-56.5	8.9375	16	1130	233203867 0.7346337	
5.46710752802443	-61	-15	17	1186	233203868 0.7350826	
2.27642748922229	-56	-17.0625	18	1130	233203868 0.735359	
2.53413626158708	-60.5	-78.0625	19	1186	233203868 0.7357118	
2.23347602716149	-56.5	52.0625	20	1130	233203869 0.7361944	
2.20893233455532	-60.5	17.0625	21	1186	233203869 0.7365657	
2.32551487443463	-55.5	-34.9375	22	1130	233203869 0.7368642	
2.37460225964697	-61	-91.125	23	1186	233203870 0.7372183	
5.3842725654786	-56.5	19.125	24	1130	233203870 0.7375721	
2.27642748922229	-61.5	19.9375	25	1186	233203870 0.7378168	
2.1905245651007	-56.5	87.0625	26	1130	233203871 0.7381476	
2.3500585670408	-60.5	-95.1875	27	1186	233203871 0.7384178	
2.00644687055442	-59.5	238.4375	28	1186	233204117 0.9831701	
2.34392264388926	-55.5	-34.9375	29	1130	233204118 0.9843286	
2.36233041334389	-60.5	-104.125	30	1186	233204119 0.985181	
2.29483525867692	-56	8.9375	31	1130	233204119 0.9856513	
5.18792302462924	-56.5	23.1875	32	1130	233204120 0.9863595	
5.45790364329711	-61.5	-15.8125	33	1186	233204121 0.9871478	
1.98803910109979	-60	272.5625	34	1186	233204121 0.9876782	
2.11689348728218	-56	-56.125	35	1130	233204122 0.9882717	
2.36846633649543	-61	-65.0625	36	1186	233204122 0.9891047	
2.32551487443463	-56.5	-24.375	37	1130	233204123 0.9898688	
2.04939833261522	-60.5	217.25	38	1186	233204124 0.9903065	
2.23961195031304	-56	48	39	1130	233204125 0.991206	
5.41802014281208	-56.5	10.9375	40	1130	233204366 1.2331766	
5.46403956644865	-61.5	-4.875	41	1186	233204367 1.2338867	
2.1905245651007	-56	34.9375	42	1130	233204367 1.2342517	
1.88372840752357	-60.5	282.375	43	1186	233204367 1.2345342	
1.99417502425133	-56.5	82.1875	44	1130	233204368 1.2348397	
2.11075756413064	-60.5	126.125	45	1186	233204368 1.2351666	
2.08007794837293	-56	34.9375	46	1130	233204368 1.2355078	
2.4789129532232	-60.5	-199.375	47	1186	233204369 1.235822	
5.50085510535791	-61.5	-10.125	48	1186	233204369 1.2362305	
5.21553467881118	-56.5	12.1875	49	1130	233204369 1.2365501	
2.07394202522139	-55.5	8.9375	50	1130	233204370 1.2368837	
2.44209741431394	-60.5	-130.1875	51	1186	233204370 1.2372081	
2.15370902619144	-60.5	82.1875	52	1186	233204370 1.2374795	
2.17211679564607	-56.5	76.4375	53	1130	233204370 1.2377393	
2.46664110692011	-59.5	-113.0625	54	1186	233204616 1.4831727	
2.38073818279852	-56.5	-135.875	55	1130	233204618 1.4844452	
5.21553467881118	-56.5	10.125	56	1130	233204619 1.4854786	
5.43335995069094	-61.5	15.8125	57	1186	233204620 1.4864987	
2.04326240946367	-55.5	30.0625	58	1130	233204620 1.4872349	
1.99417502425133	-60.5	199.375	59	1186	233204621 1.4882145	
2.1475731030399	-56	-65.0625	60	1130	233204622 1.488758	
2.42368964485931	-60.5	-60.1875	61	1186	233204622 1.4890365	
2.50345664582937	-60	-225.375	62	1186	233204623 1.4893905	
2.08007794837293	-55.5	26	63	1130	233204623 1.4901838	
5.40881625808477	-56.5	0	64	1130	233204624 1.4905508	
5.42108810438786	-61.5	10.125	65	1186	233204624 1.4909849	
2.40528187540469	-56	-104.125	66	1130	233204624 1.4912337	
2.19666048825224	-59.5	-74	67	1186	233204625 1.4916362	
2.42368964485931	-60.5	-120.4375	68	1186	233204867 1.7336204	
2.03712648631213	-56	13	69	1130	233204867 1.7344919	
2.03712648631213	-56.5	30.0625	70	1130	233204868 1.7354254	
2.34392264388926	-60.5	-17.0625	71	1186	233204869 1.7359615	
5.44256383541826	-61.5	17.875	72	1186	233204870 1.7366316	
2.05553425576676	-56.5	15.8125	73	1130	233204872 1.73894	
1.96963133164516	-56	82.1875	74	1130	233204874 1.7408429	
2.33165079758617	-60.5	-30.0625	75	1186	233204875 1.7416031	
2.33778672073772	-60.5	-160.3125	76	1186	233204875 1.7420822	
2.00644687055442	-56	13	77	1130	233204875 1.7424345	
2.03712648631213	-61	165.1875	78	1186	233204876 1.7427251	
2.15370902619144	-56	-26	79	1130	233204877 1.7436735	
5.39040848863014	-56.5	10.125	80	1130	233205116 1.9832962	
5.43642791226671	-61.5	4.0625	81	1186	233205117 1.9844184	
1.95735948534208	-60	217.25	82	1186	233205119 1.9860686	
2.20893233455532	-56	48	83	1130	233205120 1.9875173	
1.8591847149174	-56	139.125	84	1130	233205121 1.9883211	
2.15984494934298	-60.5	69.125	85	1186	233205122 1.9893803	
2.25801971976766	-59.5	-17.0625	86	1186	233205123 1.990553	
2.04939833261522	-56	8.9375	87	1130	233205124 1.9916017	
2.30710710498	-61	10.9375	88	1186	233205125 1.9926631	
5.36893275759974	-56.5	17.875	89	1130	233205127 1.9938349	
2.30097118182846	-55.5	-17.0625	90	1130	233205127 1.9945085	
2.38687410595006	-61	-172.5	91	1186	233205128 1.9950093	
2.06780610206984	-61	100.0625	92	1186	233205128 1.9957303	
2.13530125673681	-56.5	82.1875	93	1130	233205129 1.9964138	
2.08621387152447	-56	126.125	94	1130	233205366 2.2332166	
2.4359614911624	-60.5	-74	95	1186	233205368 2.2351327	
5.39347645020591	-61.5	21.9375	96	1186	233205369 2.2364732	
5.16644729359884	-56.5	19.125	97	1130	233205371 2.237741	
2.55254403104171	-60.5	-247.375	98	1186	233205372 2.2389398	
2.16598087249453	-56	-100.0625	99	1130	233205373 2.2400145	
2.31937895128309	-60	-61	100	1186	233205374 2.2408737	
2.17825271879761	-56	-43.9375	101	1130	233205375 2.241802	
2.04326240946367	-55.5	43.125	102	1130	233205376 2.2426506	
2.41141779855623	-60.5	-52.0625	103	1186	233205377 2.2436314	
5.51312695166099	-61	4.0625	104	1186	233205377 2.2446004	
5.38120460390283	-56.5	13	105	1130	233205379 2.2459535	
2.23961195031304	-56	43.125	106	1130	233205380 2.2467038	
2.45436926061703	-61	-78.0625	107	1186	233205380 2.2473591	
2.44209741431394	-60.5	-104.125	108	1186	233205617 2.4843137	
2.09848571782756	-56.5	130.1875	109	1130	233205618 2.4858037	
2.12916533358527	-56	108.1875	110	1130	233205620 2.4879946	
2.30097118182846	-60.5	-34.9375	111	1186	233205622 2.4888546	
5.48244733590328	-61	-14.1875	112	1186	233205623 2.4894686	
5.38120460390283	-56.5	15.8125	113	1130	233205623 2.4901212	
2.15370902619144	-56	61	114	1130	233205624 2.4908246	
2.25801971976766	-60	-20.3125	115	1186	233205625 2.4912917	
2.50345664582937	-60.5	-199.375	116	1186	233205625 2.4919156	
2.36233041334389	-56	-43.9375	117	1130	233205626 2.4923607	
2.18438864194915	-56	43.125	118	1130	233205626 2.4926436	
2.05553425576676	-59.5	139.125	119	1186	233205626 2.4929132	
5.20326283250809	-56.5	19.9375	120	1130	233205866 2.7333675	
5.43335995069094	-61	17.0625	121	1186	233205872 2.7388959	
1.89600025382665	-56.5	143.1875	122	1130	233205884 2.7513017	
2.34392264388926	-60	39	123	1186	233205891 2.7580435	
1.92054394643282	-61	338.5	124	1186	233205894 2.7612202	
2.0187187168575	-55.5	65.0625	125	1130	233205898 2.7649466	
1.96349540849362	-56.5	74	126	1130	233205899 2.7661523	
2.34392264388926	-61.5	-21.9375	127	1186	233205901 2.7678121	
5.19712690935655	-56.5	23.1875	128	1130	233205903 2.7699511	
5.48858325905482	-61.5	-6.0625	129	1186	233205905 2.7719996	
2.29483525867692	-60	-21.9375	130	1186	233205907 2.7736942	
2.12916533358527	-56	0	131	1130	233205908 2.7747948	
2.11075756413064	-57	0.4375	132	1130	233206116 2.9828456	
2.36846633649543	-62	1.625	133	1186	233206117 2.9840114	
2.17825271879761	-56.5	-69.125	134	1130	233206118 2.9850461	
1.99417502425133	-60.5	243.3125	135	1186	233206121 2.9870989	
5.40268033493323	-56.5	8.125	136	1130	233206122 2.9881429	
5.51312695166099	-61	0	137	1186	233206127 2.9939055	
2.33778672073772	-60	-56.125	138	1186	233206132 2.9985785	
2.18438864194915	-55.5	65.0625	139	1130	233206134 3.0003607	
2.11075756413064	-61	104.125	140	1186	233206136 3.0022605	
2.25801971976766	-56	26	141	1130	233206137 3.0037226	
1.92667986958437	-59.5	243.3125	142	1186	233206139 3.0052296	
2.17825271879761	-56	26	143	1130	233206139 3.0060139	
5.43949587384248	-61	2	144	1186	233206141 3.007194	
5.37813664232706	-56.5	15	145	1130	233206143 3.0094952	
2.03099056316059	-60.5	117.125	146	1186	233206366 3.2331007	
2.21506825770687	-55.5	17.0625	147	1130	233206368 3.2348979	
5.41495218123631	-61.5	28.0625	148	1186	233206369 3.2363944	
5.39654441178169	-56.5	21.125	149	1130	233206371 3.237945	
2.28256341237383	-56	17.0625	150	1130	233206372 3.2391308	
2.09234979467601	-60	156.1875	151	1186	233206373 3.239973	
2.13530125673681	-56	8.9375	152	1130	233206374 3.2407411	
2.42368964485931	-60	-31.6875	153	1186	233206374 3.2414245	
2.16598087249453	-55.5	-43.9375	154	1130	233206375 3.2423563	
2.54640810789016	-61	-186.3125	155	1186	233206376 3.2434296	
5.47324345117597	-61	1.1875	156	1186	233206378 3.2448593	
5.39654441178169	-56.5	13	157	1130	233206379 3.2458236	
2.3500585670408	-60	-69.125	158	1186	233206379 3.2465517	
2.08007794837293	-56	108.1875	159	1130	233206380 3.2473137	
2.00644687055442	-60.5	199.375	160	1186	233206616 3.4831214	
2.21506825770687	-56.5	30.0625	161	1130	233206627 3.4943218	
2.00031094740288	-60.5	169.25	162	1186	233206635 3.5017396	
2.36846633649543	-56	-65.0625	163	1130	233206637 3.5043527	
5.50085510535791	-61	-15	164	1186	233206645 3.5122528	
5.24314633299312	-56.5	-6.875	165	1130	233206649 3.5161805	
2.21506825770687	-60	130.1875	166	1186	233206672 3.5386646	
2.15984494934298	-56	8.9375	167	1130	233206677 3.5437143	
1.95735948534208	-60.5	182.25	168	1186	233206679 3.5461311	
2.12302941043373	-56	108.1875	169	1130	233206681 3.5480601	
2.17211679564607	-56.5	74	170	1130	233206681 3.5487699	
2.33778672073772	-61	78.0625	171	1186	233206682 3.5497367	
5.43642791226671	-61.5	2	172	1186	233206866 3.7330688	
5.19099098620501	-56.5	21.125	173	1130	233206880 3.7472476	
1.94508763903899	-56	74	174	1130	233206883 3.7499985	
2.36233041334389	-61.5	-74	175	1186	233206885 3.7520976	
2.25801971976766	-56	26	176	1130	233206903 3.7701036	
2.1046216409791	-60.5	87.0625	177	1186	233206910 3.777385	
2.27029156607075	-56	39	178	1130	233206913 3.7798838	
2.12916533358527	-60.5	95.1875	179	1186	233206916 3.7826815	
5.49778714378214	-61.5	-8.125	180	1186	233206925 3.7923675	
2.21813621928264	-56.5	32.9375	181	1130	233206930 3.7967969	
2.23347602716149	-56.5	21.9375	182	1130	233206941 3.8073575	
2.30097118182846	-60.5	43.125	183	1186	233206942 3.8087169	
2.1475731030399	-60.5	80.5625	184	1186	233206943 3.8100016	
2.3500585670408	-56.5	-39	185	1130	233206944 3.8109214	
2.26415564291921	-56	21.9375	186	1130	233207116 3.9829853	
2.36846633649543	-60.5	-30.0625	187	1186	233207130 3.9971765	
5.38120460390283	-56.5	15	188	1130	233207132 3.9992894	
5.46403956644865	-61	36.1875	189	1186	233207136 4.0033069	
2.14143717988836	-56.5	104.125	190	1130	233207140 4.007102	
2.42982556801086	-60.5	-117.125	191	1186	233207144 4.011323	
2.13530125673681	-55.5	-34.9375	192	1130	233207148 4.0148397	
2.14143717988836	-60	139.125	193	1186	233207162 4.028822	
1.91440802328128	-55.5	108.1875	194	1130	233207165 4.0313874	
2.36846633649543	-60	30.0625	195	1186	233207166 4.0327491	
5.47324345117597	-61	10.9375	196	1186	233207167 4.033807	
5.42108810438786	-56.5	-1.1875	197	1130	233207168 4.0351276	
2.14143717988836	-56	87.0625	198	1130	233207170 4.0365012	
2.42368964485931	-60.5	-147.25	199	1186	233207172 4.0381383	
2.1475731030399	-55.5	87.0625	200	1130	233207367 4.2331217	
2.47277703007165	-60	-72.375	201	1186	233207382 4.2482213	
2.19666048825224	-59.5	30.0625	202	1186	233207384 4.2503796	
2.32551487443463	-56	-26	203	1130	233207386 4.2523498	
5.45790364329711	-61.5	19.9375	204	1186	233207388 4.2545923	
5.39961237335746	-56.5	10.9375	205	1130	233207389 4.2557984	
2.24574787346458	-55.5	13	206	1130	233207391 4.2571732	
2.18438864194915	-61	126.125	207	1186	233207392 4.2584289	
2.02485464000905	-60.5	165.1875	208	1186	233207393 4.259412	
2.23347602716149	-56.5	26	209	1130	233207394 4.2600905	
2.46664110692011	-61	-178.1875	210	1186	233207395 4.2610786	
2.03099056316059	-56	160.3125	211	1130	233207396 4.2621894	
5.41188421966054	-56.5	4.875	212	1130	233207616 4.4835687	
5.40268033493323	-61	34.125	213	1186	233207619 4.4859188	
2.32551487443463	-56.5	-39	214	1130	233207620 4.4877545	
2.22120418085841	-59.5	30.0625	215	1186	233207622 4.4894118	
2.31324302813155	-60.5	-4.0625	216	1186	233207624 4.4913169	
2.22734010400995	-56	34.9375	217	1130	233207625 4.4926822	
2.50959256898091	-60.5	-65.0625	218	1186	233207626 4.4936195	
2.24574787346458	-56.5	21.9375	219	1130	233207627 4.4946228	
2.3285828360104	-61.5	-6.0625	220	1186	233207628 4.4955393	
2.23040806558572	-56.5	12.1875	221	1130	233207630 4.4973494	
2.11689348728218	-56	121.25	222	1130	233207631 4.4984424	
2.52186441528399	-60.5	-178.1875	223	1186	233207633 4.4999718	
2.28869933552538	-60	68.3125	224	1186	233207866 4.7330945	
2.31324302813155	-56	-4.0625	225	1130	233207869 4.7361787	
1.88986433067511	-60	295.375	226	1186	233207882 4.7489299	
2.20279641140378	-56	43.125	227	1130	233207885 4.7518526	
5.48858325905482	-61.5	-15	228	1186	233207887 4.7541357	
5.19099098620501	-56.5	17.0625	229	1130	233207890 4.7570221	
2.35619449019234	-60	4.0625	230	1186	233207895 4.7615379	
1.87145656122048	-56	121.25	231	1130	233207898 4.7650406	
2.07394202522139	-60	182.25	232	1186	233207900 4.7671747	
2.25188379661612	-56.5	48	233	1130	233207902 4.768616	
2.25188379661612	-56.5	30.0625	234	1130	233207903 4.7695199	
2.44209741431394	-60.5	-95.1875	235	1186	233207904 4.7704782	
5.43335995069094	-61	25.1875	236	1186	233207905 4.7716654	
5.39040848863014	-56.5	21.125	237	1130	233207906 4.772729	
2.16598087249453	-56.5	87.0625	238	1130	233208116 4.982771	
2.14143717988836	-61	143.1875	239	1186	233208118 4.9847025	
2.08621387152447	-56.5	65.0625	240	1130	233208118 4.9854144	
2.41141779855623	-61.5	-130.1875	241	1186	233208119 4.9862825	
2.25188379661612	-56	30.0625	242	1130	233208121 4.9882473	
2.42982556801086	-60	-48	243	1186	233208122 4.9892201	
5.39347645020591	-56.5	4.875	244	1130	233208123 4.9900972	
5.48551529747905	-61.5	10.9375	245	1186	233208124 4.9908906	
2.36233041334389	-60	-65.0625	246	1186	233208125 4.991696	
1.91440802328128	-56	95.1875	247	1130	233208126 4.9926082	
5.42415606596363	-61	39.0625	248	1186	233208127 4.9936189	
5.40268033493323	-56.5	10.9375	249	1130	233208127 4.9942876	
2.20893233455532	-60	52.0625	250	1186	233208128 4.9952223	
2.31324302813155	-56	-30.0625	251	1130	233208129 4.9961041	
2.41755372170777	-60	-91.125	252	1186	233208366 5.2328989	
2.37460225964697	-55.5	-121.25	253	1130	233208376 5.2432511	
2.34392264388926	-56.5	-43.125	254	1130	233208382 5.2483241	
2.02485464000905	-60.5	164.375	255	1186	233208393 5.2597484	
5.54687452899448	-61.5	-10.125	256	1186	233208429 5.2954351	
5.24007837141735	-56.5	6.875	257	1130	233208430 5.2971985	
2.38687410595006	-59.5	-48	258	1186	233208432 5.2989457	
2.20893233455532	-56.5	-82.1875	259	1130	233208433 5.300144	
2.04939833261522	-59.5	113.0625	260	1186	233208435 5.301434	
2.13530125673681	-56	126.125	261	1130	233208436 5.3023254	
2.45436926061703	-60	-148.0625	262	1186	233208436 5.3032429	
2.14143717988836	-55.5	91.125	263	1130	233208438 5.3047079	
5.47937937432751	-61	10.9375	264	1186	233208615 5.4828174	
2.27335952764652	-56.5	8.125	265	1130	233208618 5.4854425	
2.22120418085841	-56	61	266	1130	233208621 5.4879774	
2.32551487443463	-60.5	-21.9375	267	1186	233208623 5.4903662	
2.28256341237383	-56.5	4.0625	268	1130	233208625 5.4928364	
1.94508763903899	-60	234.3125	269	1186	233208656 5.5233588	
2.1905245651007	-56.5	61	270	1130	233208659 5.5259793	
2.1046216409791	-60	178.1875	271	1186	233208662 5.5286761	
5.51926287481254	-61	-19.9375	272	1186	233208666 5.5330726	
5.34438906499357	-56.5	32.9375	273	1130	233208669 5.536075	
2.18438864194915	-59.5	61	274	1186	233208675 5.5416446	
2.33165079758617	-56	-56.125	275	1130	233208691 5.5577662	
2.00031094740288	-60.5	117.125	276	1186	233208694 5.5611454	
1.98803910109979	-56	56.125	277	1130	233208698 5.5645733	
2.11689348728218	-56.5	-8.9375	278	1130	233208867 5.733391	
2.23961195031304	-60.5	17.0625	279	1186	233208879 5.7458217	
5.39347645020591	-56.5	6.0625	280	1130	233208883 5.7498114	
5.46710752802443	-61	28.0625	281	1186	233208886 5.7525825	
2.12302941043373	-56	113.0625	282	1130	233208889 5.7557658	
2.30097118182846	-60	39	283	1186	233208901 5.7673599	
2.47277703007165	-60.5	-234.3125	284	1186	233208905 5.7719293	
2.06780610206984	-56.5	160.3125	285	1130	233208907 5.7735109	
2.31937895128309	-56.5	-34.9375	286	1130	233208908 5.7753334	
2.09234979467601	-59.5	139.9375	287	1186	233208925 5.7916634	
5.45176772014557	-61.5	43.9375	288	1186	233208930 5.79639	
5.19099098620501	-56.5	17.0625	289	1130	233208933 5.7998313	
2.00031094740288	-56.5	39	290	1130	233208936 5.8029372	
2.27029156607075	-61	-13	291	1186	233208940 5.8070291	
1.95735948534208	-56	95.1875	292	1130	233209116 5.9830305	
2.09848571782756	-60.5	152.125	293	1186	233209134 6.0011402	
2.41141779855623	-60.5	-113.0625	294	1186	233209136 6.0030057	
1.89600025382665	-56	147.25	295	1130	233209138 6.0045183	
2.34085468231349	-61	27.25	296	1186	233209139 6.0062	
5.39347645020591	-56.5	10.9375	297	1130	233209141 6.0076695	
2.38073818279852	-56.5	-78.0625	298	1130	233209142 6.0091304	
2.36846633649543	-62	-2.5625	299	1186	233209143 6.0103869	
2.14143717988836	-56.5	82.1875	300	1130	233209145 6.0119408	
2.04939833261522	-60	204.25	301	1186	233209147 6.0135419	
2.18438864194915	-56.5	87.0625	302	1130	233209148 6.0148234	
2.09234979467601	-60	-20.3125	303	1186	233209149 6.0160322	
5.45483568172134	-61	-4.875	304	1186	233209376 6.2427	
5.36586479602397	-56.5	27.25	305	1130	233209379 6.2464668	
2.36846633649543	-60.5	-56.125	306	1186	233209383 6.2499302	
2.27029156607075	-56	21.9375	307	1130	233209391 6.2579391	
2.11075756413064	-61	180.625	308	1186	233209395 6.2625352	
2.35619449019234	-56	-65.0625	309	1130	233209402 6.26879	
1.93281579273591	-61	247.375	310	1186	233209409 6.2764893	
2.09234979467601	-56	143.1875	311	1130	233209416 6.2834792	
5.20326283250809	-56.5	8.125	312	1130	233209418 6.2847162	
5.50699102850945	-61.5	-8.125	313	1186	233209419 6.2863243	
2.08621387152447	-56	-17.0625	314	1130	233209420 6.2871702	
2.12916533358527	-61	134.25	315	1186	233209422 6.2888121	
2.23961195031304	-56	48	316	1130	233209422 6.2893243	
2.02485464000905	-60	212.375	317	1186	233209423 6.2897803	
2.15370902619144	-56	82.1875	318	1130	233209626 6.4926684	
2.01258279370596	-60.5	130.1875	319	1186	233209645 6.5119711	
5.51619491323677	-61	14.1875	320	1186	233209650 6.517047	
2.07700998679716	-56.5	10.9375	321	1130	233209660 6.5264742	
1.92054394643282	-56	113.0625	322	1130	233209667 6.5333032	
2.40528187540469	-60.5	-126.125	323	1186	233209670 6.5372844	
2.25801971976766	-56.5	26	324	1130	233209675 6.5418577	
2.05553425576676	-60	173.3125	325	1186	233209678 6.5448008	
2.16598087249453	-55.5	48	326	1130	233209681 6.5481168	
1.77941771394734	-60	303.5	327	1186	233209683 6.5497071	
2.32244691285886	-61.5	17.875	328	1186	233209684 6.5514628	
5.43029198911517	-56.5	-1.1875	329	1130	233209686 6.5528636	
2.38073818279852	-56.5	-65.0625	330	1130	233209687 6.5542209	
2.54027218473862	-60	-234.3125	331	1186	233209688 6.5553804	
2.32551487443463	-56.5	0	332	1130	233209866 6.7327263	
1.93895171588745	-60.5	180.625	333	1186	233209868 6.7350344	
2.11689348728218	-56	108.1875	334	1130	233209870 6.7369358	
2.12916533358527	-61.5	104.125	335	1186	233209872 6.7387098	
5.34438906499357	-56.5	30.875	336	1130	233209875 6.7417756	
5.46403956644865	-61	6.875	337	1186	233209877 6.7435145	
2.45436926061703	-60.5	-82.1875	338	1186	233209878 6.7452196	
2.27029156607075	-56.5	30.0625	339	1130	233209880 6.747017	
2.16598087249453	-60.5	143.1875	340	1186	233209882 6.7486602	
2.31937895128309	-56	0	341	1130	233209883 6.7497855	
2.1046216409791	-56	100.0625	342	1130	233209884 6.7509275	
2.24574787346458	-60	72.375	343	1186	233209885 6.7519184	
5.40881625808477	-56.5	15.8125	344	1130	233210116 6.9829019	
2.34392264388926	-60.5	-30.0625	345	1186	233210122 6.9881465	
2.14143717988836	-60.5	95.1875	346	1186	233210138 7.0050039	
2.25801971976766	-56	13	347	1130	233210154 7.0209079	
5.48244733590328	-61	-23.1875	348	1186	233210157 7.0243551	
5.45483568172134	-56.5	-12.1875	349	1130	233210164 7.0312301	
2.34392264388926	-61	-74	350	1186	233210182 7.0498237	
2.06780610206984	-55.5	126.125	351	1130	233210186 7.053202	
2.17825271879761	-56.5	91.125	352	1130	233210189 7.0565317	
2.27642748922229	-60.5	43.125	353	1186	233210191 7.0580871	
2.15984494934298	-56.5	48	354	1130	233210193 7.0599043	
2.03099056316059	-60	156.1875	355	1186	233210195 7.0620745	
5.39347645020591	-61	19.9375	356	1186	233210366 7.2326502	
5.39961237335746	-56.5	12.1875	357	1130	233210370 7.2374652	
2.20279641140378	-56	30.0625	358	1130	233210374 7.2416064	
2.28256341237383	-60	4.0625	359	1186	233210390 7.2568835	
2.49118479952628	-60	-108.1875	360	1186	233210392 7.2590636	
2.1046216409791	-56	139.125	361	1130	233210400 7.2673023	
2.3930100291016	-60.5	-56.125	362	1186	233210403 7.2697105	
2.31324302813155	-56	-39	363	1130	233210405 7.2717232	
5.4701754896002	-61.5	4.0625	364	1186	233210409 7.2757709	
5.24314633299312	-56.5	6.0625	365	1130	233210412 7.2788777	
2.32551487443463	-60	-30.0625	366	1186	233210415 7.2821663	
2.16598087249453	-56	-31.6875	367	1130	233210417 7.2841117	
2.17211679564607	-60	87.875	368	1186	233210420 7.2868453	
2.08621387152447	-56.5	147.25	369	1130	233210423 7.2903505	
2.36233041334389	-60.5	13	370	1186	233210617 7.4835604	
2.31937895128309	-56.5	-4.0625	371	1130	233210629 7.4962139	
5.36893275759974	-56.5	19.9375	372	1130	233210635 7.5027526	
5.48551529747905	-61.5	-13	373	1186	233210636 7.5035504	
2.1046216409791	-56	91.125	374	1130	233210651 7.5170412	
2.06780610206984	-60.5	121.25	375	1186	233210655 7.5215387	
2.23347602716149	-60.5	65.0625	376	1186	233210656 7.5235742	
2.22120418085841	-56	48	377	1130	233210658 7.5250788	
2.40528187540469	-60.5	39.875	378	1186	233210659 7.5259882	
2.30710710498	-56.5	-39	379	1130	233210660 7.5271961	
5.50392306693368	-61	-6.0625	380	1186	233210661 7.5288007	
5.39654441178169	-56.5	4.875	381	1130	233210663 7.5305501	
1.71192255928038	-60.5	308.375	382	1186	233210666 7.5323773	
2.11689348728218	-56	78.0625	383	1130	233210674 7.5408999	
2.19666048825224	-56.5	61	384	1130	233210866 7.7325565	
2.00644687055442	-60	286.4375	385	1186	233210868 7.734631	
2.09848571782756	-56	169.25	386	1130	233210871 7.7374688	
2.34392264388926	-60.5	-4.0625	387	1186	233210873 7.7397166	
5.43642791226671	-61	37	388	1186	233210874 7.7410916	
5.39040848863014	-56.5	8.125	389	1130	233210875 7.7422855	
2.00031094740288	-60.5	204.25	390	1186	233210877 7.7436523	
2.26415564291921	-56.5	-4.0625	391	1130	233210878 7.7450296	
2.16598087249453	-56	69.125	392	1130	233210880 7.746772	
2.28256341237383	-61	-8.9375	393	1186	233210881 7.7480311	
2.17825271879761	-56.5	78.0625	394	1130	233210883 7.7495359	
2.49732072267782	-60	-112.25	395	1186	233210884 7.7508835	
5.44256383541826	-61.5	43.125	396	1186	233211116 7.9824894	
5.39654441178169	-56.5	4.875	397	1130	233211119 7.9854457	
2.23961195031304	-56	8.9375	398	1130	233211121 7.9876836	
2.04326240946367	-60.5	230.25	399	1186	233211124 7.9907122	
2.08007794837293	-60	113.0625	400	1186	233211126 7.9925523	
2.18438864194915	-56	78.0625	401	1130	233211126 7.9930828	
2.4789129532232	-60.5	-216.4375	402	1186	233211127 7.9943877	
2.38073818279852	-56	-34.9375	403	1130	233211135 8.0023733	
5.45176772014557	-61.5	8.125	404	1186	233211144 8.0108498	
5.42415606596363	-56.5	2.8125	405	1130	233211145 8.011669	
2.32551487443463	-61	-13	406	1186	233211146 8.0129724	
2.26415564291921	-56.5	-17.0625	407	1130	233211146 8.013917	
2.36846633649543	-56.5	-65.0625	408	1130	233211148 8.0148685	
2.38687410595006	-60.5	-173.3125	409	1186	233211149 8.0161833	
2.33778672073772	-56.5	-39	410	1130	233211366 8.2330856	
2.25188379661612	-60	-52.0625	411	1186	233211368 8.2355321	
5.44563179699403	-61	30.0625	412	1186	233211370 8.2369735	
5.40881625808477	-56.5	1.1875	413	1130	233211374 8.2413511	
2.25188379661612	-56	48	414	1130	233211378 8.2452743	
2.46664110692011	-60	-72.375	415	1186	233211384 8.2508541	
2.05553425576676	-59.5	182.25	416	1186	233211385 8.2525447	
2.19666048825224	-56	39	417	1130	233211391 8.2580319	
2.14143717988836	-56	82.1875	418	1130	233211391 8.2587404	
2.36233041334389	-61	78.0625	419	1186	233211393 8.2595081	
5.39347645020591	-56.5	15.8125	420	1130	233211394 8.260492	
5.51926287481254	-61	6.875	421	1186	233211395 8.2621302	
2.16598087249453	-56.5	69.125	422	1130	233211406 8.2731788	
2.31324302813155	-60.5	-17.0625	423	1186	233211410 8.277371	
2.40528187540469	-60.5	-74	424	1186	233211616 8.4824809	
2.28256341237383	-56	-13	425	1130	233211618 8.484672	
2.25188379661612	-59.5	17.0625	426	1186	233211620 8.4863922	
2.31937895128309	-56	-21.9375	427	1130	233211622 8.4881063	
5.42108810438786	-56.5	2.8125	428	1130	233211623 8.4898489	
2.34392264388926	-62	-0.875	429	1186	233211624 8.4907086	
2.36846633649543	-60.5	-13	430	1186	233211625 8.4916555	
2.27029156607075	-56.5	30.0625	431	1130	233211626 8.4927884	
2.14143717988836	-61	68.3125	432	1186	233211628 8.4943721	
2.38073818279852	-56	-87.0625	433	1130	233211635 8.5014827	
2.1475731030399	-56.5	74	434	1130	233211638 8.5042789	
2.31324302813155	-60	8.9375	435	1186	233211645 8.5114533	
5.48551529747905	-61.5	14.1875	436	1186	233211866 8.7327408	
5.19712690935655	-56.5	4.875	437	1130	233211879 8.7455226	
2.3500585670408	-60.5	17.0625	438	1186	233211881 8.7481234	
1.92054394643282	-56	152.125	439	1130	233211884 8.7509168	
2.1046216409791	-60	143.1875	440	1186	233211890 8.7565043	
2.34392264388926	-56	-43.125	441	1130	233211904 8.7713791	
2.42982556801086	-61.5	-78.0625	442	1186	233211906 8.7731401	
2.34392264388926	-55.5	-28.4375	443	1130	233211908 8.775029	
5.17871913990192	-56.5	27.25	444	1130	233211910 8.7767525	
2.54640810789016	-60.5	-212.375	445	1186	233211912 8.7784895	
2.39914595225314	-56	-82.1875	446	1130	233211913 8.7797016	
2.18438864194915	-61	78.0625	447	1186	233211914 8.7804659	
5.405748296509	-56.5	2	448	1130	233212115 8.9823193	
5.51619491323677	-62	-0.4375	449	1186	233212120 8.9864056	
2.23347602716149	-56	43.125	450	1130	233212124 8.990951	
2.12302941043373	-61	165.1875	451	1186	233212130 8.9966204	
2.1905245651007	-59	95.1875	452	1186	233212146 9.0129689	
2.17825271879761	-56	56.125	453	1130	233212150 9.0169599	
2.13530125673681	-56	74	454	1130	233212156 9.0228761	
2.15370902619144	-60.5	83.8125	455	1186	233212159 9.0263959	
5.42108810438786	-56.5	4.0625	456	1130	233212165 9.0310607	
5.4272240275394	-61.5	39.0625	457	1186	233212169 9.0354536	
2.31937895128309	-59.5	-30.0625	458	1186	233212173 9.0398428	
2.0187187168575	-56	156.1875	459	1130	233212179 9.0462614	
2.24574787346458	-60	80.5625	460	1186	233212184 9.0510165	
2.11075756413064	-56	134.25	461	1130	233212202 9.0690181	
2.28256341237383	-56.5	-21.9375	462	1130	233212376 9.2423684	
2.35619449019234	-61	0	463	1186	233212397 9.2633863	
5.47631141275174	-61.5	-34.125	464	1186	233212398 9.2653215	
5.36586479602397	-56.5	30.875	465	1130	233212400 9.2671875	
2.4789129532232	-60	-95.1875	466	1186	233212405 9.2721426	
2.31324302813155	-56	-34.9375	467	1130	233212411 9.2774464	
2.24574787346458	-56	39	468	1130	233212412 9.2791601	
2.41755372170777	-61	-82.1875	469	1186	233212417 9.2839022	
2.42368964485931	-56	-108.1875	470	1130	233212424 9.2905176	
2.13530125673681	-60.5	104.125	471	1186	233212425 9.2915214	
5.49471918220637	-61	12.1875	472	1186	233212425 9.2921599	
2.26415564291921	-56.5	8.9375	473	1130	233212437 9.3042759	
2.25801971976766	-56.5	34.9375	474	1130	233212440 9.3064955	
5.54687452899448	-62	-4.25	475	1186	233212441 9.3083819	
2.17211679564607	-56	-69.125	476	1130	233212615 9.4822353	
2.11075756413064	-60.5	95.1875	477	1186	233212624 9.4907536	
2.06780610206984	-56	0	478	1130	233212653 9.5202965	
2.32551487443463	-60.5	87.875	479	1186	233212655 9.5224729	
5.47937937432751	-61.5	-2.8125	480	1186	233212657 9.524124	
5.22167060196272	-56.5	8.9375	481	1130	233212658 9.5253344	
2.4359614911624	-60.5	-126.125	482	1186	233212660 9.5266661	
1.94508763903899	-56	120.4375	483	1130	233212661 9.5280918	
2.41755372170777	-61	8.9375	484	1186	233212662 9.5290637	
2.19666048825224	-56.5	100.0625	485	1130	233212663 9.5300194	
2.11689348728218	-60.5	172.5	486	1186	233212664 9.5308732	
2.28869933552538	-56	0	487	1130	233212665 9.5321044	
5.37506868075129	-56.5	26	488	1130	233212865 9.7324032	
5.46403956644865	-61.5	-10.125	489	1186	233212869 9.7365475	
2.1475731030399	-61	130.1875	490	1186	233212876 9.7435251	
2.33165079758617	-56.5	-43.125	491	1130	233212878 9.7449577	
2.18438864194915	-61	100.0625	492	1186	233212879 9.7462251	
2.42982556801086	-55.5	-121.25	493	1130	233212882 9.7495588	
2.13530125673681	-56.5	108.1875	494	1130	233212888 9.7551405	
2.23347602716149	-61	78.0625	495	1186	233212890 9.7575764	
5.44563179699403	-61.5	28.0625	496	1186	233212892 9.759564	
5.20939875565964	-56.5	13	497	1130	233212894 9.761419	
2.11075756413064	-55.5	-4.0625	498	1130	233212896 9.7632202	
2.01258279370596	-60	147.25	499	1186	233212898 9.7649238	
2.36846633649543	-60	-74	500	1186	233212901 9.7681081	
2.16598087249453	-56	56.125	501	1130	233212902 9.76911	
2.06780610206984	-60	230.25	502	1186	233213116 9.9822419	
2.30710710498	-56	-13	503	1130	233213121 9.9872064	
5.40268033493323	-56.5	6.0625	504	1130	233213123 9.989819	
5.4486997585698	-61.5	-2.8125	505	1186	233213125 9.9921375	
2.17211679564607	-56.5	39	506	1130	233213130 9.9960949	
2.09848571782756	-61	160.3125	507	1186	233213132 9.9982032	
2.25801971976766	-57	26	508	1130	233213132 9.9991484	
2.46664110692011	-60	-74	509	1186	233213134 10.0006823	
2.30097118182846	-56	21.9375	510	1130	233213136 10.002568	
2.17211679564607	-60	56.125	511	1186	233213138 10.0043063	
5.21860264038695	-56.5	13	512	1130	233213141 10.0076702	
5.48244733590328	-61.5	15	513	1186	233213145 10.0118575	
1.98803910109979	-60	280.75	514	1186	233213148 10.0143195	
1.90827210012974	-56	139.125	515	1130	233213150 10.0166529	
2.00644687055442	-60	252.25	516	1186	233213365 10.2321557	
2.37460225964697	-56	-78.0625	517	1130	233213369 10.2358004	
2.41755372170777	-60	-74	518	1186	233213373 10.2396499	
2.28869933552538	-56.5	-78.0625	519	1130	233213374 10.2413603	
5.46097160487288	-61.5	0	520	1186	233213379 10.2454042	
2.07394202522139	-56.5	10.125	521	1130	233213380 10.2473483	
2.18438864194915	-56	8.9375	522	1130	233213381 10.2481523	
2.33778672073772	-61	-43.125	523	1186	233213382 10.2488022	
2.16598087249453	-60.5	169.25	524	1186	233213383 10.2496148	
2.26415564291921	-56	4.0625	525	1130	233213383 10.2503664	
2.17825271879761	-56.5	65.0625	526	1130	233213384 10.2508452	
2.12916533358527	-60.5	126.125	527	1186	233213386 10.2524846	
5.43949587384248	-56.5	-4.0625	528	1130	233213615 10.4821254	
5.43949587384248	-61.5	12.1875	529	1186	233213619 10.4856037	
2.24574787346458	-56.5	-4.0625	530	1130	233213621 10.4881688	
2.36846633649543	-60.5	-56.125	531	1186	233213624 10.4906053	
2.31937895128309	-60.5	-17.0625	532	1186	233213627 10.494346	
2.25188379661612	-56.5	52.0625	533	1130	233213630 10.4971481	
2.11075756413064	-60.5	65.0625	534	1186	233213632 10.4995415	
2.4359614911624	-56	-104.125	535	1130	233213634 10.5015977	
5.39347645020591	-56.5	19.9375	536	1130	233213637 10.5037765	
5.4272240275394	-61	8.125	537	1186	233213639 10.5060686	
2.23347602716149	-60.5	43.125	538	1186	233213644 10.510958	
2.25801971976766	-56.5	-17.0625	539	1130	233213653 10.5202182	
2.27642748922229	-56.5	8.9375	540	1130	233213875 10.742126	
2.08007794837293	-60.5	169.25	541	1186	233213878 10.7444251	
2.12916533358527	-56	165.1875	542	1130	233213905 10.7719125	
2.46664110692011	-60.5	-236.75	543	1186	233213910 10.7771074	
5.41495218123631	-56.5	0	544	1130	233213914 10.7804182	
5.46097160487288	-61.5	-10.9375	545	1186	233213917 10.7837107	
2.39914595225314	-56	-61	546	1130	233213920 10.7871841	
2.47277703007165	-61	-113.0625	547	1186	233213925 10.7915039	
5.38120460390283	-56.5	15.8125	548	1130	233213928 10.7950615	
5.46710752802443	-61.5	-8.125	549	1186	233213929 10.7962355	
2.30097118182846	-56	-21.9375	550	1130	233213931 10.7973094	
2.15370902619144	-60	104.125	551	1186	233213932 10.7990649	
2.46664110692011	-60	-134.25	552	1186	233213936 10.8028239	
2.00644687055442	-56	8.9375	553	1130	233213937 10.8039961	
2.16598087249453	-60.5	91.9375	554	1186	233214115 10.9820018	
2.29483525867692	-56	-100.0625	555	1130	233214126 10.9927631	
5.4486997585698	-61.5	1.1875	556	1186	233214157 11.0238006	
5.19712690935655	-56.5	12.1875	557	1130	233214158 11.0246999	
2.22120418085841	-56	-69.125	558	1130	233214159 11.0264529	
2.18438864194915	-60.5	165.1875	559	1186	233214161 11.028098	
2.0187187168575	-56	87.0625	560	1130	233214162 11.0293384	
2.3930100291016	-60.5	-104.125	561	1186	233214164 11.0308851	
2.28869933552538	-62	-26	562	1186	233214166 11.0323922	
1.88372840752357	-56	152.125	563	1130	233214167 11.0337907	
2.3500585670408	-61.5	37	564	1186	233214169 11.0355252	
5.23087448669004	-56.5	6.875	565	1130	233214170 11.0367744	
2.6384469551633	-59.5	-251.4375	566	1186	233214171 11.0380229	
2.0187187168575	-56.5	61	567	1130	233214172 11.0387765	
2.48504887637474	-60.5	-178.1875	568	1186	233214365 11.2320672	
2.20893233455532	-56.5	-8.9375	569	1130	233214367 11.2336743	
2.28256341237383	-60.5	-43.125	570	1186	233214368 11.2351193	
2.16598087249453	-56.5	108.1875	571	1130	233214371 11.2378765	
5.52846675953985	-61.5	-6.0625	572	1186	233214373 11.2393637	
5.17565117832615	-56.5	28.875	573	1130	233214374 11.2406784	
2.12302941043373	-55.5	-48	574	1130	233214375 11.2419844	
2.30097118182846	-59.5	64.25	575	1186	233214377 11.2434358	
2.51572849213245	-60.5	-139.125	576	1186	233214377 11.2442544	
2.3930100291016	-56	-87.0625	577	1130	233214378 11.2451142	
2.1475731030399	-60.5	238.4375	578	1186	233214379 11.2461785	
2.40528187540469	-56	-78.0625	579	1130	233214380 11.2472346	
5.39961237335746	-56.5	4.875	580	1130	233214625 11.4917734	
5.43029198911517	-61.5	17.875	581	1186	233214631 11.4985127	
2.1905245651007	-55.5	61	582	1130	233214633 11.5001846	
2.04939833261522	-59.5	243.3125	583	1186	233214648 11.5156052	
2.33165079758617	-56	-34.9375	584	1130	233214652 11.519172	
2.22734010400995	-60	124.5	585	1186	233214656 11.5231019	
2.22120418085841	-56.5	30.0625	586	1130	233214661 11.5278662	
2.29483525867692	-60.5	-12.1875	587	1186	233214666 11.5326883	
5.39040848863014	-56.5	21.9375	588	1130	233214669 11.5360048	
5.48551529747905	-61	24	589	1186	233214672 11.538945	
2.19666048825224	-61	69.125	590	1186	233214672 11.5394695	
2.11689348728218	-56	130.1875	591	1130	233214673 11.5400963	
2.1905245651007	-60.5	78.0625	592	1186	233214680 11.5467105	
2.1475731030399	-55.5	43.125	593	1130	233214682 11.5493554	
2.28869933552538	-56.5	8.9375	594	1130	233214876 11.742043	
2.03712648631213	-60	199.375	595	1186	233214878 11.7442748	
2.24881583504035	-56.5	15.8125	596	1130	233214879 11.7460087	
5.42108810438786	-61.5	23.1875	597	1186	233214882 11.7482954	
2.03099056316059	-60.5	221.3125	598	1186	233214884 11.7501869	
2.33165079758617	-56	-21.9375	599	1130	233214884 11.7519448	
2.34392264388926	-60	-134.25	600	1186	233214886 11.7536199	
2.29483525867692	-55.5	-34.9375	601	1130	233214889 11.7552066	
2.50345664582937	-60	-120.4375	602	1186	233214890 11.7567273	
2.37460225964697	-56	-61	603	1130	233214892 11.7581894	
5.51005899008522	-61.5	-2.8125	604	1186	233214893 11.7596828	
5.21553467881118	-56.5	8.9375	605	1130	233214895 11.7611154	
2.11075756413064	-60	69.125	606	1186	233214895 11.7629068	
1.95735948534208	-56	43.125	607	1130	233214897 11.7643693	
2.20893233455532	-56.5	30.0625	608	1130	233215115 11.9817177	
2.05553425576676	-60.5	147.25	609	1186	233215115 11.9826096	
2.46050518376857	-59.5	-112.25	610	1186	233215120 11.9870386	
2.15370902619144	-56.5	78.0625	611	1130	233215134 12.0014664	
2.30097118182846	-61	10.125	612	1186	233215136 12.0027409	
2.27642748922229	-56.5	2.8125	613	1130	233215137 12.004137	
2.22734010400995	-56.5	13	614	1130	233215139 12.005235	
2.13530125673681	-60	135.875	615	1186	233215139 12.0059082	
2.29483525867692	-56	-17.0625	616	1130	233215140 12.0067862	
2.08007794837293	-60	117.125	617	1186	233215141 12.0085656	
1.93281579273591	-60.5	230.25	618	1186	233215142 12.0093828	
2.23347602716149	-57	24.375	619	1130	233215144 12.0105073	
5.45790364329711	-61	15	620	1186	233215375 12.2419341	
5.41188421966054	-56.5	8.9375	621	1130	233215396 12.2622886	
2.1046216409791	-56.5	95.1875	622	1130	233215399 12.2651835	
2.41141779855623	-60.5	-147.25	623	1186	233215403 12.2694018	
2.22734010400995	-56	43.125	624	1130	233215407 12.2735353	
2.3930100291016	-60.5	-134.25	625	1186	233215412 12.2791276	
2.3930100291016	-56.5	-91.125	626	1130	233215418 12.2845216	
2.49118479952628	-60.5	-156.1875	627	1186	233215440 12.3070339	
5.47324345117597	-61.5	4.0625	628	1186	233215445 12.3112539	
2.23040806558572	-56.5	17.875	629	1130	233215450 12.3163982	
2.00644687055442	-60.5	186.3125	630	1186	233215454 12.3211378	
2.21506825770687	-56	26	631	1130	233215458 12.3245958	
2.24574787346458	-60.5	48	632	1186	233215462 12.3286204	
2.16598087249453	-56.5	26	633	1130	233215464 12.3302532	
2.28869933552538	-56.5	0	634	1130	233215615 12.4819288	
2.42982556801086	-60	-134.25	635	1186	233215617 12.4842683	
5.33825314184203	-56.5	32.9375	636	1130	233215619 12.4864829	
5.43949587384248	-61	26	637	1186	233215622 12.488792	
2.15370902619144	-56	65.0625	638	1130	233215623 12.49064	
2.36846633649543	-60	-20.3125	639	1186	233215625 12.4924014	
1.82850509915968	-55.5	173.3125	640	1130	233215627 12.4942542	
2.46664110692011	-60	-91.125	641	1186	233215629 12.4962374	
2.21506825770687	-60	78.0625	642	1186	233215631 12.498108	
2.0187187168575	-56.5	30.0625	643	1130	233215633 12.5000722	
2.3500585670408	-61	0	644	1186	233215635 12.5016959	
5.39347645020591	-56.5	13	645	1130	233215636 12.503366	
2.09848571782756	-61.5	61	646	1186	233215865 12.73192	
2.12302941043373	-56	74	647	1130	233215884 12.7508216	
5.50699102850945	-61	1.1875	648	1186	233215887 12.754105	
5.41188421966054	-56.5	1.1875	649	1130	233215888 12.7553595	
2.15370902619144	-60	26	650	1186	233215890 12.7569852	
2.33165079758617	-56.5	-83.8125	651	1130	233215891 12.758258	
2.08007794837293	-56.5	121.25	652	1130	233215893 12.7598036	
2.23347602716149	-61	56.125	653	1186	233215894 12.7611609	
2.1046216409791	-59.5	21.9375	654	1186	233215896 12.7626031	
2.31324302813155	-56.5	-4.0625	655	1130	233215897 12.7639709	
5.43949587384248	-61	21.125	656	1186	233215898 12.7651624	
5.43029198911517	-56.5	-6.875	657	1130	233215900 12.7665284	
2.22734010400995	-56	26	658	1130	233215901 12.7678662	
2.49118479952628	-60	-13	659	1186	233215902 12.7691026	
2.20279641140378	-56.5	12.1875	660	1130	233216115 12.9817177	
2.21506825770687	-60	48	661	1186	233216117 12.9839402	
2.27642748922229	-60	13	662	1186	233216119 12.9856589	
2.15370902619144	-56.5	87.0625	663	1130	233216122 12.9884397	
5.51005899008522	-61.5	-6.875	664	1186	233216130 12.9968285	
5.40268033493323	-56.5	17.875	665	1130	233216134 13.0007745	
2.01258279370596	-60.5	200.1875	666	1186	233216135 13.0018752	
2.33778672073772	-56	-72.375	667	1130	233216136 13.0028006	
2.3500585670408	-56.5	-120.4375	668	1130	233216137 13.0037985	
2.41141779855623	-60.5	-56.125	669	1186	233216138 13.0048537	
2.46050518376857	-60.5	-87.0625	670	1186	233216139 13.0064753	
2.21506825770687	-56	39	671	1130	233216141 13.0079472	
5.3842725654786	-56.5	19.9375	672	1130	233216365 13.2318268	
5.4486997585698	-61	-8.9375	673	1186	233216371 13.2371042	
2.45436926061703	-56.5	-117.125	674	1130	233216380 13.2464658	
2.20893233455532	-61	87.0625	675	1186	233216382 13.2495072	
2.62003918570868	-60	-232.6875	676	1186	233216385 13.2523097	
2.3500585670408	-56	-68.3125	677	1130	233216391 13.2587511	
2.33778672073772	-56.5	-34.9375	678	1130	233216397 13.2643126	
2.50959256898091	-60.5	-143.1875	679	1186	233216401 13.2684058	
5.41495218123631	-56.5	13	680	1130	233216411 13.2786451	
5.46710752802443	-61	19.9375	681	1186	233216414 13.2812525	
2.35619449019234	-60.5	-108.1875	682	1186	233216416 13.2832392	
2.34392264388926	-56	-34.9375	683	1130	233216420 13.2862265	
1.99417502425133	-55.5	104.125	684	1130	233216428 13.2953196	
2.49118479952628	-60.5	-282.375	685	1186	233216431 13.298797	
2.09234979467601	-57	2.5625	686	1130	233216615 13.4818439	
5.51005899008522	-62	-0.875	687	1186	233216617 13.4844109	
5.43029198911517	-61.5	48	688	1186	233216620 13.4867294	
5.41495218123631	-56.5	-1.1875	689	1130	233216622 13.4886779	
2.46050518376857	-61	-72.375	690	1186	233216623 13.4905089	
2.32551487443463	-56	-17.0625	691	1130	233216625 13.4922956	
2.1475731030399	-60	100.0625	692	1186	233216628 13.4945939	
2.1046216409791	-56	0	693	1130	233216629 13.4963768	
2.09234979467601	-56	13	694	1130	233216631 13.4980423	
2.16598087249453	-61	34.9375	695	1186	233216633 13.4999805	
5.39654441178169	-56.5	2.8125	696	1130	233216635 13.5016398	
5.51005899008522	-61	-4.875	697	1186	233216636 13.503235	
2.38687410595006	-60.5	-83.8125	698	1186	233216638 13.5052173	
2.1905245651007	-56	87.0625	699	1130	233216640 13.5066315	
2.13530125673681	-56.5	100.0625	700	1130	233216864 13.7317486	
2.04939833261522	-60.5	230.25	701	1186	233216867 13.7342004	
2.27029156607075	-56	0	702	1130	233216871 13.7375795	
2.4789129532232	-60	-100.0625	703	1186	233216877 13.7434731	
5.41188421966054	-56.5	1.1875	704	1130	233216893 13.759824	
5.35052498814512	-61	27.25	705	1186	233216895 13.7615266	
2.0187187168575	-60	247.375	706	1186	233216897 13.7633631	
2.12916533358527	-55.5	56.125	707	1130	233216898 13.7648187	
2.01258279370596	-56	0	708	1130	233216900 13.766292	
2.3930100291016	-60.5	-78.0625	709	1186	233216901 13.7676043	
1.91440802328128	-56	134.25	710	1130	233216901 13.7684933	
2.0187187168575	-60	238.4375	711	1186	233216902 13.7691146	
5.41802014281208	-61	10.9375	712	1186	233217115 13.9817055	
5.39040848863014	-56.5	12.1875	713	1130	233217121 13.9875145	
2.11075756413064	-56	113.0625	714	1130	233217123 13.9903729	
2.41141779855623	-60.5	-104.125	715	1186	233217123 13.9911682	
2.00031094740288	-61	236.75	716	1186	233217129 13.9958947	
2.09234979467601	-56.5	121.25	717	1130	233217132 13.9994754	
2.03099056316059	-60	143.1875	718	1186	233217134 14.0007461	
2.17211679564607	-56	108.1875	719	1130	233217143 14.0100999	
5.47631141275174	-61	-1.1875	720	1186	233217149 14.015736	
5.39347645020591	-56.5	21.9375	721	1130	233217150 14.0172758	
2.11689348728218	-56.5	113.0625	722	1130	233217163 14.0291801	
2.07394202522139	-60.5	126.125	723	1186	233217164 14.0309489	
2.13530125673681	-56	74	724	1130	233217166 14.0326805	
2.46664110692011	-61	-139.125	725	1186	233217168 14.034353	
2.3500585670408	-56.5	-65.0625	726	1130	233217365 14.2319962	
1.98803910109979	-60.5	221.3125	727	1186	233217382 14.2497429	
5.46403956644865	-61.5	14.1875	728	1186	233217387 14.253847	
5.43335995069094	-56.5	-4.875	729	1130	233217392 14.2594368	
2.51572849213245	-60.5	-286.4375	730	1186	233217395 14.2621534	
2.36233041334389	-56.5	-104.125	731	1130	233217397 14.2640268	
2.23961195031304	-56	43.125	732	1130	233217400 14.2673368	
2.07394202522139	-60.5	308.375	733	1186	233217402 14.2695285	
2.3930100291016	-56.5	-135.875	734	1130	233217403 14.2705016	
2.07394202522139	-60.5	186.3125	735	1186	233217404 14.2713273	
5.41188421966054	-61	21.125	736	1186	233217405 14.272173	
5.38734052705437	-56.5	15.8125	737	1130	233217406 14.2732868	
2.42368964485931	-60	-87.0625	738	1186	233217407 14.2745906	
2.25801971976766	-56	-26	739	1130	233217409 14.2758312	
1.87145656122048	-60	286.4375	740	1186	233217615 14.4815378	
2.1905245651007	-56.5	104.125	741	1130	233217638 14.5049715	
2.34392264388926	-60.5	17.0625	742	1186	233217640 14.5069859	
2.32551487443463	-56.5	-26	743	1130	233217641 14.5086228	
5.39347645020591	-56.5	12.1875	744	1130	233217643 14.510417	
5.47324345117597	-61.5	8.125	745	1186	233217645 14.5119689	
2.22120418085841	-60.5	13	746	1186	233217646 14.5129643	
2.33165079758617	-56.5	-17.0625	747	1130	233217647 14.5139988	
5.22167060196272	-56.5	12.1875	748	1130	233217648 14.5153706	
5.48244733590328	-61.5	15.8125	749	1186	233217650 14.5172089	
2.04939833261522	-59.5	139.125	750	1186	233217651 14.5187834	
2.1905245651007	-56	-78.0625	751	1130	233217653 14.5202758	
2.12302941043373	-60	199.375	752	1186	233217864 14.7315587	
2.13530125673681	-56	8.9375	753	1130	233217873 14.739789	
2.3500585670408	-60	-26	754	1186	233217877 14.7446665	
1.98803910109979	-56	30.0625	755	1130	233217879 14.7457256	
5.40268033493323	-56.5	4.0625	756	1130	233217881 14.7482522	
5.45790364329711	-61	0	757	1186	233217884 14.7513689	
2.00031094740288	-60.5	178.1875	758	1186	233217898 14.7653269	
2.32551487443463	-56	-8.9375	759	1130	233217900 14.7670489	
2.36846633649543	-60.5	-56.125	760	1186	233217902 14.7686352	
2.39914595225314	-55.5	-147.25	761	1130	233217903 14.7702425	
2.24574787346458	-61	8.9375	762	1186	233217905 14.7719241	
2.38073818279852	-56	-108.1875	763	1130	233217907 14.773941	
5.38120460390283	-56.5	21.9375	764	1130	233218124 14.991609	
5.47937937432751	-61.5	25.1875	765	1186	233218131 14.9985782	
2.3930100291016	-60.5	-74	766	1186	233218135 15.0027781	
2.37460225964697	-56	-69.125	767	1130	233218139 15.0063841	
2.23347602716149	-56.5	52.0625	768	1130	233218141 15.0087358	
2.39914595225314	-59.5	-61	769	1186	233218143 15.0107519	
2.28256341237383	-56	8.9375	770	1130	233218145 15.012088	
2.12916533358527	-60.5	95.1875	771	1186	233218146 15.0134353	
5.46097160487288	-61.5	6.875	772	1186	233218147 15.0144181	
5.19099098620501	-56.5	17.0625	773	1130	233218148 15.0149237	
1.88986433067511	-55.5	108.1875	774	1130	233218148 15.0155979	
2.17211679564607	-61	78.0625	775	1186	233218149 15.0159906	
2.08621387152447	-60.5	91.125	776	1186	233218149 15.0171258	
2.18438864194915	-56	34.9375	777	1130	233218151 15.0184558	
2.42368964485931	-56	-91.125	778	1130	233218152 15.0196759	
2.25188379661612	-60.5	26	779	1186	233218154 15.0212604	
5.46710752802443	-61	26	780	1186	233218364 15.2313101	
5.39347645020591	-56.5	10.125	781	1130	233218367 15.2333616	
2.12916533358527	-60.5	173.3125	782	1186	233218367 15.2343457	
2.36233041334389	-56.5	-82.1875	783	1130	233218368 15.2354619	
2.35619449019234	-56	-52.0625	784	1130	233218369 15.2365977	
2.35619449019234	-61	-13	785	1186	233218371 15.2373804	
2.27642748922229	-56.5	-8.9375	786	1130	233218371 15.2382958	
2.3500585670408	-61	4.0625	787	1186	233218373 15.2399211	
5.43029198911517	-56.5	8.125	788	1130	233218374 15.2409931	
5.50699102850945	-61.5	-8.125	789	1186	233218374 15.2418218	
2.57095180049633	-59.5	-264.4375	790	1186	233218375 15.2425487	
2.15370902619144	-56	91.125	791	1130	233218376 15.2433061	
2.50345664582937	-59.5	-182.25	792	1186	233218614 15.4812391	
2.37460225964697	-56	-87.0625	793	1130	233218620 15.4879402	
2.1905245651007	-60.5	69.125	794	1186	233218624 15.4911378	
2.36233041334389	-56	-134.25	795	1130	233218633 15.5009513	
5.19099098620501	-56.5	17.0625	796	1130	233218636 15.503105	
5.46710752802443	-61.5	-1.1875	797	1186	233218639 15.5059316	
2.38687410595006	-61	-13	798	1186	233218642 15.5080047	
2.0187187168575	-56	39	799	1130	233218645 15.511749	
2.09234979467601	-56	0	800	1130	233218646 15.5135448	
2.46664110692011	-60.5	-143.1875	801	1186	233218649 15.5160493	
2.1475731030399	-55.5	-17.0625	802	1130	233218651 15.5173616	
2.29483525867692	-61	4.0625	803	1186	233218651 15.5185099	
5.3842725654786	-56.5	19.9375	804	1130	233218864 15.7312382	
5.47324345117597	-61.5	4.0625	805	1186	233218869 15.7358586	
2.16598087249453	-60	130.1875	806	1186	233218883 15.7501503	
2.19666048825224	-56.5	43.125	807	1130	233218887 15.7534242	
2.26415564291921	-59.5	26	808	1186	233218890 15.7571359	
2.15984494934298	-56.5	82.1875	809	1130	233218895 15.7615627	
2.55867995419325	-61	-165.1875	810	1186	233218899 15.7661637	
2.27029156607075	-56.5	-30.0625	811	1130	233218914 15.78044	
5.52539879796408	-61.5	-2.8125	812	1186	233218918 15.7848162	
5.20019487093232	-56.5	2.8125	813	1130	233218920 15.7861626	
2.00644687055442	-55.5	56.125	814	1130	233218921 15.7880973	
2.23347602716149	-61	30.0625	815	1186	233218923 15.7898756	
2.18438864194915	-56	48	816	1130	233218925 15.7914024	
2.40528187540469	-60.5	-91.125	817	1186	233218926 15.7929879	
2.42368964485931	-56	-117.125	818	1130	233219115 15.9815738	
2.33778672073772	-60	-39	819	1186	233219118 15.9849329	
5.48244733590328	-61	-21.9375	820	1186	233219119 15.9857487	
5.42415606596363	-56.5	14.1875	821	1130	233219119 15.9861473	
2.23347602716149	-59.5	56.125	822	1186	233219120 15.9869663	
2.22120418085841	-56.5	52.0625	823	1130	233219121 15.9879277	
2.09234979467601	-60.5	113.0625	824	1186	233219122 15.9887136	
2.16598087249453	-56.5	87.0625	825	1130	233219123 15.9894876	
1.98190317794825	-60.5	208.3125	826	1186	233219124 15.9903188	
2.33165079758617	-56	-61	827	1130	233219124 15.9907391	
5.46710752802443	-61.5	23.1875	828	1186	233219125 15.9912466	
2.0401944478879	-56.5	21.9375	829	1130	233219126 15.9923363	
2.14143717988836	-60.5	130.1875	830	1186	233219126 15.9930735	
2.05553425576676	-56	8.9375	831	1130	233219127 15.9938327	
2.06780610206984	-60.5	208.3125	832	1186	233219365 16.2314876	
2.20279641140378	-56.5	-82.1875	833	1130	233219378 16.2447838	
2.1046216409791	-60	156.1875	834	1186	233219385 16.2513714	
2.12916533358527	-56	-96	835	1130	233219386 16.2522961	
5.50699102850945	-61.5	-2.8125	836	1186	233219388 16.2551599	
5.40268033493323	-56.5	0	837	1130	233219389 16.2561407	
2.40528187540469	-56	-34.9375	838	1130	233219391 16.2576518	
1.96349540849362	-60	208.3125	839	1186	233219392 16.2591521	
2.09234979467601	-60	31.6875	840	1186	233219393 16.2600719	
2.17211679564607	-56	48	841	1130	233219395 16.2613665	
2.14143717988836	-56.5	91.9375	842	1130	233219397 16.2638202	
2.38073818279852	-62	1.625	843	1186	233219404 16.2712059	
5.46403956644865	-61.5	27.25	844	1186	233219614 16.4811433	
5.21860264038695	-56.5	10.9375	845	1130	233219619 16.4859358	
1.96349540849362	-60.5	212.375	846	1186	233219629 16.4962849	
2.27029156607075	-56	-4.0625	847	1130	233219638 16.505028	
5.48244733590328	-61.5	21.125	848	1186	233219646 16.5128725	
5.41802014281208	-56.5	2.8125	849	1130	233219652 16.5187911	
2.09848571782756	-56.5	134.25	850	1130	233219653 16.5197913	
2.1905245651007	-61	13	851	1186	233219654 16.5207708	
2.28256341237383	-56	-4.0625	852	1130	233219655 16.5223188	
2.52800033843554	-60	-208.3125	853	1186	233219655 16.5230174	
2.26415564291921	-56.5	21.9375	854	1130	233219657 16.5236538	
1.92054394643282	-59.5	264.4375	855	1186	233219657 16.5242362	
5.4916512206306	-61	1.1875	856	1186	233219865 16.7321823	
5.42415606596363	-56.5	0	857	1130	233219868 16.7345469	
2.36233041334389	-61.5	-130.1875	858	1186	233219870 16.7365986	
2.24574787346458	-56	0	859	1130	233219873 16.7394039	
2.06780610206984	-60.5	143.1875	860	1186	233219875 16.7413625	
2.26415564291921	-56	8.9375	861	1130	233219876 16.7433662	
2.28869933552538	-56	-30.0625	862	1130	233219881 16.7484676	
2.38687410595006	-60.5	-48	863	1186	233219895 16.7624617	
5.47324345117597	-61	-6.0625	864	1186	233219905 16.7718768	
5.39961237335746	-56.5	17.0625	865	1130	233219911 16.7787174	
2.3930100291016	-56.5	-121.25	866	1130	233219922 16.788873	
2.1475731030399	-59.5	69.125	867	1186	233219928 16.7953912	
2.36233041334389	-60	-69.125	868	1186	233219940 16.8074565	
2.30097118182846	-56.5	-52.0625	869	1130	233219946 16.8125929	
2.36846633649543	-56.5	-65.0625	870	1130	233220115 16.9816114	
2.09234979467601	-60	64.25	871	1186	233220119 16.9859988	
5.405748296509	-56.5	2.8125	872	1130	233220124 16.9907042	
5.48858325905482	-61.5	-2.8125	873	1186	233220138 17.005124	
2.4359614911624	-55.5	-160.3125	874	1130	233220140 17.0075255	
2.09848571782756	-60.5	143.1875	875	1186	233220142 17.0091014	
2.08621387152447	-60	78.0625	876	1186	233220145 17.0117527	
2.48504887637474	-56	-165.1875	877	1130	233220147 17.0140852	
2.22734010400995	-56	0	878	1130	233220149 17.0161295	
2.39914595225314	-60	-117.125	879	1186	233220150 17.0174	
5.39040848863014	-56.5	15.8125	880	1130	233220152 17.0190374	
5.48244733590328	-61.5	23.1875	881	1186	233220153 17.0203477	
2.11075756413064	-56	91.125	882	1130	233220154 17.0211124	
1.95122356219054	-60.5	238.4375	883	1186	233220154 17.0215586	
2.05553425576676	-59	134.25	884	1186	233220364 17.2311093	
2.28869933552538	-56	-39	885	1130	233220365 17.2325194	
2.40528187540469	-61	-147.25	886	1186	233220378 17.2450981	
2.15370902619144	-55.5	82.1875	887	1130	233220379 17.2462091	
5.40881625808477	-61	32.9375	888	1186	233220396 17.2632849	
5.37506868075129	-56.5	17.0625	889	1130	233220409 17.2761828	
2.15984494934298	-55.5	65.0625	890	1130	233220412 17.2787366	
2.49118479952628	-60.5	-230.25	891	1186	233220427 17.2937163	
2.27029156607075	-56.5	-30.0625	892	1130	233220441 17.307534	
2.14143717988836	-61	165.1875	893	1186	233220444 17.3105792	
2.16598087249453	-56	52.0625	894	1130	233220446 17.3128153	
2.1046216409791	-60	169.25	895	1186	233220449 17.3155365	
5.405748296509	-56.5	8.9375	896	1130	233220614 17.4809614	
2.34392264388926	-61.5	-1.1875	897	1186	233220618 17.484643	
2.08621387152447	-56.5	121.25	898	1130	233220629 17.4951882	
2.28869933552538	-60	78.0625	899	1186	233220645 17.5114153	
2.15370902619144	-55.5	56.125	900	1130	233220646 17.5125974	
2.31937895128309	-60	-30.0625	901	1186	233220650 17.5170167	
2.1905245651007	-60	100.0625	902	1186	233220660 17.5275066	
2.19666048825224	-56	39	903	1130	233220674 17.5412365	
5.47631141275174	-61.5	17.875	904	1186	233220679 17.5460879	
5.405748296509	-56.5	4.875	905	1130	233220696 17.5625003	
2.18438864194915	-56	56.125	906	1130	233220700 17.5669517	
2.42982556801086	-60.5	-61	907	1186	233220704 17.571048	
2.28869933552538	-56.5	-8.9375	908	1130	233220708 17.5746078	
2.11075756413064	-60.5	160.3125	909	1186	233220712 17.5784656	
2.31937895128309	-60.5	-13	910	1186	233220865 17.7318963	
2.27029156607075	-56.5	-21.9375	911	1130	233220868 17.7347935	
5.39961237335746	-56.5	15.8125	912	1130	233220870 17.7370336	
5.50392306693368	-61	6.875	913	1186	233220872 17.7390403	
2.32551487443463	-60.5	-83.8125	914	1186	233220874 17.7408975	
2.33778672073772	-56.5	-48	915	1130	233220876 17.742868	
2.30097118182846	-60	-8.9375	916	1186	233220878 17.7441924	
2.26415564291921	-56	30.0625	917	1130	233220879 17.7457425	
2.60163141625405	-61	-264.4375	918	1186	233220880 17.7471905	
2.25188379661612	-56	21.9375	919	1130	233220882 17.7487117	
5.51926287481254	-61.5	17.0625	920	1186	233220883 17.7502098	
5.21553467881118	-56.5	12.1875	921	1130	233220885 17.7518698	
2.40528187540469	-60	-108.1875	922	1186	233220886 17.7527825	
2.03099056316059	-56	34.9375	923	1130	233220887 17.7536895	
2.45436926061703	-59.5	-108.1875	924	1186	233221114 17.9811081	
2.24574787346458	-56	34.9375	925	1130	233221118 17.9850615	
2.07394202522139	-56	152.125	926	1130	233221121 17.9881062	
2.42368964485931	-60.5	-173.3125	927	1186	233221123 17.9896194	
5.42415606596363	-61.5	8.9375	928	1186	233221124 17.9902771	
5.405748296509	-56.5	10.9375	929	1130	233221124 17.9911051	
2.08007794837293	-60.5	100.0625	930	1186	233221125 17.99188	
2.42982556801086	-56	-95.1875	931	1130	233221126 17.9931173	
2.07394202522139	-60	147.25	932	1186	233221129 17.9959289	
2.17825271879761	-56	-48	933	1130	233221131 17.9976237	
2.14143717988836	-56	-17.0625	934	1130	233221133 18.0000101	
2.13530125673681	-60.5	95.1875	935	1186	233221134 18.0011465	
5.43642791226671	-61.5	39.0625	936	1186	233221365 18.2313731	
5.42415606596363	-56.5	4.875	937	1130	233221376 18.2430372	
2.27642748922229	-56.5	13	938	1130	233221385 18.2520783	
2.3500585670408	-60	26	939	1186	233221386 18.2530681	
2.33778672073772	-56	-52.0625	940	1130	233221395 18.2619684	
2.41141779855623	-60.5	-74	941	1186	233221399 18.2651026	
2.48504887637474	-60	-69.125	942	1186	233221401 18.2678328	
2.35619449019234	-56	-52.0625	943	1130	233221403 18.2694632	
5.47937937432751	-61	-10.125	944	1186	233221405 18.2714891	
2.26108768134344	-56.5	12.1875	945	1130	233221407 18.2739922	
2.32551487443463	-56.5	-56.125	946	1130	233221409 18.2750653	
2.46050518376857	-60	-126.125	947	1186	233221410 18.2764866	
5.51005899008522	-61	-6.0625	948	1186	233221616 18.4828787	
5.38120460390283	-56.5	19.125	949	1130	233221620 18.4871055	
2.08621387152447	-56	104.125	950	1130	233221623 18.4896352	
2.17825271879761	-61	148.0625	951	1186	233221624 18.4910681	
2.37460225964697	-62	0	952	1186	233221625 18.4921993	
5.42415606596363	-57	1.625	953	1130	233221629 18.4957057	
2.51572849213245	-60	-87.0625	954	1186	233221633 18.4997641	
2.26415564291921	-56	4.0625	955	1130	233221638 18.5057214	
2.33471875916195	-61.5	-17.875	956	1186	233221644 18.5112737	
5.39961237335746	-56.5	10.9375	957	1130	233221646 18.5132444	
2.23961195031304	-56.5	34.9375	958	1130	233221651 18.5178952	
2.00644687055442	-61	212.375	959	1186	233221652 18.5193658	
2.33778672073772	-56	-26	960	1130	233221654 18.5209301	
2.49118479952628	-60.5	-178.1875	961	1186	233221657 18.5248324	
2.24574787346458	-56	21.9375	962	1130	233221864 18.7311631	
2.22734010400995	-60.5	61	963	1186	233221866 18.7330207	
5.15724340887153	-56.5	25.1875	964	1130	233221868 18.7348203	
2.38073818279852	-61.5	6.0625	965	1186	233221870 18.736656	
2.46664110692011	-60.5	-74	966	1186	233221872 18.738471	
2.05553425576676	-56	43.125	967	1130	233221874 18.7402945	
2.29483525867692	-56.5	0	968	1130	233221875 18.7420586	
2.47277703007165	-60.5	-74	969	1186	233221876 18.7436898	
2.40528187540469	-56	-34.9375	970	1130	233221878 18.7455633	
2.27029156607075	-60.5	13	971	1186	233221880 18.7470933	
5.39654441178169	-56.5	14.1875	972	1130	233221881 18.7487551	
5.47937937432751	-61	-10.125	973	1186	233221882 18.7497034	
2.12916533358527	-56	108.1875	974	1130	233221883 18.7505631	
2.4789129532232	-60.5	-108.1875	975	1186	233221884 18.7514066	
2.1046216409791	-56	100.0625	976	1130	233222114 18.9810125	
1.95122356219054	-60.5	273.375	977	1186	233222118 18.9850852	
2.44209741431394	-61	-139.125	978	1186	233222121 18.9878	
2.16598087249453	-56	69.125	979	1130	233222128 18.9950695	
5.47324345117597	-61	4.0625	980	1186	233222133 18.9994667	
5.38734052705437	-56.5	17.0625	981	1130	233222134 19.0004633	
2.17211679564607	-61	100.0625	982	1186	233222135 19.0020668	
2.20279641140378	-56.5	87.0625	983	1130	233222137 19.003442	
2.05553425576676	-60	130.1875	984	1186	233222137 19.0043489	
2.24574787346458	-56	52.0625	985	1130	233222138 19.0052135	
2.39914595225314	-60.5	-69.125	986	1186	233222139 19.005939	
2.1046216409791	-56	134.25	987	1130	233222140 19.0065357	
5.47324345117597	-61.5	15.8125	988	1186	233222364 19.2309566	
5.25541817929621	-56.5	-6.875	989	1130	233222365 19.232841	
2.0187187168575	-56.5	43.125	990	1130	233222373 19.2393252	
2.3930100291016	-60.5	24.375	991	1186	233222373 19.2405579	
2.04939833261522	-56	104.125	992	1130	233222379 19.2455678	
2.31937895128309	-61.5	-43.125	993	1186	233222381 19.2476589	
2.44209741431394	-60.5	-43.125	994	1186	233222381 19.2483617	
2.38073818279852	-56	-30.0625	995	1130	233222387 19.2540613	
5.48858325905482	-61.5	30.875	996	1186	233222392 19.2593114	
5.40881625808477	-56.5	14.1875	997	1130	233222399 19.2663886	
2.20279641140378	-56.5	69.125	998	1130	233222405 19.2719467	
2.1475731030399	-60.5	134.25	999	1186	233222410 19.2769843	
2.03712648631213	-60	221.3125	1000	1186	233222414 19.280613	
2.1046216409791	-56	113.0625	1001	1130	233222416 19.2828675	
2.33778672073772	-55.5	-87.0625	1002	1130	233222614 19.48081	
2.0616701789183	-59.5	165.1875	1003	1186	233222616 19.4823357	
5.38734052705437	-56.5	23.1875	1004	1130	233222616 19.4835011	
5.4486997585698	-61.5	15	1005	1186	233222618 19.4849691	
2.18438864194915	-56	30.0625	1006	1130	233222619 19.4866262	
2.09848571782756	-60.5	126.125	1007	1186	233222621 19.4879446	
2.24574787346458	-56	0	1008	1130	233222622 19.489256	
2.04939833261522	-60.5	208.3125	1009	1186	233222623 19.4906026	
2.25801971976766	-55.5	30.0625	1010	1130	233222624 19.4910228	
2.37460225964697	-62	0	1011	1186	233222624 19.4914936	
5.50085510535791	-61.5	4.875	1012	1186	233222624 19.4918871	
5.22473856353849	-56.5	12.1875	1013	1130	233222625 19.4923179	
2.28869933552538	-61.5	21.9375	1014	1186	233222625 19.4927597	
2.04326240946367	-56	26	1015	1130	233222626 19.4933063	
2.4359614911624	-60.5	-100.0625	1016	1186	233222864 19.7309595	
2.28256341237383	-56	-152.125	1017	1130	233222874 19.7412398	
2.19666048825224	-55.5	-82.1875	1018	1130	233222878 19.7450486	
2.49118479952628	-60.5	-187.9375	1019	1186	233222881 19.7482431	
5.405748296509	-56.5	8.9375	1020	1130	233222883 19.7501539	
5.46710752802443	-61	0	1021	1186	233222885 19.7523165	
2.28256341237383	-56.5	-8.9375	1022	1130	233222890 19.757104	
2.33165079758617	-60.5	4.0625	1023	1186	233222899 19.7663679	
2.0187187168575	-60	221.3125	1024	1186	233222902 19.768818	
2.14143717988836	-55.5	104.125	1025	1130	233222931 19.798182	
2.30710710498	-56	-26	1026	1130	233222933 19.8005021	
2.31324302813155	-61	-30.0625	1027	1186	233222935 19.8020376	
5.50699102850945	-61.5	4.875	1028	1186	233223114 19.9807206	
5.41188421966054	-56.5	2	1029	1130	233223116 19.9833115	
2.27642748922229	-60.5	8.9375	1030	1186	233223122 19.9887267	
2.38687410595006	-56	-39	1031	1130	233223124 19.9911325	
2.30097118182846	-56	-61	1032	1130	233223169 20.035679	
2.29483525867692	-60.5	31.6875	1033	1186	233223173 20.0395874	
2.08621387152447	-60.5	165.1875	1034	1186	233223176 20.0441679	
2.11075756413064	-56	108.1875	1035	1130	233223180 20.04689	
5.40881625808477	-56.5	15	1036	1130	233223181 20.0484319	
5.4701754896002	-61.5	-13	1037	1186	233223183 20.0495314	
2.28256341237383	-56	26	1038	1130	233223185 20.0524019	
1.92667986958437	-60	316.5	1039	1186	233223187 20.0535479	
2.49732072267782	-60	-26	1040	1186	233223364 20.2310494	
1.8591847149174	-56	160.3125	1041	1130	233223380 20.2467878	
2.00644687055442	-56	87.875	1042	1130	233223385 20.2518173	
2.35619449019234	-60.5	-30.0625	1043	1186	233223389 20.2558995	
5.52846675953985	-61.5	-15.8125	1044	1186	233223392 20.258568	
5.20019487093232	-56.5	14.1875	1045	1130	233223394 20.2605734	
2.27029156607075	-60	61	1046	1186	233223397 20.2633905	
2.15984494934298	-56	-39	1047	1130	233223398 20.2646558	
5.4701754896002	-61	4.875	1048	1186	233223399 20.2656703	
5.42108810438786	-56.5	10.125	1049	1130	233223400 20.2668372	
2.23347602716149	-60.5	34.9375	1050	1186	233223401 20.2679536	
2.14143717988836	-56.5	56.125	1051	1130	233223402 20.2689687	
2.28256341237383	-60	13	1052	1186	233223403 20.2698402	
2.07394202522139	-56.5	143.1875	1053	1130	233223404 20.2706714	
