1.88372840752357	-66	920.625	2216		0	920.625	155411221 0.635063	
4.96396182959793	-66	920.625	2216		1	920.625	155411224 0.6366361	
1.84691286861431	-65.5	920.625	2216		2	920.625	155411224 0.63726	
1.87145656122048	-65	920.625	2216		3	920.625	155411225 0.6377798	
5.01918513796182	-65.5	920.625	2216		4	920.625	155411448 0.8615283	
1.90827210012974	-65.5	920.625	2216		5	920.625	155411451 0.8638744	
1.94508763903899	-65	920.625	2216		6	920.625	155411454 0.8674185	
1.96349540849362	-65	920.625	2216		7	920.625	155411462 0.875468	
1.9972429858271	-64.5	920.625	2216		8	920.625	155411470 0.8827854	
1.81009732970506	-64	920.625	2216		9	920.625	155411688 1.101523	
5.1388356394169	-64.5	920.625	2216		10	920.625	155411692 1.105338	
1.92667986958437	-64	920.625	2216		11	920.625	155411701 1.1146475	
1.82850509915968	-64.5	920.625	2216		12	920.625	155411703 1.1162351	
1.83464102231123	-63.5	920.625	2216		13	920.625	155411704 1.1177532	
5.05906863844684	-64.5	920.625	2216		14	920.625	155411948 1.3609906	
1.66897109721958	-63	920.625	2216		15	920.625	155411950 1.3629408	
5.0099812532345	-64.5	920.625	2216		16	920.625	155411953 1.3665913	
1.90827210012974	-64.5	920.625	2216		17	920.625	155411957 1.3700444	
1.80702936812929	-64.5	920.625	2216		18	920.625	155411959 1.3720368	
5.06213660002262	-65	920.625	2216		19	920.625	155411961 1.3739607	
1.90827210012974	-65	920.625	2216		20	920.625	155412188 1.6010488	
1.96963133164516	-65	920.625	2216		21	920.625	155412191 1.6042958	
1.97576725479671	-65	920.625	2216		22	920.625	155412194 1.6071679	
1.93895171588745	-65.5	920.625	2216		23	920.625	155412197 1.6096483	
1.92054394643282	-65.5	920.625	2216		24	920.625	155412438 1.8510265	
1.9021361769782	-64.5	920.625	2216		25	920.625	155412442 1.8549589	
1.85304879176585	-64.5	920.625	2216		26	920.625	155412445 1.8586162	
1.90827210012974	-65.5	920.625	2216		27	920.625	155412448 1.8613764	
1.88986433067511	-65.5	920.625	2216		28	920.625	155412688 2.1016647	
1.9021361769782	-65.5	920.625	2216		29	920.625	155412698 2.1109901	
1.92054394643282	-66	920.625	2216		30	920.625	155412709 2.1218382	
1.93895171588745	-65.5	920.625	2216		31	920.625	155412714 2.1276294	
1.88372840752357	-66	920.625	2216		32	920.625	155412938 2.3513248	
1.98190317794825	-65.5	920.625	2216		33	920.625	155412951 2.3636747	
1.96963133164516	-65.5	920.625	2216		34	920.625	155412957 2.3700091	
2.01258279370596	-66	920.625	2216		35	920.625	155412961 2.3740254	
2.02485464000905	-65	920.625	2216		36	920.625	155413188 2.6012881	
1.95735948534208	-65.5	920.625	2216		37	920.625	155413191 2.6045471	
1.95735948534208	-65.5	920.625	2216		38	920.625	155413193 2.6068296	
2.00644687055442	-66	920.625	2216		39	920.625	155413196 2.6099491	
5.05600067687107	-65.5	920.625	2216		40	920.625	155413198 2.6112021	
1.92667986958437	-65.5	920.625	2216		41	920.625	155413438 2.8515238	
1.9021361769782	-65.5	920.625	2216		42	920.625	155413451 2.8638507	
1.89600025382665	-65.5	920.625	2216		43	920.625	155413457 2.8702049	
1.94508763903899	-65.5	920.625	2216		44	920.625	155413463 2.8761161	
1.90827210012974	-65	920.625	2216		45	920.625	155413688 3.101426	
5.01304921481027	-65.5	920.625	2216		46	920.625	155413706 3.1192324	
1.87759248437202	-65.5	920.625	2216		47	920.625	155413712 3.1257594	
1.82850509915968	-65.5	920.625	2216		48	920.625	155413719 3.132141	
1.77941771394734	-64.5	920.625	2216		49	920.625	155413937 3.3507313	
1.8162332528566	-65.5	920.625	2216		50	920.625	155413939 3.352742	
1.79168956025043	-65.5	920.625	2216		51	920.625	155413940 3.3537985	
1.85304879176585	-65.5	920.625	2216		52	920.625	155413941 3.3544557	
1.87145656122048	-65.5	920.625	2216		53	920.625	155414188 3.6006875	
5.00077736850719	-65.5	920.625	2216		54	920.625	155414190 3.6031522	
1.87759248437202	-65.5	920.625	2216		55	920.625	155414192 3.6047362	
1.82236917600814	-64.5	920.625	2216		56	920.625	155414194 3.6073801	
1.91440802328128	-65.5	920.625	2216		57	920.625	155414438 3.8509719	
1.92054394643282	-65.5	920.625	2216		58	920.625	155414440 3.8529882	
1.88372840752357	-65.5	920.625	2216		59	920.625	155414441 3.8538608	
1.90827210012974	-65.5	920.625	2216		60	920.625	155414442 3.8552466	
1.98803910109979	-65	920.625	2216		61	920.625	155414688 4.1006301	
1.84691286861431	-65.5	920.625	2216		62	920.625	155414690 4.102803	
1.78555363709889	-64.5	920.625	2216		63	920.625	155414691 4.1044399	
1.9021361769782	-64.5	920.625	2216		64	920.625	155414694 4.1067462	
1.88372840752357	-65	920.625	2216		65	920.625	155414695 4.1081899	
1.90827210012974	-65	920.625	2216		66	920.625	155414937 4.3504846	
1.87145656122048	-65.5	920.625	2216		67	920.625	155414939 4.3522539	
1.87759248437202	-64.5	920.625	2216		68	920.625	155414940 4.353478	
1.89600025382665	-65.5	920.625	2216		69	920.625	155414942 4.3550424	
1.92667986958437	-65.5	920.625	2216		70	920.625	155415187 4.6005572	
1.92054394643282	-65	920.625	2216		71	920.625	155415189 4.6022571	
1.93895171588745	-65.5	920.625	2216		72	920.625	155415190 4.603849	
1.96963133164516	-65.5	920.625	2216		73	920.625	155415192 4.6058286	
1.96963133164516	-64	920.625	2216		74	920.625	155415437 4.8504256	
2.0187187168575	-65.5	920.625	2216		75	920.625	155415438 4.8516287	
2.00031094740288	-66	920.625	2216		76	920.625	155415440 4.8530741	
1.97576725479671	-66	920.625	2216		77	920.625	155415441 4.8540213	
1.97576725479671	-66	920.625	2216		78	920.625	155415687 5.1005029	
1.96963133164516	-66	920.625	2216		79	920.625	155415689 5.1022841	
5.00691329165873	-66.5	920.625	2216		80	920.625	155415690 5.1035814	
4.95168998329485	-65	920.625	2216		81	920.625	155415692 5.105313	
1.8162332528566	-65.5	920.625	2216		82	920.625	155415693 5.1066326	
1.72419440558346	-65.5	920.625	2216		83	920.625	155415937 5.3504875	
1.73646625188655	-65.5	920.625	2216		84	920.625	155415943 5.3558084	
1.7732817907958	-65	920.625	2216		85	920.625	155415944 5.357212	
1.77941771394734	-65	920.625	2216		86	920.625	155415945 5.3584098	
1.72419440558346	-64.5	920.625	2216		87	920.625	155416187 5.6003259	
1.71805848243192	-65	920.625	2216		88	920.625	155416189 5.6020937	
1.84691286861431	-65.5	920.625	2216		89	920.625	155416190 5.6032667	
1.84691286861431	-65.5	920.625	2216		90	920.625	155416192 5.6046727	
1.87145656122048	-65.5	920.625	2216		91	920.625	155416437 5.8503023	
1.89600025382665	-66	920.625	2216		92	920.625	155416439 5.8526297	
1.9021361769782	-65.5	920.625	2216		93	920.625	155416441 5.8546495	
1.88372840752357	-66	920.625	2216		94	920.625	155416443 5.8568415	
1.89600025382665	-65	920.625	2216		95	920.625	155416687 6.1005773	
1.9021361769782	-65.5	920.625	2216		96	920.625	155416689 6.1028381	
1.91440802328128	-65.5	920.625	2216		97	920.625	155416691 6.1053232	
1.86532063806894	-65.5	920.625	2216		98	920.625	155416693 6.1070335	
1.87145656122048	-65.5	920.625	2216		99	920.625	155416937 6.3508801	
1.90827210012974	-65.5	920.625	2216		100	920.625	155416946 6.3598415	
1.92054394643282	-64.5	920.625	2216		101	920.625	155416951 6.3644291	
1.95122356219054	-65.5	920.625	2216		102	920.625	155416957 6.3709472	
1.97576725479671	-65	920.625	2216		103	920.625	155417197 6.6106666	
2.03099056316059	-65.5	920.625	2216		104	920.625	155417202 6.6159211	
1.97576725479671	-65.5	920.625	2216		105	920.625	155417206 6.6198293	
1.95122356219054	-65	920.625	2216		106	920.625	155417211 6.625107	
1.90827210012974	-65	920.625	2216		107	920.625	155417437 6.8506474	
1.88986433067511	-65	920.625	2216		108	920.625	155417449 6.8622127	
1.92054394643282	-65	920.625	2216		109	920.625	155417460 6.8737243	
1.88372840752357	-65	920.625	2216		110	920.625	155417466 6.8785404	
1.9021361769782	-64.5	920.625	2216		111	920.625	155417687 7.1002596	
1.88986433067511	-65	920.625	2216		112	920.625	155417691 7.10449	
1.96963133164516	-64	920.625	2216		113	920.625	155417695 7.1079251	
1.90827210012974	-65	920.625	2216		114	920.625	155417697 7.1103312	
4.95168998329485	-64.5	920.625	2216		115	920.625	155417699 7.1120796	
1.93281579273591	-65	920.625	2216		116	920.625	155417937 7.3504806	
1.96349540849362	-65	920.625	2216		117	920.625	155417939 7.3528258	
1.91440802328128	-65	920.625	2216		118	920.625	155417942 7.3544477	
1.92667986958437	-65	920.625	2216		119	920.625	155417942 7.3559458	
1.92054394643282	-65.5	920.625	2216		120	920.625	155418180 7.6006382	
1.90827210012974	-65	920.625	2216		121	920.625	155418194 7.6075244	
1.92667986958437	-65	920.625	2216		122	920.625	155418200 7.6132566	
1.82236917600814	-64.5	920.625	2216		123	920.625	155418209 7.6224315	
1.84691286861431	-65	920.625	2216		124	920.625	155418437 7.8511835	
5.00691329165873	-65	920.625	2216		125	920.625	155418448 7.8619237	
1.84077694546277	-65	920.625	2216		126	920.625	155418455 7.8684653	
1.88986433067511	-64.5	920.625	2216		127	920.625	155418464 7.8780043	
1.9021361769782	-65	920.625	2216		128	920.625	155418469 7.8830667	
1.87145656122048	-65	920.625	2216		129	920.625	155418687 8.1006754	
1.7732817907958	-64	920.625	2216		130	920.625	155418695 8.1086804	
1.83157306073546	-64.5	920.625	2216		131	920.625	155418701 8.1142952	
1.92054394643282	-65	920.625	2216		132	920.625	155418711 8.1239654	
1.93281579273591	-65	920.625	2216		133	920.625	155418934 8.3507587	
1.91440802328128	-65	920.625	2216		134	920.625	155418946 8.3592676	
1.87452452279625	-65	920.625	2216		135	920.625	155418954 8.3675756	
5.00691329165873	-65	920.625	2216		136	920.625	155418964 8.377981	
1.90827210012974	-65.5	920.625	2216		137	920.625	155418968 8.3821411	
1.89600025382665	-65	920.625	2216		138	920.625	155419187 8.6000919	
1.90827210012974	-65.5	920.625	2216		139	920.625	155419193 8.6054877	
1.93895171588745	-65	920.625	2216		140	920.625	155419195 8.6083311	
1.93281579273591	-65.5	920.625	2216		141	920.625	155419198 8.6106423	
1.93895171588745	-63.5	920.625	2216		142	920.625	155419200 8.6128026	
1.95122356219054	-65	920.625	2216		143	920.625	155419435 8.850234	
1.8591847149174	-64.5	920.625	2216		144	920.625	155419444 8.85697	
1.94508763903899	-65	920.625	2216		145	920.625	155419447 8.8603288	
5.06827252317416	-65	920.625	2216		146	920.625	155419451 8.8637548	
1.99417502425133	-65	920.625	2216		147	920.625	155419681 9.1007308	
1.98190317794825	-65	920.625	2216		148	920.625	155419695 9.1087987	
2.00644687055442	-65	920.625	2216		149	920.625	155419702 9.1151646	
1.95122356219054	-65	920.625	2216		150	920.625	155419713 9.1269587	
5.03759290741645	-65.5	920.625	2216		151	920.625	155419719 9.1326832	
1.96349540849362	-65.5	920.625	2216		152	920.625	155419937 9.3504426	
1.96349540849362	-65.5	920.625	2216		153	920.625	155419947 9.3602303	
1.99417502425133	-65	920.625	2216		154	920.625	155419954 9.3667442	
5.02532106111336	-65	920.625	2216		155	920.625	155419960 9.3735844	
1.94508763903899	-65	920.625	2216		156	920.625	155420184 9.6002223	
1.91440802328128	-65.5	920.625	2216		157	920.625	155420192 9.6055756	
1.92054394643282	-65	920.625	2216		158	920.625	155420194 9.6077662	
1.90827210012974	-64	920.625	2216		159	920.625	155420196 9.6099135	
1.95122356219054	-65	920.625	2216		160	920.625	155420437 9.8502679	
1.92667986958437	-65	920.625	2216		161	920.625	155420448 9.8616179	
1.92667986958437	-65	920.625	2216		162	920.625	155420453 9.8667025	
1.93281579273591	-65	920.625	2216		163	920.625	155420458 9.8714268	
5.04066086899222	-64.5	920.625	2216		164	920.625	155420687 10.1001639	
1.82850509915968	-63.5	920.625	2216		165	920.625	155420692 10.1050538	
1.86838859964471	-64.5	920.625	2216		166	920.625	155420695 10.1083367	
1.9021361769782	-65	920.625	2216		167	920.625	155420698 10.1110327	
4.95782590644639	-64.5	920.625	2216		168	920.625	155420702 10.116207	
1.79168956025043	-63.5	920.625	2216		169	920.625	155420938 10.350708	
1.90520413855397	-63.5	920.625	2216		170	920.625	155420946 10.3587411	
1.84691286861431	-64	920.625	2216		171	920.625	155420953 10.3655875	
1.85304879176585	-64	920.625	2216		172	920.625	155420965 10.3777808	
1.8162332528566	-63.5	920.625	2216		173	920.625	155420971 10.3841362	
1.82236917600814	-64	920.625	2216		174	920.625	155421186 10.6001919	
1.68124294352266	-63.5	920.625	2216		175	920.625	155421194 10.607233	
1.9972429858271	-64.5	920.625	2216		176	920.625	155421201 10.6144419	
1.89600025382665	-64	920.625	2216		177	920.625	155421214 10.6270134	
5.1603113704473	-64.5	920.625	2216		178	920.625	155421220 10.6334456	
1.72419440558346	-63	920.625	2216		179	920.625	155421230 10.6430434	
1.77941771394734	-64	920.625	2216		180	920.625	155421437 10.8505424	
1.73646625188655	-63.5	920.625	2216		181	920.625	155421444 10.8575483	
5.06827252317416	-65	920.625	2216		182	920.625	155421451 10.8641769	
1.90520413855397	-64	920.625	2216		183	920.625	155421458 10.8709914	
1.93281579273591	-65	920.625	2216		184	920.625	155421470 10.8834836	
5.02838902268913	-64.5	920.625	2216		185	920.625	155421686 11.0997537	
1.94508763903899	-64	920.625	2216		186	920.625	155421692 11.1054412	
1.9021361769782	-64.5	920.625	2216		187	920.625	155421697 11.1103165	
1.79782548340197	-64	920.625	2216		188	920.625	155421701 11.1146357	
4.99464144535565	-64.5	920.625	2216		189	920.625	155421706 11.119196	
1.730330328735	-63.5	920.625	2216		190	920.625	155421714 11.1268329	
5.04679679214376	-64	920.625	2216		191	920.625	155421937 11.3496161	
1.71805848243192	-64	920.625	2216		192	920.625	155421940 11.3527838	
1.92667986958437	-64.5	920.625	2216		193	920.625	155421941 11.3538918	
1.88986433067511	-65	920.625	2216		194	920.625	155421943 11.3555746	
5.0099812532345	-64	920.625	2216		195	920.625	155421944 11.3573577	
1.80396140655351	-64	920.625	2216		196	920.625	155422183 11.6000019	
1.93281579273591	-65	920.625	2216		197	920.625	155422191 11.6040171	
1.92054394643282	-65	920.625	2216		198	920.625	155422194 11.6069243	
1.8162332528566	-64	920.625	2216		199	920.625	155422197 11.6096758	
1.92054394643282	-65	920.625	2216		200	920.625	155422199 11.612422	
1.99110706267556	-64.5	920.625	2216		201	920.625	155422202 11.6146986	
1.88372840752357	-63.5	920.625	2216		202	920.625	155422208 11.6216507	
1.92054394643282	-64.5	920.625	2216		203	920.625	155422428 11.8498986	
1.8591847149174	-64.5	920.625	2216		204	920.625	155422439 11.8523525	
1.99110706267556	-64.5	920.625	2216		205	920.625	155422441 11.854412	
1.99417502425133	-65	920.625	2216		206	920.625	155422443 11.8565054	
5.14497156256844	-64.5	920.625	2216		207	920.625	155422687 12.1002606	
1.95122356219054	-65	920.625	2216		208	920.625	155422695 12.1091042	
1.87452452279625	-64.5	920.625	2216		209	920.625	155422702 12.1156743	
1.95122356219054	-65	920.625	2216		210	920.625	155422709 12.1224172	
5.0529327152953	-65	920.625	2216		211	920.625	155422715 12.1282184	
1.94508763903899	-65	920.625	2216		212	920.625	155422936 12.3498867	
1.95429152376631	-64.5	920.625	2216		213	920.625	155422944 12.3570667	
1.96349540849362	-64.5	920.625	2216		214	920.625	155422951 12.3637889	
1.96963133164516	-64.5	920.625	2216		215	920.625	155422962 12.3754883	
1.84691286861431	-65	920.625	2216		216	920.625	155422966 12.3801227	
1.97576725479671	-65	920.625	2216		217	920.625	155423187 12.5995416	
2.00337890897865	-64.5	920.625	2216		218	920.625	155423188 12.6013872	
1.92667986958437	-65	920.625	2216		219	920.625	155423189 12.602611	
5.04372883056799	-64	920.625	2216		220	920.625	155423190 12.6037995	
1.7732817907958	-64	920.625	2216		221	920.625	155423191 12.6048858	
1.95122356219054	-65	920.625	2216		222	920.625	155423192 12.6059354	
1.92361190800859	-64.5	920.625	2216		223	920.625	155423437 12.8496254	
1.91440802328128	-65	920.625	2216		224	920.625	155423442 12.8557124	
1.93588375431168	-64.5	920.625	2216		225	920.625	155423447 12.8604249	
1.94508763903899	-65	920.625	2216		226	920.625	155423451 12.8649586	
5.05906863844684	-64.5	920.625	2216		227	920.625	155423681 13.1001464	
1.84691286861431	-64.5	920.625	2216		228	920.625	155423695 13.1084274	
1.93281579273591	-65	920.625	2216		229	920.625	155423705 13.1185305	
1.81930121443237	-64.5	920.625	2216		230	920.625	155423712 13.1249088	
1.96963133164516	-65	920.625	2216		231	920.625	155423718 13.1313392	
1.94201967746322	-64.5	920.625	2216		232	920.625	155423726 13.1398657	
1.96963133164516	-65	920.625	2216		233	920.625	155423936 13.3494557	
5.06827252317416	-64.5	920.625	2216		234	920.625	155423941 13.3549797	
1.92667986958437	-65	920.625	2216		235	920.625	155423944 13.3583528	
1.93895171588745	-65	920.625	2216		236	920.625	155423949 13.3614715	
1.99417502425133	-65	920.625	2216		237	920.625	155424186 13.5996739	
1.95122356219054	-65.5	920.625	2216		238	920.625	155424195 13.6083347	
1.93895171588745	-65	920.625	2216		239	920.625	155424201 13.6145335	
5.10508806208341	-64.5	920.625	2216		240	920.625	155424209 13.6229071	
1.96349540849362	-65	920.625	2216		241	920.625	155424214 13.6277042	
5.0529327152953	-65	920.625	2216		242	920.625	155424446 13.8593176	
1.98190317794825	-65	920.625	2216		243	920.625	155424450 13.8627854	
5.05906863844684	-64.5	920.625	2216		244	920.625	155424453 13.8660794	
1.93281579273591	-65	920.625	2216		245	920.625	155424455 13.8688751	
1.88679636909934	-65	920.625	2216		246	920.625	155424686 14.0995699	
1.92054394643282	-65	920.625	2216		247	920.625	155424690 14.1036551	
5.08054436947724	-64.5	920.625	2216		248	920.625	155424694 14.1078453	
1.9021361769782	-65	920.625	2216		249	920.625	155424698 14.1114317	
1.91440802328128	-65	920.625	2216		250	920.625	155424705 14.1187075	
1.95122356219054	-65	920.625	2216		251	920.625	155424937 14.3497767	
1.82236917600814	-64.5	920.625	2216		252	920.625	155424944 14.357014	
1.74873809818963	-64	920.625	2216		253	920.625	155424951 14.3635215	
1.97269929322093	-64.5	920.625	2216		254	920.625	155424958 14.3737133	
1.91440802328128	-64	920.625	2216		255	920.625	155424964 14.3779077	
2.0187187168575	-64.5	920.625	2216		256	920.625	155425186 14.5995974	
5.12349583153804	-65.5	920.625	2216		257	920.625	155425195 14.6079098	
1.99417502425133	-66	920.625	2216		258	920.625	155425201 14.6144533	
2.00031094740288	-65.5	920.625	2216		259	920.625	155425212 14.6254255	
1.98190317794825	-65.5	920.625	2216		260	920.625	155425436 14.8494443	
2.0187187168575	-65.5	920.625	2216		261	920.625	155425444 14.8575678	
1.93281579273591	-65.5	920.625	2216		262	920.625	155425455 14.867751	
1.96349540849362	-65	920.625	2216		263	920.625	155425461 14.8743592	
1.96963133164516	-65.5	920.625	2216		264	920.625	155425680 15.0994153	
1.97576725479671	-65.5	920.625	2216		265	920.625	155425694 15.1081781	
1.96963133164516	-66	920.625	2216		266	920.625	155425703 15.1166015	
1.95735948534208	-66	920.625	2216		267	920.625	155425707 15.1205431	
1.95735948534208	-66	920.625	2216		268	920.625	155425936 15.349066	
1.96349540849362	-66	920.625	2216		269	920.625	155425938 15.3515811	
1.95735948534208	-66	920.625	2216		270	920.625	155425941 15.3538354	
1.96349540849362	-65.5	920.625	2216		271	920.625	155425943 15.355979	
1.93895171588745	-66	920.625	2216		272	920.625	155425944 15.3574949	
1.93281579273591	-66	920.625	2216		273	920.625	155426179 15.5994011	
1.96963133164516	-65.5	920.625	2216		274	920.625	155426190 15.602646	
1.98803910109979	-65.5	920.625	2216		275	920.625	155426192 15.605089	
1.92054394643282	-66	920.625	2216		276	920.625	155426194 15.6073644	
1.96349540849362	-65	920.625	2216		277	920.625	155426436 15.849354	
2.03712648631213	-65.5	920.625	2216		278	920.625	155426444 15.8575606	
1.98190317794825	-65.5	920.625	2216		279	920.625	155426451 15.8640783	
1.96349540849362	-65	920.625	2216		280	920.625	155426463 15.8759588	
1.96963133164516	-65.5	920.625	2216		281	920.625	155426680 16.099745	
1.95122356219054	-65.5	920.625	2216		282	920.625	155426696 16.109741	
1.95122356219054	-64.5	920.625	2216		283	920.625	155426709 16.1223087	
1.94508763903899	-65	920.625	2216		284	920.625	155426716 16.1287037	
1.97576725479671	-65.5	920.625	2216		285	920.625	155426725 16.1382303	
2.0187187168575	-65.5	920.625	2216		286	920.625	155426935 16.3488097	
2.0616701789183	-65.5	920.625	2216		287	920.625	155426937 16.3506821	
2.04326240946367	-65.5	920.625	2216		288	920.625	155426938 16.3519621	
2.0616701789183	-65.5	920.625	2216		289	920.625	155426940 16.3532243	
2.04939833261522	-65.5	920.625	2216		290	920.625	155427185 16.5988086	
2.03712648631213	-65.5	920.625	2216		291	920.625	155427187 16.6006468	
2.02485464000905	-65	920.625	2216		292	920.625	155427189 16.6025231	
1.99417502425133	-65.5	920.625	2216		293	920.625	155427191 16.6040553	
2.0187187168575	-65.5	920.625	2216		294	920.625	155427436 16.8488938	
2.02485464000905	-65.5	920.625	2216		295	920.625	155427438 16.8507751	
1.99417502425133	-65.5	920.625	2216		296	920.625	155427439 16.8521111	
2.04326240946367	-65.5	920.625	2216		297	920.625	155427440 16.8534125	
2.04939833261522	-65.5	920.625	2216		298	920.625	155427682 17.0992055	
2.08621387152447	-65	920.625	2216		299	920.625	155427691 17.1047221	
5.14190360099267	-64.5	920.625	2216		300	920.625	155427695 17.1084408	
2.02485464000905	-65.5	920.625	2216		301	920.625	155427698 17.1119752	
2.03099056316059	-65.5	920.625	2216		302	920.625	155427935 17.3488994	
2.00031094740288	-65	920.625	2216		303	920.625	155427939 17.3529894	
2.01258279370596	-65.5	920.625	2216		304	920.625	155427942 17.3561183	
2.0187187168575	-65	920.625	2216		305	920.625	155427945 17.3592089	
2.01258279370596	-65.5	920.625	2216		306	920.625	155428185 17.5992703	
2.02485464000905	-65	920.625	2216		307	920.625	155428194 17.6075876	
5.18485506305347	-65.5	920.625	2216		308	920.625	155428200 17.6137996	
2.01258279370596	-64.5	920.625	2216		309	920.625	155428210 17.6231115	
5.14190360099267	-65	920.625	2216		310	920.625	155428431 17.8490176	
1.97576725479671	-65	920.625	2216		311	920.625	155428444 17.8575255	
1.98803910109979	-65	920.625	2216		312	920.625	155428452 17.86501	
5.08668029262879	-65	920.625	2216		313	920.625	155428457 17.869971	
2.00644687055442	-65	920.625	2216		314	920.625	155428686 18.098895	
2.03099056316059	-65	920.625	2216		315	920.625	155428689 18.1023069	
1.72419440558346	-63	920.625	2216		316	920.625	155428692 18.1049789	
1.96349540849362	-65	920.625	2216		317	920.625	155428694 18.1071753	
5.1173599083865	-65	920.625	2216		318	920.625	155428696 18.1089426	
1.96963133164516	-64.5	920.625	2216		319	920.625	155428936 18.3490294	
1.96963133164516	-64	920.625	2216		320	920.625	155428942 18.3551349	
1.98190317794825	-65	920.625	2216		321	920.625	155428947 18.3599126	
1.95735948534208	-65	920.625	2216		322	920.625	155428954 18.3674247	
2.03099056316059	-65	920.625	2216		323	920.625	155428958 18.3720826	
5.12349583153804	-64	920.625	2216		324	920.625	155428966 18.3788374	
2.01258279370596	-65	920.625	2216		325	920.625	155429183 18.5991212	
2.00031094740288	-65.5	920.625	2216		326	920.625	155429194 18.6074096	
2.00031094740288	-65.5	920.625	2216		327	920.625	155429198 18.6116864	
1.96349540849362	-65.5	920.625	2216		328	920.625	155429446 18.8593233	
1.95735948534208	-65	920.625	2216		329	920.625	155429456 18.8695928	
1.96349540849362	-65	920.625	2216		330	920.625	155429463 18.8758989	
1.96349540849362	-65	920.625	2216		331	920.625	155429473 18.8858645	
5.08974825420456	-64.5	920.625	2216		332	920.625	155429482 18.8952671	
1.91440802328128	-64	920.625	2216		333	920.625	155429686 19.0994719	
2.03712648631213	-65	920.625	2216		334	920.625	155429702 19.1151715	
2.03099056316059	-65	920.625	2216		335	920.625	155429708 19.122229	
2.00644687055442	-65	920.625	2216		336	920.625	155429714 19.1282682	
2.04939833261522	-65	920.625	2216		337	920.625	155429935 19.3485641	
5.14803952414421	-66	920.625	2216		338	920.625	155429939 19.3522632	
2.03099056316059	-65	920.625	2216		339	920.625	155429941 19.3548309	
2.03099056316059	-65	920.625	2216		340	920.625	155429943 19.3569744	
2.03099056316059	-65	920.625	2216		341	920.625	155429947 19.360837	
5.12963175468958	-64.5	920.625	2216		342	920.625	155430186 19.5991978	
1.92054394643282	-64	920.625	2216		343	920.625	155430194 19.6074416	
1.98497113952402	-64.5	920.625	2216		344	920.625	155430201 19.6141924	
1.85304879176585	-63.5	920.625	2216		345	920.625	155430211 19.6241246	
5.05906863844684	-64.5	920.625	2216		346	920.625	155430215 19.6285625	
1.88986433067511	-65	920.625	2216		347	920.625	155430439 19.8588551	
1.90827210012974	-65.5	920.625	2216		348	920.625	155430454 19.8673405	
1.98803910109979	-65.5	920.625	2216		349	920.625	155430458 19.8711332	
2.00644687055442	-65.5	920.625	2216		350	920.625	155430464 19.8776447	
5.14190360099267	-66	920.625	2216		351	920.625	155430686 20.0990921	
2.01258279370596	-65.5	920.625	2216		352	920.625	155430696 20.1088349	
2.02485464000905	-64.5	920.625	2216		353	920.625	155430705 20.1183648	
5.13576767784113	-65.5	920.625	2216		354	920.625	155430710 20.1234677	
2.0187187168575	-65.5	920.625	2216		355	920.625	155430936 20.3490003	
1.96963133164516	-65.5	920.625	2216		356	920.625	155430944 20.3574519	
1.92667986958437	-65.5	920.625	2216		357	920.625	155430952 20.3656422	
1.92667986958437	-65	920.625	2216		358	920.625	155430959 20.3727798	
1.91440802328128	-65.5	920.625	2216		359	920.625	155431186 20.5994939	
1.88372840752357	-65.5	920.625	2216		360	920.625	155431193 20.6068583	
1.9021361769782	-65.5	920.625	2216		361	920.625	155431198 20.6114363	
1.92667986958437	-65	920.625	2216		362	920.625	155431202 20.6152727	
1.9021361769782	-64.5	920.625	2216		363	920.625	155431205 20.6181793	
1.90827210012974	-65	920.625	2216		364	920.625	155431435 20.848318	
1.91440802328128	-65	920.625	2216		365	920.625	155431437 20.8501896	
1.90827210012974	-65	920.625	2216		366	920.625	155431438 20.851785	
1.93281579273591	-65	920.625	2216		367	920.625	155431440 20.8533074	
1.94508763903899	-64.5	920.625	2216		368	920.625	155431683 21.0989353	
1.96349540849362	-65	920.625	2216		369	920.625	155431694 21.1070206	
1.90520413855397	-64	920.625	2216		370	920.625	155431701 21.1137326	
1.97576725479671	-65	920.625	2216		371	920.625	155431711 21.124064	
1.96963133164516	-65	920.625	2216		372	920.625	155431935 21.3486221	
1.93895171588745	-65.5	920.625	2216		373	920.625	155431943 21.3567806	
5.08054436947724	-65.5	920.625	2216		374	920.625	155431952 21.3649211	
1.92054394643282	-66	920.625	2216		375	920.625	155431958 21.3716335	
1.82236917600814	-66	920.625	2216		376	920.625	155432185 21.5987765	
4.92714629068868	-66	920.625	2216		377	920.625	155432193 21.6071172	
1.77941771394734	-66	920.625	2216		378	920.625	155432201 21.6138707	
1.78555363709889	-66	920.625	2216		379	920.625	155432204 21.6180297	
1.730330328735	-66	920.625	2216		380	920.625	155432428 21.848278	
1.8162332528566	-66.5	920.625	2216		381	920.625	155432438 21.8508849	
1.83464102231123	-66	920.625	2216		382	920.625	155432439 21.8525955	
1.87145656122048	-66.5	920.625	2216		383	920.625	155432441 21.8540882	
1.88372840752357	-66.5	920.625	2216		384	920.625	155432685 22.0981257	
1.92054394643282	-66.5	920.625	2216		385	920.625	155432691 22.1040053	
1.89600025382665	-66.5	920.625	2216		386	920.625	155432693 22.1066234	
1.94508763903899	-66.5	920.625	2216		387	920.625	155432696 22.1087485	
5.10508806208341	-66.5	920.625	2216		388	920.625	155432933 22.3490474	
1.95735948534208	-66	920.625	2216		389	920.625	155432940 22.3538185	
2.0187187168575	-65	920.625	2216		390	920.625	155432945 22.3587253	
5.08668029262879	-66.5	920.625	2216		391	920.625	155432950 22.3628085	
1.90827210012974	-66.5	920.625	2216		392	920.625	155433181 22.5988007	
5.02532106111336	-66	920.625	2216		393	920.625	155433194 22.6072079	
5.00691329165873	-66.5	920.625	2216		394	920.625	155433204 22.6174143	
1.95735948534208	-66.5	920.625	2216		395	920.625	155433210 22.6238721	
5.06827252317416	-65.5	920.625	2216		396	920.625	155433216 22.6297966	
5.06213660002262	-66.5	920.625	2216		397	920.625	155433435 22.8480668	
1.95735948534208	-66.5	920.625	2216		398	920.625	155433439 22.8521756	
1.93895171588745	-66.5	920.625	2216		399	920.625	155433442 22.8556277	
2.00031094740288	-66.5	920.625	2216		400	920.625	155433685 23.0984214	
5.12963175468958	-66.5	920.625	2216		401	920.625	155433693 23.1066083	
1.93895171588745	-67	920.625	2216		402	920.625	155433699 23.112794	
1.96349540849362	-67	920.625	2216		403	920.625	155433703 23.1169578	
1.99417502425133	-66.5	920.625	2216		404	920.625	155433707 23.1209549	
1.96963133164516	-66.5	920.625	2216		405	920.625	155433935 23.3482317	
2.00644687055442	-66	920.625	2216		406	920.625	155433946 23.3593293	
5.17258321675038	-66.5	920.625	2216		407	920.625	155433951 23.364461	
5.21553467881118	-66	920.625	2216		408	920.625	155434132 23.5453433	
5.20326283250809	-66.5	920.625	2216		409	920.625	155434136 23.5494477	
2.04939833261522	-67	920.625	2216		410	920.625	155434143 23.556164	
