0.303728196001357	-58.5	920.625	2215	0000	0	920.625	013807306 0.919838063100566	
3.98221412535112	-54	920.625	2216	0000	1	920.625	013807309 0.922035583979846	
4.01289374110884	-53.5	920.625	2216	0000	2	920.625	013807310 0.922488303487451	
0.282252464970958	-58	920.625	2215	0000	3	920.625	013807310 0.922740905114296	
3.9208548938357	-53.5	920.625	2216	0000	4	920.625	013807310 0.923187583327386	
0.23930100291016	-58	920.625	2215	0000	5	920.625	013807311 0.923422816232505	
3.99448597165421	-53.5	920.625	2216	0000	6	920.625	013807312 0.924467205021524	
0.257708772364788	-58	920.625	2215	0000	7	920.625	013807314 0.927266967447617	
0.141126232485479	-57.5	920.625	2215	0000	8	920.625	013807318 0.930387296063832	
3.92699081698724	-53.5	920.625	2216	0000	9	920.625	013807325 0.937419740458436	
0.227029156607075	-57.5	920.625	2215	0000	10	920.625	013807507 1.12074810860284	
3.94539858644187	-53	920.625	2216	0000	11	920.625	013807512 1.12547995253053	
0.196349540849362	-58	920.625	2215	0000	12	920.625	013807515 1.12839827536145	
3.91471897068416	-53.5	920.625	2216	0000	13	920.625	013807518 1.13140948309551	
0.0490873852123405	-57.5	920.625	2215	0000	14	920.625	013807526 1.13821349104133	
3.90858304753261	-53.5	920.625	2216	0000	15	920.625	013807530 1.14225738255629	
0.0306796157577128	-57.5	920.625	2215	0000	16	920.625	013807536 1.14808307837183	
4.00062189480575	-53.5	920.625	2216	0000	17	920.625	013807539 1.15153190237721	
0.257708772364788	-57.5	920.625	2215	0000	18	920.625	013807542 1.15484290935151	
3.93926266329033	-53.5	920.625	2216	0000	19	920.625	013807549 1.16179870482197	
3.98835004850267	-53.5	920.625	2216	0000	20	920.625	013807758 1.37123263930187	
0.251572849213245	-57.5	920.625	2215	0000	21	920.625	013807766 1.37859886521834	
3.91471897068416	-53.5	920.625	2216	0000	22	920.625	013807768 1.38137672795182	
0.294524311274043	-57.5	920.625	2215	0000	23	920.625	013807771 1.38428636642188	
0.294524311274043	-58	920.625	2215	0000	24	920.625	013807776 1.38884150248505	
3.95767043274495	-53.5	920.625	2216	0000	25	920.625	013807779 1.39211550653045	
3.98221412535112	-53.5	920.625	2216	0000	26	920.625	013807782 1.39498474384345	
0.227029156607075	-58	920.625	2215	0000	27	920.625	013807789 1.40187446265517	
0.282252464970958	-58	920.625	2215	0000	28	920.625	013807794 1.40670372245689	
3.95767043274495	-53	920.625	2216	0000	29	920.625	013807800 1.41282544170358	
0.245436926061703	-58	920.625	2215	0000	30	920.625	013807803 1.41587251962382	
3.95767043274495	-53.5	920.625	2216	0000	31	920.625	013807806 1.41901323760902	
0.288388388122501	-58	920.625	2215	0000	32	920.625	013808008 1.62065239184289	
3.95153450959341	-53.5	920.625	2216	0000	33	920.625	013808012 1.62485788798609	
3.88403935492644	-53.5	920.625	2216	0000	34	920.625	013808015 1.62779999841416	
0.257708772364788	-58.5	920.625	2215	0000	35	920.625	013808018 1.63060882278202	
4.01289374110884	-53.5	920.625	2216	0000	36	920.625	013808024 1.63691140328322	
0.276116541819415	-58	920.625	2215	0000	37	920.625	013808029 1.64125735952386	
0.276116541819415	-58	920.625	2215	0000	38	920.625	013808035 1.64804286600522	
3.93312674013878	-53.5	920.625	2216	0000	39	920.625	013808039 1.65198292277073	
0.269980618667873	-58	920.625	2215	0000	40	920.625	013808257 1.87065701720901	
3.93312674013878	-53.5	920.625	2216	0000	41	920.625	013808262 1.87545267230999	
4.02516558741192	-53.5	920.625	2216	0000	42	920.625	013808265 1.87853788590185	
0.282252464970958	-58	920.625	2215	0000	43	920.625	013808271 1.88439265544723	
3.97607820219958	-53.5	920.625	2216	0000	44	920.625	013808276 1.88866196276373	
0.276116541819415	-58	920.625	2215	0000	45	920.625	013808282 1.89478708023859	
0.343611696486384	-58	920.625	2215	0000	46	920.625	013808286 1.89831821688172	
3.98835004850267	-53.5	920.625	2216	0000	47	920.625	013808289 1.90147252777957	
3.95767043274495	-53.5	920.625	2216	0000	48	920.625	013808296 1.90820441777213	
0.386563158547182	-58.5	920.625	2215	0000	49	920.625	013808300 1.91198135958578	
0.380427235395639	-58	920.625	2215	0000	50	920.625	013808303 1.91516927518436	
4.01902966426038	-53.5	920.625	2216	0000	51	920.625	013808308 1.92088018640414	
3.99448597165421	-53.5	920.625	2216	0000	52	920.625	013808507 2.12045133000987	
0.312932080728671	-58	920.625	2215	0000	53	920.625	013808513 2.12649073661882	
0.337475773334841	-58.5	920.625	2215	0000	54	920.625	013808516 2.12922026899619	
3.94539858644187	-53.5	920.625	2216	0000	55	920.625	013808519 2.13189618488476	
0.349747619637926	-58	920.625	2215	0000	56	920.625	013808526 2.13887501279055	
3.95153450959341	-53.5	920.625	2216	0000	57	920.625	013808529 2.14163248615505	
3.99448597165421	-53.5	920.625	2216	0000	58	920.625	013808533 2.14634280797104	
0.362019465941011	-58.5	920.625	2215	0000	59	920.625	013808536 2.14938648766311	
0.349747619637926	-58.5	920.625	2215	0000	60	920.625	013808539 2.1521594418448	
3.97607820219958	-53.5	920.625	2216	0000	61	920.625	013808545 2.15825057703802	
0.362019465941011	-57.5	920.625	2215	0000	62	920.625	013808758 2.37055563673545	
3.97607820219958	-53.5	920.625	2216	0000	63	920.625	013808762 2.3749767315766	
4.05584520316964	-53.5	920.625	2216	0000	64	920.625	013808766 2.37859433424746	
0.282252464970958	-58	920.625	2215	0000	65	920.625	013808773 2.38548027725011	
0.362019465941011	-58.5	920.625	2215	0000	66	920.625	013808777 2.38955135459038	
4.00062189480575	-53.5	920.625	2216	0000	67	920.625	013808780 2.39265657997031	
0.300660234425586	-57.5	920.625	2215	0000	68	920.625	013808786 2.39855250583457	
4.0067578179573	-53.5	920.625	2216	0000	69	920.625	013808789 2.40156295840682	
0.343611696486384	-58	920.625	2215	0000	70	920.625	013808795 2.40758688419858	
3.94539858644187	-53.5	920.625	2216	0000	71	920.625	013808798 2.41103835127031	
0.362019465941011	-58	920.625	2215	0000	72	920.625	013809007 2.62049645092826	
3.95767043274495	-53.5	920.625	2216	0000	73	920.625	013809012 2.62526454262303	
3.93312674013878	-53.5	920.625	2216	0000	74	920.625	013809016 2.62922989730932	
0.343611696486384	-58	920.625	2215	0000	75	920.625	013809022 2.63486302686224	
3.97607820219958	-53.5	920.625	2216	0000	76	920.625	013809027 2.63938833403375	
0.319068003880213	-58	920.625	2215	0000	77	920.625	013809030 2.64187017333607	
3.90858304753261	-53.5	920.625	2216	0000	78	920.625	013809035 2.64736208762973	
0.331339850183298	-58	920.625	2215	0000	79	920.625	013809037 2.64900947312738	
3.98221412535112	-53.5	920.625	2216	0000	80	920.625	013809039 2.65175599664557	
0.325203927031756	-58	920.625	2215	0000	81	920.625	013809045 2.65757300810024	
0.319068003880213	-58	920.625	2215	0000	82	920.625	013809258 2.87052259840608	
3.9638063558965	-53.5	920.625	2216	0000	83	920.625	013809263 2.87588764551496	
3.95767043274495	-53.5	920.625	2216	0000	84	920.625	013809266 2.87898041072496	
0.184077694546277	-58	920.625	2215	0000	85	920.625	013809272 2.88519577003661	
3.93926266329033	-53.5	920.625	2216	0000	86	920.625	013809276 2.88931177950483	
0.386563158547182	-58	920.625	2215	0000	87	920.625	013809279 2.89192803761008	
0.294524311274043	-58	920.625	2215	0000	88	920.625	013809284 2.89679505550251	
3.98221412535112	-53.5	920.625	2216	0000	89	920.625	013809287 2.89989008619795	
0.276116541819415	-58	920.625	2215	0000	90	920.625	013809289 2.90237834437569	
3.95767043274495	-53.5	920.625	2216	0000	91	920.625	013809296 2.90860163288639	
3.96994227904804	-53.5	920.625	2216	0000	92	920.625	013809508 3.12040299965376	
0.251572849213245	-58	920.625	2215	0000	93	920.625	013809512 3.12452240735014	
3.98221412535112	-53.5	920.625	2216	0000	94	920.625	013809516 3.12872299494155	
0.251572849213245	-58	920.625	2215	0000	95	920.625	013809519 3.13164584874335	
0.306796157577128	-58	920.625	2215	0000	96	920.625	013809525 3.13805717254579	
3.92699081698724	-53.5	920.625	2216	0000	97	920.625	013809528 3.14069193211548	
0.276116541819415	-58	920.625	2215	0000	98	920.625	013809533 3.14579946904573	
4.01289374110884	-53.5	920.625	2216	0000	99	920.625	013809536 3.1483477625877	
3.98221412535112	-53.5	920.625	2216	0000	100	920.625	013809538 3.1509776136056	
0.26384469551633	-58	920.625	2215	0000	101	920.625	013809541 3.15409567673637	
3.98835004850267	-53.5	920.625	2216	0000	102	920.625	013809768 3.38089682261891	
0.325203927031756	-57.5	920.625	2215	0000	103	920.625	013809772 3.38499961675538	
3.9638063558965	-53.5	920.625	2216	0000	104	920.625	013809775 3.38850658822046	
0.282252464970958	-58	920.625	2215	0000	105	920.625	013809781 3.39316404870945	
3.9638063558965	-53.5	920.625	2216	0000	106	920.625	013809784 3.39623227116048	
0.331339850183298	-58	920.625	2215	0000	107	920.625	013809787 3.39908036394268	
3.93312674013878	-53.5	920.625	2216	0000	108	920.625	013809790 3.40210705249394	
0.368155389092554	-57	920.625	2215	0000	109	920.625	013809797 3.40926523133061	
0.294524311274043	-58	920.625	2215	0000	110	920.625	013809800 3.41215485801259	
4.01289374110884	-53.5	920.625	2216	0000	111	920.625	013809805 3.41734319725695	
0.288388388122501	-58	920.625	2215	0000	112	920.625	013810007 3.62013472841927	
3.90858304753261	-53.5	920.625	2216	0000	113	920.625	013810012 3.62524075502589	
0.26384469551633	-58	920.625	2215	0000	114	920.625	013810015 3.62768861204657	
3.96994227904804	-53.5	920.625	2216	0000	115	920.625	013810017 3.63029429788642	
3.98835004850267	-53.5	920.625	2216	0000	116	920.625	013810023 3.63606297898498	
0.288388388122501	-58	920.625	2215	0000	117	920.625	013810027 3.6397477910573	
4.03130151056347	-53.5	920.625	2216	0000	118	920.625	013810032 3.64546625389522	
0.208621387152447	-58	920.625	2215	0000	119	920.625	013810035 3.64793072447581	
0.300660234425586	-58.5	920.625	2215	0000	120	920.625	013810037 3.65046731300966	
3.95767043274495	-53.5	920.625	2216	0000	121	920.625	013810043 3.65632623594502	
3.98221412535112	-53.5	920.625	2216	0000	122	920.625	013810046 3.65944090084763	
0.343611696486384	-57.5	920.625	2215	0000	123	920.625	013810049 3.66197786696239	
3.96994227904804	-53.5	920.625	2216	0000	124	920.625	013810258 3.87047313530725	
0.26384469551633	-58	920.625	2215	0000	125	920.625	013810262 3.87488856643479	
0.245436926061703	-58.5	920.625	2215	0000	126	920.625	013810265 3.87747197500112	
3.98835004850267	-53.5	920.625	2216	0000	127	920.625	013810268 3.88017356639137	
3.96994227904804	-53.5	920.625	2216	0000	128	920.625	013810273 3.88591468408372	
0.220893233455532	-58	920.625	2215	0000	129	920.625	013810277 3.88943147265238	
0.294524311274043	-58	920.625	2215	0000	130	920.625	013810280 3.89227352414007	
3.95767043274495	-53.5	920.625	2216	0000	131	920.625	013810285 3.89778167441274	
0.288388388122501	-58	920.625	2215	0000	132	920.625	013810288 3.90039377912801	
3.92699081698724	-53.5	920.625	2216	0000	133	920.625	013810291 3.90366136429799	
0.312932080728671	-58.5	920.625	2215	0000	134	920.625	013810507 4.12027348940263	
3.99448597165421	-53.5	920.625	2216	0000	135	920.625	013810511 4.12469194117743	
4.01289374110884	-53.5	920.625	2216	0000	136	920.625	013810514 4.12729196330367	
0.374291312244096	-58.5	920.625	2215	0000	137	920.625	013810516 4.1297798439005	
3.98835004850267	-53.5	920.625	2216	0000	138	920.625	013810522 4.13531782306483	
0.282252464970958	-58	920.625	2215	0000	139	920.625	013810526 4.1389256086321	
3.95767043274495	-53.5	920.625	2216	0000	140	920.625	013810528 4.1417521793026	
0.312932080728671	-58	920.625	2215	0000	141	920.625	013810535 4.1470488842673	
0.251572849213245	-58	920.625	2215	0000	142	920.625	013810538 4.15033950187261	
3.92699081698724	-53.5	920.625	2216	0000	143	920.625	013810545 4.157259049576	
0.257708772364788	-58.5	920.625	2215	0000	144	920.625	013810757 4.36990393208981	
3.9638063558965	-53.5	920.625	2216	0000	145	920.625	013810763 4.37598147437037	
0.368155389092554	-58	920.625	2215	0000	146	920.625	013810766 4.37859206876201	
3.99448597165421	-53.5	920.625	2216	0000	147	920.625	013810768 4.38127478110691	
0.355883542789469	-58.5	920.625	2215	0000	148	920.625	013810775 4.38784393372851	
3.98835004850267	-53.5	920.625	2216	0000	149	920.625	013810778 4.3909095131132	
0.184077694546277	-58	920.625	2215	0000	150	920.625	013810781 4.39417407763592	
3.95767043274495	-53.5	920.625	2216	0000	151	920.625	013810786 4.39944359677531	
3.96994227904804	-53.5	920.625	2216	0000	152	920.625	013810790 4.40281350637111	
0.325203927031756	-58	920.625	2215	0000	153	920.625	013810793 4.40565215963064	
4.0067578179573	-53.5	920.625	2216	0000	154	920.625	013811008 4.62022799090332	
0.355883542789469	-58	920.625	2215	0000	155	920.625	013811012 4.62424469659297	
0.325203927031756	-58	920.625	2215	0000	156	920.625	013811014 4.62680356240034	
3.92699081698724	-53.5	920.625	2216	0000	157	920.625	013811017 4.6292551952301	
0.269980618667873	-58.5	920.625	2215	0000	158	920.625	013811022 4.63443560527541	
3.98835004850267	-53.5	920.625	2216	0000	159	920.625	013811025 4.63779796325307	
4.00062189480575	-53.5	920.625	2216	0000	160	920.625	013811028 4.64032888807331	
0.306796157577128	-58	920.625	2215	0000	161	920.625	013811033 4.64571054874211	
3.95153450959341	-53.5	920.625	2216	0000	162	920.625	013811036 4.64829697795569	
0.147262155637022	-58	920.625	2215	0000	163	920.625	013811038 4.65088227442656	
0.319068003880213	-58	920.625	2215	0000	164	920.625	013811257 4.87014917088897	
4.0067578179573	-53.5	920.625	2216	0000	165	920.625	013811261 4.87453175247759	
0.337475773334841	-58	920.625	2215	0000	166	920.625	013811264 4.87716311381912	
4.01902966426038	-53.5	920.625	2216	0000	167	920.625	013811266 4.87967780266036	
0.26384469551633	-58	920.625	2215	0000	168	920.625	013811274 4.88629339773353	
4.01902966426038	-53.5	920.625	2216	0000	169	920.625	013811277 4.88941183844521	
4.0067578179573	-53.5	920.625	2216	0000	170	920.625	013811283 4.89544029520786	
0.392699081698724	-58	920.625	2215	0000	171	920.625	013811286 4.89855533769137	
0.319068003880213	-58	920.625	2215	0000	172	920.625	013811290 4.90235153613128	
4.0067578179573	-53.5	920.625	2216	0000	173	920.625	013811296 4.90858501932648	
3.9638063558965	-53.5	920.625	2216	0000	174	920.625	013811507 5.12015228593145	
0.282252464970958	-58.5	920.625	2215	0000	175	920.625	013811511 5.12437439563456	
3.8779034317749	-53.5	920.625	2216	0000	176	920.625	013811514 5.12683773347243	
0.282252464970958	-58	920.625	2215	0000	177	920.625	013811517 5.12957292956342	
3.96994227904804	-53.5	920.625	2216	0000	178	920.625	013811523 5.13596877254866	
0.251572849213245	-58.5	920.625	2215	0000	179	920.625	013811526 5.13875041109121	
3.9638063558965	-53.5	920.625	2216	0000	180	920.625	013811528 5.14118392003743	
0.276116541819415	-58	920.625	2215	0000	181	920.625	013811533 5.14626276081873	
0.26384469551633	-58	920.625	2215	0000	182	920.625	013811536 5.14880916645617	
3.95767043274495	-53.5	920.625	2216	0000	183	920.625	013811539 5.15221721172359	
0.294524311274043	-58	920.625	2215	0000	184	920.625	013811758 5.37066891100758	
4.03743743371501	-53.5	920.625	2216	0000	185	920.625	013811762 5.37502921532269	
3.99448597165421	-53.5	920.625	2216	0000	186	920.625	013811765 5.37749557380782	
0.362019465941011	-58.5	920.625	2215	0000	187	920.625	013811767 5.38013222128205	
3.98835004850267	-53	920.625	2216	0000	188	920.625	013811774 5.3865020111847	
0.306796157577128	-58	920.625	2215	0000	189	920.625	013811777 5.38928931344086	
0.245436926061703	-58	920.625	2215	0000	190	920.625	013811781 5.39403248479576	
3.93926266329033	-53.5	920.625	2216	0000	191	920.625	013811784 5.39678844783663	
4.0067578179573	-53.5	920.625	2216	0000	192	920.625	013811786 5.39911698929067	
0.276116541819415	-58	920.625	2215	0000	193	920.625	013811790 5.40284182493914	
0.331339850183298	-57.5	920.625	2215	0000	194	920.625	013811796 5.40873473015614	
4.00062189480575	-53.5	920.625	2216	0000	195	920.625	013811798 5.4111014072818	
0.233165079758617	-58	920.625	2215	0000	196	920.625	013812007 5.62010527710852	
3.94539858644187	-53.5	920.625	2216	0000	197	920.625	013812011 5.62406987663299	
3.98221412535112	-53.5	920.625	2216	0000	198	920.625	013812013 5.62656870707613	
0.276116541819415	-58	920.625	2215	0000	199	920.625	013812016 5.62906149622476	
3.97607820219958	-53.5	920.625	2216	0000	200	920.625	013812022 5.63415392991872	
0.220893233455532	-58.5	920.625	2215	0000	201	920.625	013812025 5.63747248851116	
0.312932080728671	-58	920.625	2215	0000	202	920.625	013812028 5.63987390308027	
3.93926266329033	-53.5	920.625	2216	0000	203	920.625	013812033 5.64535146929946	
0.319068003880213	-58	920.625	2215	0000	204	920.625	013812035 5.64784916699988	
3.95153450959341	-53.5	920.625	2216	0000	205	920.625	013812038 5.65047335430418	
3.98835004850267	-53.5	920.625	2216	0000	206	920.625	013812257 5.87006912373666	
0.184077694546277	-58	920.625	2215	0000	207	920.625	013812261 5.87434258444314	
0.319068003880213	-57.5	920.625	2215	0000	208	920.625	013812264 5.87684670101898	
3.94539858644187	-53.5	920.625	2216	0000	209	920.625	013812266 5.87937951374376	
3.98221412535112	-53.5	920.625	2216	0000	210	920.625	013812272 5.88548499701145	
0.312932080728671	-57.5	920.625	2215	0000	211	920.625	013812275 5.88798873600638	
3.88403935492644	-53.5	920.625	2216	0000	212	920.625	013812277 5.89043017415164	
0.294524311274043	-58	920.625	2215	0000	213	920.625	013812283 5.8955969912843	
3.99448597165421	-53.5	920.625	2216	0000	214	920.625	013812285 5.89813584530359	
0.355883542789469	-58	920.625	2215	0000	215	920.625	013812288 5.90148914133948	
3.9638063558965	-53.5	920.625	2216	0000	216	920.625	013812507 6.1200061621204	
0.337475773334841	-58	920.625	2215	0000	217	920.625	013812512 6.12510879049886	
3.97607820219958	-53.5	920.625	2216	0000	218	920.625	013812515 6.12780094236643	
0.294524311274043	-58.5	920.625	2215	0000	219	920.625	013812518 6.13043570193612	
4.01289374110884	-53.5	920.625	2216	0000	220	920.625	013812525 6.13744133808632	
0.276116541819415	-58	920.625	2215	0000	221	920.625	013812528 6.1404797316457	
3.94539858644187	-53.5	920.625	2216	0000	222	920.625	013812534 6.14623859564068	
0.368155389092554	-58.5	920.625	2215	0000	223	920.625	013812537 6.14939517202397	
3.89017527807799	-53.5	920.625	2216	0000	224	920.625	013812543 6.15598735708091	
0.288388388122501	-58	920.625	2215	0000	225	920.625	013812547 6.1594418447999	
0.282252464970958	-58	920.625	2215	0000	226	920.625	013812757 6.37001380813377	
3.99448597165421	-53.5	920.625	2216	0000	227	920.625	013812761 6.37420118039343	
3.9208548938357	-53.5	920.625	2216	0000	228	920.625	013812763 6.37673625860365	
0.306796157577128	-58	920.625	2215	0000	229	920.625	013812766 6.3793313721781	
3.96994227904804	-53.5	920.625	2216	0000	230	920.625	013812772 6.38562677864206	
0.331339850183298	-58.5	920.625	2215	0000	231	920.625	013812776 6.38823963851914	
0.269980618667873	-58	920.625	2215	0000	232	920.625	013812778 6.39066295278086	
3.96994227904804	-53.5	920.625	2216	0000	233	920.625	013812784 6.39645353357204	
3.9638063558965	-53.5	920.625	2216	0000	234	920.625	013812787 6.39988008030391	
0.325203927031756	-58	920.625	2215	0000	235	920.625	013812794 6.40646962229449	
3.90244712438107	-53.5	920.625	2216	0000	236	920.625	013813007 6.61990515922776	
0.319068003880213	-58.5	920.625	2215	0000	237	920.625	013813011 6.62392375282195	
3.98835004850267	-53.5	920.625	2216	0000	238	920.625	013813013 6.62627457154951	
0.233165079758617	-58	920.625	2215	0000	239	920.625	013813016 6.62889913643471	
0.380427235395639	-58	920.625	2215	0000	240	920.625	013813022 6.63520738064951	
3.95153450959341	-53.5	920.625	2216	0000	241	920.625	013813025 6.63787650008175	
0.288388388122501	-58	920.625	2215	0000	242	920.625	013813027 6.64025677012006	
3.93312674013878	-53.5	920.625	2216	0000	243	920.625	013813033 6.64566637177598	
3.98221412535112	-53.5	920.625	2216	0000	244	920.625	013813035 6.64818106061722	
0.306796157577128	-58	920.625	2215	0000	245	920.625	013813039 6.65173749518112	
3.9208548938357	-53.5	920.625	2216	0000	246	920.625	013813267 6.87999006207053	
0.319068003880213	-58	920.625	2215	0000	247	920.625	013813272 6.88507569930816	
3.9638063558965	-53.5	920.625	2216	0000	248	920.625	013813275 6.88790000449321	
0.227029156607075	-58	920.625	2215	0000	249	920.625	013813278 6.89062840412787	
3.96994227904804	-53.5	920.625	2216	0000	250	920.625	013813284 6.89672633577741	
0.337475773334841	-58.5	920.625	2215	0000	251	920.625	013813288 6.90045910062493	
3.98221412535112	-53.5	920.625	2216	0000	252	920.625	013813294 6.90626553981421	
0.233165079758617	-58.5	920.625	2215	0000	253	920.625	013813296 6.90916007504798	
4.03743743371501	-53.5	920.625	2216	0000	254	920.625	013813299 6.91203686397912	
0.245436926061703	-58.5	920.625	2215	0000	255	920.625	013813306 6.91918635845492	
3.9208548938357	-53.5	920.625	2216	0000	256	920.625	013813507 7.11996613854425	
0.300660234425586	-58	920.625	2215	0000	257	920.625	013813511 7.12394848437136	
0.165669925091649	-58	920.625	2215	0000	258	920.625	013813513 7.12681130280894	
4.01289374110884	-53.5	920.625	2216	0000	259	920.625	013813516 7.12963220976583	
3.90244712438107	-53.5	920.625	2216	0000	260	920.625	013813524 7.13699163922597	
0.251572849213245	-58	920.625	2215	0000	261	920.625	013813528 7.14040119481702	
3.89631120122953	-53.5	920.625	2216	0000	262	920.625	013813534 7.14652442438735	
0.306796157577128	-58	920.625	2215	0000	263	920.625	013813538 7.15049091181636	
3.93312674013878	-53.5	920.625	2216	0000	264	920.625	013813544 7.15616633043087	
0.435650543759522	-58	920.625	2215	0000	265	920.625	013813548 7.15996177370897	
0.312932080728671	-58	920.625	2215	0000	266	920.625	013813551 7.163082857487	
3.95153450959341	-53.5	920.625	2216	0000	267	920.625	013813558 7.17031919557143	
3.95767043274495	-53.5	920.625	2216	0000	268	920.625	013813757 7.37028868703414	
0.337475773334841	-58.5	920.625	2215	0000	269	920.625	013813762 7.37524066063066	
0.177941771394734	-58	920.625	2215	0000	270	920.625	013813765 7.37797849978799	
3.95153450959341	-53.5	920.625	2216	0000	271	920.625	013813768 7.38083565451196	
0.288388388122501	-58	920.625	2215	0000	272	920.625	013813775 7.38816903088952	
3.98835004850267	-53.5	920.625	2216	0000	273	920.625	013813778 7.39086042759527	
3.92699081698724	-53.5	920.625	2216	0000	274	920.625	013813783 7.39566816528529	
0.300660234425586	-58	920.625	2215	0000	275	920.625	013813786 7.39905619876463	
3.97607820219958	-53.5	920.625	2216	0000	276	920.625	013814007 7.61981453981005	
0.349747619637926	-58.5	920.625	2215	0000	277	920.625	013814011 7.62386636052407	
0.337475773334841	-58	920.625	2215	0000	278	920.625	013814014 7.62626739751227	
4.03130151056347	-53.5	920.625	2216	0000	279	920.625	013814016 7.62897805084429	
0.319068003880213	-58.5	920.625	2215	0000	280	920.625	013814023 7.63551208844153	
3.93312674013878	-53.5	920.625	2216	0000	281	920.625	013814025 7.63814835833485	
0.374291312244096	-58	920.625	2215	0000	282	920.625	013814028 7.64064832152071	
4.01289374110884	-53.5	920.625	2216	0000	283	920.625	013814033 7.64553044264943	
0.312932080728671	-58.5	920.625	2215	0000	284	920.625	013814035 7.64801756808445	
3.99448597165421	-53.5	920.625	2216	0000	285	920.625	013814039 7.65126476388544	
3.98221412535112	-53.5	920.625	2216	0000	286	920.625	013814044 7.65674837139915	
0.300660234425586	-58	920.625	2215	0000	287	920.625	013814047 7.65931705431011	
3.94539858644187	-53.5	920.625	2216	0000	288	920.625	013814256 7.86975044545108	
0.337475773334841	-58	920.625	2215	0000	289	920.625	013814261 7.87387815992741	
0.325203927031756	-58	920.625	2215	0000	290	920.625	013814263 7.87631053613091	
4.00062189480575	-53.5	920.625	2216	0000	291	920.625	013814266 7.87885845209197	
0.257708772364788	-58	920.625	2215	0000	292	920.625	013814272 7.8848491507639	
3.94539858644187	-53.5	920.625	2216	0000	293	920.625	013814274 7.88760700170931	
3.95767043274495	-53.5	920.625	2216	0000	294	920.625	013814278 7.89005183808274	
0.300660234425586	-58	920.625	2215	0000	295	920.625	013814283 7.89530172301495	
0.306796157577128	-57.5	920.625	2215	0000	296	920.625	013814286 7.89791533805385	
3.98221412535112	-53.5	920.625	2216	0000	297	920.625	013814289 7.90107795573166	
0.251572849213245	-58	920.625	2215	0000	298	920.625	013814507 8.1198196371523	
3.95153450959341	-53.5	920.625	2216	0000	299	920.625	013814511 8.12413727482491	
3.99448597165421	-53.5	920.625	2216	0000	300	920.625	013814514 8.12695327323	
0.245436926061703	-58	920.625	2215	0000	301	920.625	013814517 8.13000223905478	
3.9638063558965	-53.5	920.625	2216	0000	302	920.625	013814523 8.13639543897368	
0.257708772364788	-58	920.625	2215	0000	303	920.625	013814526 8.13896336672281	
0.245436926061703	-57.5	920.625	2215	0000	304	920.625	013814531 8.14401086828883	
3.93312674013878	-53.5	920.625	2216	0000	305	920.625	013814534 8.14710401107974	
0.325203927031756	-58	920.625	2215	0000	306	920.625	013814537 8.15045315372565	
3.97607820219958	-53.5	920.625	2216	0000	307	920.625	013814543 8.15561468472561	
0.300660234425586	-58	920.625	2215	0000	308	920.625	013814757 8.36967927145009	
3.94539858644187	-53	920.625	2216	0000	309	920.625	013814762 8.37475056061325	
0.294524311274043	-58	920.625	2215	0000	310	920.625	013814765 8.37805741419757	
3.99448597165421	-53.5	920.625	2216	0000	311	920.625	013814771 8.38385290354054	
0.276116541819415	-58	920.625	2215	0000	312	920.625	013814776 8.38841785670729	
3.93926266329033	-53.5	920.625	2216	0000	313	920.625	013814779 8.3912289465606	
3.95767043274495	-53.5	920.625	2216	0000	314	920.625	013814784 8.39705162172888	
0.276116541819415	-58	920.625	2215	0000	315	920.625	013814787 8.39970110695395	
3.9638063558965	-53.5	920.625	2216	0000	316	920.625	013814790 8.40308800769057	
0.251572849213245	-58	920.625	2215	0000	317	920.625	013814796 8.40865581574656	
3.95767043274495	-53.5	920.625	2216	0000	318	920.625	013815006 8.61965557824817	
0.276116541819415	-58	920.625	2215	0000	319	920.625	013815011 8.62390600651931	
3.95767043274495	-53.5	920.625	2216	0000	320	920.625	013815013 8.62633687239918	
0.288388388122501	-58	920.625	2215	0000	321	920.625	013815015 8.62870657017209	
3.94539858644187	-53.5	920.625	2216	0000	322	920.625	013815021 8.63411503908529	
0.276116541819415	-58	920.625	2215	0000	323	920.625	013815024 8.63759935569594	
0.300660234425586	-58	920.625	2215	0000	324	920.625	013815027 8.6399448882908	
3.89017527807799	-53.5	920.625	2216	0000	325	920.625	013815033 8.64509886767262	
3.9638063558965	-53.5	920.625	2216	0000	326	920.625	013815035 8.64761204619023	
0.337475773334841	-58	920.625	2215	0000	327	920.625	013815038 8.65009954920616	
0.245436926061703	-58	920.625	2215	0000	328	920.625	013815257 8.86957940130016	
3.95767043274495	-53.5	920.625	2216	0000	329	920.625	013815261 8.87349302740218	
0.245436926061703	-58	920.625	2215	0000	330	920.625	013815263 8.87631053613091	
3.98835004850267	-53.5	920.625	2216	0000	331	920.625	013815266 8.8788123872213	
3.98221412535112	-53.5	920.625	2216	0000	332	920.625	013815271 8.88394295658688	
0.331339850183298	-58	920.625	2215	0000	333	920.625	013815274 8.88730380424091	
3.97607820219958	-53.5	920.625	2216	0000	334	920.625	013815277 8.88981131904492	
0.355883542789469	-58	920.625	2215	0000	335	920.625	013815282 8.89530210059586	
0.227029156607075	-57.5	920.625	2215	0000	336	920.625	013815285 8.89810790431647	
3.96994227904804	-53.5	920.625	2216	0000	337	920.625	013815288 8.90076796180694	
3.98835004850267	-53.5	920.625	2216	0000	338	920.625	013815507 9.1197131593365	
0.276116541819415	-58	920.625	2215	0000	339	920.625	013815511 9.12346253774393	
3.97607820219958	-53.5	920.625	2216	0000	340	920.625	013815513 9.12603612920668	
0.220893233455532	-57.5	920.625	2215	0000	341	920.625	013815516 9.12868561443175	
0.21475731030399	-58	920.625	2215	0000	342	920.625	013815522 9.13449129845921	
4.03130151056347	-53.5	920.625	2216	0000	343	920.625	013815525 9.13782911367791	
3.95767043274495	-53.5	920.625	2216	0000	344	920.625	013815528 9.14046878179939	
0.343611696486384	-58.5	920.625	2215	0000	345	920.625	013815534 9.1462132977199	
3.98221412535112	-53.5	920.625	2216	0000	346	920.625	013815536 9.14883672986238	
0.300660234425586	-57.5	920.625	2215	0000	347	920.625	013815540 9.15223042705533	
0.300660234425586	-58	920.625	2215	0000	348	920.625	013815757 9.37012141869229	
3.9208548938357	-53.5	920.625	2216	0000	349	920.625	013815762 9.37481814759562	
0.362019465941011	-58	920.625	2215	0000	350	920.625	013815765 9.3778618272877	
3.95153450959341	-53.5	920.625	2216	0000	351	920.625	013815768 9.38092702909148	
0.423378697456437	-58	920.625	2215	0000	352	920.625	013815774 9.38692527938155	
3.98835004850267	-53.5	920.625	2216	0000	353	920.625	013815777 9.39014906516631	
3.96994227904804	-53.5	920.625	2216	0000	354	920.625	013815784 9.39671670746428	
0.325203927031756	-58	920.625	2215	0000	355	920.625	013815787 9.39981815703514	
0.251572849213245	-58	920.625	2215	0000	356	920.625	013815790 9.40283125267375	
3.98835004850267	-53.5	920.625	2216	0000	357	920.625	013815797 9.40947365599132	
3.97607820219958	-53.5	920.625	2216	0000	358	920.625	013815800 9.41235497589335	
0.288388388122501	-58	920.625	2215	0000	359	920.625	013815805 9.41775173979842	
0.319068003880213	-58.5	920.625	2215	0000	360	920.625	013816007 9.61950114765717	
3.98221412535112	-53.5	920.625	2216	0000	361	920.625	013816011 9.62436401215962	
3.96994227904804	-53.5	920.625	2216	0000	362	920.625	013816014 9.62690022311256	
0.355883542789469	-58	920.625	2215	0000	363	920.625	013816016 9.62944964939725	
3.95153450959341	-53.5	920.625	2216	0000	364	920.625	013816022 9.63504464327855	
0.325203927031756	-58	920.625	2215	0000	365	920.625	013816025 9.63757707842242	
0.098174770424681	-58	920.625	2215	0000	366	920.625	013816028 9.64116485220162	
3.97607820219958	-53.5	920.625	2216	0000	367	920.625	013816034 9.64674965139843	
0.276116541819415	-58	920.625	2215	0000	368	920.625	013816036 9.64915824000477	
3.98835004850267	-53.5	920.625	2216	0000	369	920.625	013816039 9.65155965457388	
3.9638063558965	-53.5	920.625	2216	0000	370	920.625	013816257 9.86949897656695	
0.294524311274043	-58	920.625	2215	0000	371	920.625	013816261 9.87408394152178	
3.98221412535112	-53.5	920.625	2216	0000	372	920.625	013816264 9.87656087227231	
0.374291312244096	-58	920.625	2215	0000	373	920.625	013816266 9.87907065256175	
0.276116541819415	-58	920.625	2215	0000	374	920.625	013816272 9.88444362886969	
3.95767043274495	-53	920.625	2216	0000	375	920.625	013816274 9.88698776902168	
4.01902966426038	-53.5	920.625	2216	0000	376	920.625	013816277 9.8900869531071	
0.288388388122501	-58	920.625	2215	0000	377	920.625	013816283 9.89589603536272	
0.23930100291016	-58	920.625	2215	0000	378	920.625	013816286 9.8987007063406	
4.01902966426038	-53.5	920.625	2216	0000	379	920.625	013816288 9.90130639218045	
0.276116541819415	-58	920.625	2215	0000	380	920.625	013816507 10.1194609352906	
3.94539858644187	-53.5	920.625	2216	0000	381	920.625	013816511 10.1236218768867	
3.9208548938357	-53.5	920.625	2216	0000	382	920.625	013816513 10.1261335450807	
0.398835004850267	-58	920.625	2215	0000	383	920.625	013816516 10.1285919743668	
0.312932080728671	-58	920.625	2215	0000	384	920.625	013816521 10.1340903075359	
3.9208548938357	-53	920.625	2216	0000	385	920.625	013816524 10.1366200996134	
4.0067578179573	-53.5	920.625	2216	0000	386	920.625	013816526 10.1392212544824	
0.245436926061703	-58	920.625	2215	0000	387	920.625	013816532 10.1445500538242	
0.245436926061703	-57.5	920.625	2215	0000	388	920.625	013816535 10.1474487424479	
3.88403935492644	-53	920.625	2216	0000	389	920.625	013816537 10.1498841392987	
0.331339850183298	-58	920.625	2215	0000	390	920.625	013816757 10.3697479911752	
3.90244712438107	-53.5	920.625	2216	0000	391	920.625	013816761 10.3733689920742	
0.282252464970958	-58	920.625	2215	0000	392	920.625	013816763 10.3757651205106	
3.95767043274495	-53.5	920.625	2216	0000	393	920.625	013816766 10.3788582633015	
3.97607820219958	-53.5	920.625	2216	0000	394	920.625	013816772 10.3845940948612	
0.276116541819415	-58	920.625	2215	0000	395	920.625	013816775 10.3873315564376	
3.9208548938357	-53.5	920.625	2216	0000	396	920.625	013816777 10.3897858323337	
0.245436926061703	-58	920.625	2215	0000	397	920.625	013816784 10.3964860055301	
0.300660234425586	-58	920.625	2215	0000	398	920.625	013816787 10.3993333431504	
3.92699081698724	-53.5	920.625	2216	0000	399	920.625	013816789 10.4020590997187	
0.337475773334841	-58	920.625	2215	0000	400	920.625	013817016 10.6293835727385	
3.95767043274495	-53.5	920.625	2216	0000	401	920.625	013817021 10.6339994993277	
4.01902966426038	-53.5	920.625	2216	0000	402	920.625	013817024 10.6368830847152	
0.306796157577128	-58	920.625	2215	0000	403	920.625	013817030 10.6432056770045	
3.97607820219958	-53.5	920.625	2216	0000	404	920.625	013817034 10.6467745717383	
0.325203927031756	-58	920.625	2215	0000	405	920.625	013817036 10.6495807530398	
0.257708772364788	-58	920.625	2215	0000	406	920.625	013817042 10.6548374344284	
3.93926266329033	-53.5	920.625	2216	0000	407	920.625	013817046 10.6592743876676	
0.337475773334841	-58	920.625	2215	0000	408	920.625	013817049 10.662170433225	
3.94539858644187	-53.5	920.625	2216	0000	409	920.625	013817055 10.6679651674062	
3.96994227904804	-53.5	920.625	2216	0000	410	920.625	013817201 10.8135890613301	
0.196349540849362	-58	920.625	2215	0000	411	920.625	013817204 10.8166663457229	
0.319068003880213	-58	920.625	2215	0000	412	920.625	013817210 10.8222409502352	
3.9638063558965	-53.5	920.625	2216	0000	413	920.625	013817214 10.8264902457636	
0.282252464970958	-58	920.625	2215	0000	414	920.625	013817219 10.8321977587553	
4.00062189480575	-53.5	920.625	2216	0000	415	920.625	013817222 10.8351413795069	
3.90244712438107	-53	920.625	2216	0000	416	920.625	013817225 10.8379079148132	
0.251572849213245	-58	920.625	2215	0000	417	920.625	013817232 10.8451019638361	
