0.227029156607075	-57.5	920.625	2216	0000	0	920.625	082327167 0.649863051353288	
3.54042765844006	-56	920.625	2216	0000	1	920.625	082327169 0.651372997970879	
0.276116541819415	-57	920.625	2216	0000	2	920.625	082327169 0.651642968421386	
3.40543734910612	-57	920.625	2216	0000	3	920.625	082327170 0.651917847425539	
0.223961195031304	-57.5	920.625	2216	0000	4	920.625	082327170 0.65212853765125	
3.25203927031756	-56.5	920.625	2216	0000	5	920.625	082327170 0.652335452066463	
0.276116541819415	-57.5	920.625	2216	0000	6	920.625	082327383 0.865967034153716	
3.40543734910612	-56.5	920.625	2216	0000	7	920.625	082327388 0.870891446203385	
0.322135965455985	-57.5	920.625	2216	0000	8	920.625	082327391 0.873925687518454	
3.44838881116692	-57	920.625	2216	0000	9	920.625	082327394 0.877067917013727	
3.42077715698498	-57.5	920.625	2216	0000	10	920.625	082327401 0.883780930495636	
3.42384511856075	-57	920.625	2216	0000	11	920.625	082327634 1.11596835568739	
0.303728196001357	-57.5	920.625	2216	0000	12	920.625	082327639 1.12134435467245	
3.43611696486384	-56.5	920.625	2216	0000	13	920.625	082327641 1.12347391179254	
0.312932080728671	-57.5	920.625	2216	0000	14	920.625	082327644 1.1259591502614	
3.47293250377309	-57	920.625	2216	0000	15	920.625	082327652 1.13400351452441	
0.291456349698272	-57.5	920.625	2216	0000	16	920.625	082327884 1.36589642649743	
3.49134027322772	-56.5	920.625	2216	0000	17	920.625	082327889 1.37093146979465	
0.303728196001357	-57.5	920.625	2216	0000	18	920.625	082327892 1.37426437772	
3.42998104171229	-57	920.625	2216	0000	19	920.625	082327900 1.38240804579907	
3.47600046534886	-57.5	920.625	2216	0000	20	920.625	082327907 1.38905384985414	
3.46679658062155	-57	920.625	2216	0000	21	920.625	082327922 1.40439761096918	
0.337475773334841	-57	920.625	2216	0000	22	920.625	082328133 1.61596420229584	
3.49747619637926	-57	920.625	2216	0000	23	920.625	082328137 1.61922423707861	
0.328271888607527	-57.5	920.625	2216	0000	24	920.625	082328138 1.62046949938039	
3.42384511856075	-57	920.625	2216	0000	25	920.625	082328140 1.62237552851907	
0.316000042304442	-57	920.625	2216	0000	26	920.625	082328142 1.62380807102149	
3.43611696486384	-57	920.625	2216	0000	27	920.625	082328143 1.62478260771066	
0.331339850183298	-57.5	920.625	2216	0000	28	920.625	082328394 1.87623119740768	
3.44225288801538	-57	920.625	2216	0000	29	920.625	082328398 1.88042159189681	
3.46679658062155	-56.5	920.625	2216	0000	30	920.625	082328400 1.88216224053574	
3.3011266555299	-56.5	920.625	2216	0000	31	920.625	082328402 1.88431029912726	
3.29499073237836	-57	920.625	2216	0000	32	920.625	082328404 1.8864919624322	
3.41770919540921	-56.5	920.625	2216	0000	33	920.625	082328408 1.89008879951126	
0.291456349698272	-57.5	920.625	2216	0000	34	920.625	082328634 2.11610919341891	
3.53429173528852	-56.5	920.625	2216	0000	35	920.625	082328637 2.11884136989425	
0.273048580243644	-57.5	920.625	2216	0000	36	920.625	082328638 2.12067905686295	
3.40543734910612	-57	920.625	2216	0000	37	920.625	082328640 2.12215086779453	
0.291456349698272	-57.5	920.625	2216	0000	38	920.625	082328642 2.12397307394019	
3.40543734910612	-57	920.625	2216	0000	39	920.625	082328884 2.36599384240824	
3.45145677274269	-57.5	920.625	2216	0000	40	920.625	082328886 2.36875660294861	
3.43611696486384	-57	920.625	2216	0000	41	920.625	082328888 2.3700932398644	
0.303728196001357	-57.5	920.625	2216	0000	42	920.625	082328889 2.37188259645874	
3.38089365649995	-57	920.625	2216	0000	43	920.625	082328891 2.37310067292495	
3.42384511856075	-57	920.625	2216	0000	44	920.625	082329134 2.61586565364188	
3.49747619637926	-56.5	920.625	2216	0000	45	920.625	082329138 2.61949798333961	
0.312932080728671	-57.5	920.625	2216	0000	46	920.625	082329140 2.62152068502264	
3.47293250377309	-57	920.625	2216	0000	47	920.625	082329141 2.62283240158916	
0.325203927031756	-57.5	920.625	2216	0000	48	920.625	082329142 2.62444618299541	
3.6324665057132	-56	920.625	2216	0000	49	920.625	082329144 2.62571976387591	
0.306796157577128	-57	920.625	2216	0000	50	920.625	082329383 2.86590209021317	
3.46679658062155	-57	920.625	2216	0000	51	920.625	082329387 2.86927313382454	
0.300660234425586	-57.5	920.625	2216	0000	52	920.625	082329388 2.87076118074125	
3.47293250377309	-57	920.625	2216	0000	53	920.625	082329390 2.87207742828037	
0.306796157577128	-57.5	920.625	2216	0000	54	920.625	082329391 2.87400309163363	
3.42384511856075	-56.5	920.625	2216	0000	55	920.625	082329644 3.12592139215643	
0.288388388122501	-57	920.625	2216	0000	56	920.625	082329648 3.1299075152977	
3.44838881116692	-57	920.625	2216	0000	57	920.625	082329649 3.13168252381215	
0.349747619637926	-57.5	920.625	2216	0000	58	920.625	082329651 3.13327062970702	
3.51588396583389	-57	920.625	2216	0000	59	920.625	082329653 3.13525104231249	
0.300660234425586	-57.5	920.625	2216	0000	60	920.625	082329656 3.13847482931449	
3.35021404074224	-57	920.625	2216	0000	61	920.625	082329884 3.36586093387876	
0.288388388122501	-57	920.625	2216	0000	62	920.625	082329887 3.36903525776326	
3.47906842692463	-56.5	920.625	2216	0000	63	920.625	082329888 3.37024049647377	
0.316000042304442	-57	920.625	2216	0000	64	920.625	082329890 3.37254789426824	
3.46679658062155	-56.5	920.625	2216	0000	65	920.625	082329892 3.37416771697129	
0.312932080728671	-57.5	920.625	2216	0000	66	920.625	082330134 3.61570555927683	
3.45452473431846	-57	920.625	2216	0000	67	920.625	082330137 3.61907924595554	
0.316000042304442	-57	920.625	2216	0000	68	920.625	082330140 3.62164264370168	
3.43611696486384	-56.5	920.625	2216	0000	69	920.625	082330142 3.62362456663135	
3.47293250377309	-57.5	920.625	2216	0000	70	920.625	082330147 3.62867546833266	
3.38089365649995	-56.5	920.625	2216	0000	71	920.625	082330149 3.63107726138954	
0.368155389092554	-57.5	920.625	2216	0000	72	920.625	082330384 3.86566610205714	
3.44838881116692	-56.5	920.625	2216	0000	73	920.625	082330387 3.86883287432064	
0.294524311274043	-57.5	920.625	2216	0000	74	920.625	082330389 3.87069850228701	
3.45452473431846	-56.5	920.625	2216	0000	75	920.625	082330390 3.87230548723436	
0.312932080728671	-57.5	920.625	2216	0000	76	920.625	082330392 3.87405330991324	
3.44225288801538	-57	920.625	2216	0000	77	920.625	082330634 4.11552847376454	
0.328271888607527	-57.5	920.625	2216	0000	78	920.625	082330638 4.11943643762852	
3.42384511856075	-57	920.625	2216	0000	79	920.625	082330640 4.12183256696966	
3.46372861904578	-57	920.625	2216	0000	80	920.625	082330642 4.1237861713206	
3.28885480922681	-56.5	920.625	2216	0000	81	920.625	082330648 4.12944422334976	
0.316000042304442	-57.5	920.625	2216	0000	82	920.625	082330884 4.36618867422987	
3.36862181019687	-56.5	920.625	2216	0000	83	920.625	082330888 4.36958350544736	
0.306796157577128	-57	920.625	2216	0000	84	920.625	082330889 4.37121994171659	
3.41157327225767	-56.5	920.625	2216	0000	85	920.625	082330891 4.37265814793474	
3.44225288801538	-57.5	920.625	2216	0000	86	920.625	082330892 4.37391473766801	
3.3870295796515	-57	920.625	2216	0000	87	920.625	082330897 4.3789890493944	
3.45452473431846	-57.5	920.625	2216	0000	88	920.625	082331134 4.61579089259405	
3.40543734910612	-56.5	920.625	2216	0000	89	920.625	082331136 4.61927143470982	
0.288388388122501	-57.5	920.625	2216	0000	90	920.625	082331139 4.62132660836312	
3.3870295796515	-57	920.625	2216	0000	91	920.625	082331140 4.6227893573495	
0.3098641191529	-57.5	920.625	2216	0000	92	920.625	082331142 4.62479393514215	
3.40543734910612	-56.5	920.625	2216	0000	93	920.625	082331383 4.86575219053646	
0.294524311274043	-57	920.625	2216	0000	94	920.625	082331387 4.8692621839741	
3.42998104171229	-56.5	920.625	2216	0000	95	920.625	082331389 4.87141288563297	
0.33440781175907	-57.5	920.625	2216	0000	96	920.625	082331390 4.87243310962915	
3.41157327225767	-56.5	920.625	2216	0000	97	920.625	082331391 4.87334534544513	
0.291456349698272	-57.5	920.625	2216	0000	98	920.625	082331394 4.87599671957584	
3.40543734910612	-57	920.625	2216	0000	99	920.625	082331633 5.1154620194998	
0.300660234425586	-57	920.625	2216	0000	100	920.625	082331636 5.11862841418225	
3.36248588704533	-56.5	920.625	2216	0000	101	920.625	082331637 5.11948892139442	
0.291456349698272	-57.5	920.625	2216	0000	102	920.625	082331638 5.12065602441892	
3.41770919540921	-57	920.625	2216	0000	103	920.625	082331639 5.12145045494741	
0.273048580243644	-57.5	920.625	2216	0000	104	920.625	082331883 5.36540368322762	
3.40543734910612	-57	920.625	2216	0000	105	920.625	082331888 5.37035339320762	
0.331339850183298	-57	920.625	2216	0000	106	920.625	082331890 5.37272044880794	
3.41770919540921	-57	920.625	2216	0000	107	920.625	082331893 5.37613076084847	
3.44838881116692	-57.5	920.625	2216	0000	108	920.625	082331900 5.38276750295835	
3.46679658062155	-56.5	920.625	2216	0000	109	920.625	082331904 5.38620575599655	
0.276116541819415	-57.5	920.625	2216	0000	110	920.625	082332133 5.61550204309106	
3.45452473431846	-56.5	920.625	2216	0000	111	920.625	082332136 5.61836826083903	
0.316000042304442	-57	920.625	2216	0000	112	920.625	082332138 5.62026975900512	
3.44838881116692	-56.5	920.625	2216	0000	113	920.625	082332139 5.62157996524744	
0.291456349698272	-57.5	920.625	2216	0000	114	920.625	082332141 5.6229626670513	
3.58337912050086	-57	920.625	2216	0000	115	920.625	082332393 5.87541448959726	
3.42691308013652	-57.5	920.625	2216	0000	116	920.625	082332396 5.87861901996573	
3.43611696486384	-56.5	920.625	2216	0000	117	920.625	082332397 5.87986352710541	
3.45452473431846	-57	920.625	2216	0000	118	920.625	082332399 5.88153432325016	
3.39930142595458	-57	920.625	2216	0000	119	920.625	082332401 5.88340448218912	
0.312932080728671	-57	920.625	2216	0000	120	920.625	082332402 5.88482569726005	
3.41157327225767	-57	920.625	2216	0000	121	920.625	082332633 6.11548203129543	
0.282252464970958	-57	920.625	2216	0000	122	920.625	082332636 6.11832483901832	
3.42384511856075	-57	920.625	2216	0000	123	920.625	082332638 6.12003377084908	
0.282252464970958	-57	920.625	2216	0000	124	920.625	082332639 6.12136965260278	
3.43611696486384	-57	920.625	2216	0000	125	920.625	082332641 6.12338631298902	
0.312932080728671	-57.5	920.625	2216	0000	126	920.625	082332884 6.36545465666933	
3.42998104171229	-56.5	920.625	2216	0000	127	920.625	082332886 6.36909831379855	
0.303728196001357	-57.5	920.625	2216	0000	128	920.625	082332887 6.36993390066145	
3.42384511856075	-56.5	920.625	2216	0000	129	920.625	082332889 6.37194980588558	
3.29499073237836	-57	920.625	2216	0000	130	920.625	082332892 6.37468387026617	
3.38089365649995	-57	920.625	2216	0000	131	920.625	082332896 6.37858503767126	
0.288388388122501	-57	920.625	2216	0000	132	920.625	082333133 6.61532306967352	
3.41157327225767	-56.5	920.625	2216	0000	133	920.625	082333136 6.61853175343353	
0.276116541819415	-57.5	920.625	2216	0000	134	920.625	082333137 6.61969772371488	
3.39316550280304	-57	920.625	2216	0000	135	920.625	082333139 6.62145045494741	
0.266912657092102	-57.5	920.625	2216	0000	136	920.625	082333140 6.62237401819488	
3.41157327225767	-57	920.625	2216	0000	137	920.625	082333383 6.86535006671857	
0.276116541819415	-57.5	920.625	2216	0000	138	920.625	082333386 6.86883740529323	
3.39316550280304	-57	920.625	2216	0000	139	920.625	082333388 6.8703167678458	
0.294524311274043	-57.5	920.625	2216	0000	140	920.625	082333389 6.87189430147128	
3.44838881116692	-56.5	920.625	2216	0000	141	920.625	082333390 6.87286090895841	
0.322135965455985	-57.5	920.625	2216	0000	142	920.625	082333633 7.11530116997264	
3.15386449989288	-56.5	920.625	2216	0000	143	920.625	082333637 7.11963240219329	
3.40543734910612	-56.5	920.625	2216	0000	144	920.625	082333639 7.12123183551965	
3.45452473431846	-57	920.625	2216	0000	145	920.625	082333641 7.12349203568292	
3.43611696486384	-57	920.625	2216	0000	146	920.625	082333643 7.12550643058286	
3.49134027322772	-56.5	920.625	2216	0000	147	920.625	082333646 7.12854784593787	
3.44838881116692	-57.5	920.625	2216	0000	148	920.625	082333884 7.36543275696845	
3.41770919540921	-57	920.625	2216	0000	149	920.625	082333887 7.36933354679249	
0.294524311274043	-57	920.625	2216	0000	150	920.625	082333890 7.37238289134954	
3.48520435007618	-56.5	920.625	2216	0000	151	920.625	082333896 7.37818971031227	
0.300660234425586	-57	920.625	2216	0000	152	920.625	082333899 7.38161286010849	
3.3440781175907	-57	920.625	2216	0000	153	920.625	082333902 7.38441866488851	
0.316000042304442	-57.5	920.625	2216	0000	154	920.625	082334133 7.61509387797638	
3.3870295796515	-56.5	920.625	2216	0000	155	920.625	082334136 7.6187953050062	
3.41770919540921	-57	920.625	2216	0000	156	920.625	082334138 7.62000507468931	
3.46066065747001	-56.5	920.625	2216	0000	157	920.625	082334139 7.62133302724096	
0.306796157577128	-57.5	920.625	2216	0000	158	920.625	082334141 7.62396854296759	
3.32567034813607	-57	920.625	2216	0000	159	920.625	082334383 7.86516769507159	
0.285320426546729	-57.5	920.625	2216	0000	160	920.625	082334386 7.86830086262167	
3.36248588704533	-56.5	920.625	2216	0000	161	920.625	082334387 7.8699297472699	
0.300660234425586	-57	920.625	2216	0000	162	920.625	082334389 7.87190223067333	
3.3870295796515	-57	920.625	2216	0000	163	920.625	082334391 7.87384564033593	
0.279184503395187	-57.5	920.625	2216	0000	164	920.625	082334633 8.11522338827641	
3.41157327225767	-56.5	920.625	2216	0000	165	920.625	082334637 8.11870242006798	
0.297592272849814	-57.5	920.625	2216	0000	166	920.625	082334638 8.11986083872834	
3.42998104171229	-56.5	920.625	2216	0000	167	920.625	082334640 8.12177366432592	
0.257708772364788	-57	920.625	2216	0000	168	920.625	082334642 8.12402782319239	
3.43611696486384	-57	920.625	2216	0000	169	920.625	082334643 8.12529913858659	
0.242368964485931	-57.5	920.625	2216	0000	170	920.625	082334883 8.36516052103164	
3.3870295796515	-56.5	920.625	2216	0000	171	920.625	082334886 8.36890008374748	
0.233165079758617	-57	920.625	2216	0000	172	920.625	082334888 8.37078157011793	
3.35021404074224	-57	920.625	2216	0000	173	920.625	082334892 8.37439653108738	
3.3870295796515	-57	920.625	2216	0000	174	920.625	082334898 8.38002664211886	
3.39930142595458	-56.5	920.625	2216	0000	175	920.625	082335133 8.61519960067028	
0.254640810789016	-57	920.625	2216	0000	176	920.625	082335136 8.61858121655104	
3.29499073237836	-56.5	920.625	2216	0000	177	920.625	082335138 8.62061675598976	
3.36248588704533	-57	920.625	2216	0000	178	920.625	082335140 8.62203079702073	
3.28885480922681	-56.5	920.625	2216	0000	179	920.625	082335142 8.62457191748495	
0.3098641191529	-57	920.625	2216	0000	180	920.625	082335383 8.86514126439811	
3.33180627128761	-56	920.625	2216	0000	181	920.625	082335386 8.86861425489288	
3.44225288801538	-57	920.625	2216	0000	182	920.625	082335387 8.86973416028618	
3.43611696486384	-56.5	920.625	2216	0000	183	920.625	082335388 8.87061505687503	
0.260776733940559	-57	920.625	2216	0000	184	920.625	082335390 8.87233644888043	
3.47293250377309	-56.5	920.625	2216	0000	185	920.625	082335392 8.87474466081517	
0.343611696486384	-57	920.625	2216	0000	186	920.625	082335633 9.11509463313848	
3.45452473431846	-56.5	920.625	2216	0000	187	920.625	082335636 9.11873187138985	
0.349747619637926	-57	920.625	2216	0000	188	920.625	082335638 9.11992691541203	
3.52201988898543	-56.5	920.625	2216	0000	189	920.625	082335639 9.12114687978348	
0.368155389092554	-56.5	920.625	2216	0000	190	920.625	082335641 9.12361059613251	
3.57724319734932	-56.5	920.625	2216	0000	191	920.625	082335642 9.12454284374412	
0.432582582183751	-57	920.625	2216	0000	192	920.625	082335882 9.3649898543972	
3.60178688995549	-56.5	920.625	2216	0000	193	920.625	082335886 9.36860330504244	
0.438718505335293	-56.5	920.625	2216	0000	194	920.625	082335887 9.36983233135909	
3.5895150436524	-56	920.625	2216	0000	195	920.625	082335888 9.37070567632695	
3.62019465941011	-56.5	920.625	2216	0000	196	920.625	082335890 9.37290772900857	
3.675417967774	-56	920.625	2216	0000	197	920.625	082336132 9.61527436171811	
0.441786466911065	-56.5	920.625	2216	0000	198	920.625	082336137 9.61971773551052	
3.5036121195308	-55.5	920.625	2216	0000	199	920.625	082336140 9.6227961538084	
0.481669967396091	-57	920.625	2216	0000	200	920.625	082336142 9.62470180536603	
3.62633058256166	-56.5	920.625	2216	0000	201	920.625	082336146 9.62770017648138	
0.395767043274495	-56.5	920.625	2216	0000	202	920.625	082336147 9.62901264821	
3.56497135104623	-56.5	920.625	2216	0000	203	920.625	082336383 9.8648728042718	
0.35895150436524	-57	920.625	2216	0000	204	920.625	082336387 9.86850966494213	
3.48520435007618	-56.5	920.625	2216	0000	205	920.625	082336388 9.86971188300425	
3.5036121195308	-57	920.625	2216	0000	206	920.625	082336389 9.87057427812167	
3.54042765844006	-56.5	920.625	2216	0000	207	920.625	082336390 9.87148877942395	
0.368155389092554	-57	920.625	2216	0000	208	920.625	082336633 10.1149571936364	
3.51588396583389	-56.5	920.625	2216	0000	209	920.625	082336637 10.1185528979723	
0.35895150436524	-57	920.625	2216	0000	210	920.625	082336638 10.1204457117743	
3.52201988898543	-56.5	920.625	2216	0000	211	920.625	082336640 10.1217038118317	
0.380427235395639	-57	920.625	2216	0000	212	920.625	082336641 10.1233198587243	
3.53429173528852	-56.5	920.625	2216	0000	213	920.625	082336645 10.1268475984712	
0.374291312244096	-57	920.625	2216	0000	214	920.625	082336882 10.3649162260925	
3.48520435007618	-56.5	920.625	2216	0000	215	920.625	082336886 10.3681139600021	
0.349747619637926	-57	920.625	2216	0000	216	920.625	082336887 10.3693641308575	
3.5036121195308	-57	920.625	2216	0000	217	920.625	082336889 10.3708306556544	
0.362019465941011	-57	920.625	2216	0000	218	920.625	082336890 10.3721333102757	
3.55269950474315	-56.5	920.625	2216	0000	219	920.625	082337133 10.6148446744836	
0.349747619637926	-57	920.625	2216	0000	220	920.625	082337136 10.6183055823848	
3.5036121195308	-56.5	920.625	2216	0000	221	920.625	082337139 10.6212654402331	
0.355883542789469	-57	920.625	2216	0000	222	920.625	082337142 10.6238979353113	
3.47906842692463	-56.5	920.625	2216	0000	223	920.625	082337146 10.6285519993294	
0.337475773334841	-57	920.625	2216	0000	224	920.625	082337393 10.8748481180228	
3.49747619637926	-56.5	920.625	2216	0000	225	920.625	082337396 10.8782833504126	
0.365087427516783	-57	920.625	2216	0000	226	920.625	082337398 10.879906193764	
3.57724319734932	-56.5	920.625	2216	0000	227	920.625	082337400 10.8818469603593	
0.352815581213697	-57	920.625	2216	0000	228	920.625	082337401 10.8831564114395	
3.57724319734932	-56.5	920.625	2216	0000	229	920.625	082337407 10.8889141448658	
0.411106851153352	-57	920.625	2216	0000	230	920.625	082337633 11.1148333470521	
3.49134027322772	-56.5	920.625	2216	0000	231	920.625	082337636 11.1185849923615	
3.48520435007618	-56.5	920.625	2216	0000	232	920.625	082337638 11.1201753637427	
3.36248588704533	-56.5	920.625	2216	0000	233	920.625	082337639 11.1210706084114	
3.5036121195308	-56.5	920.625	2216	0000	234	920.625	082337640 11.1226738175483	
3.42998104171229	-56.5	920.625	2216	0000	235	920.625	082337642 11.1244601534942	
3.41770919540921	-56.5	920.625	2216	0000	236	920.625	082337882 11.3647183736225	
3.40543734910612	-56.5	920.625	2216	0000	237	920.625	082337885 11.3679108213974	
3.44225288801538	-56.5	920.625	2216	0000	238	920.625	082337887 11.369466455322	
3.43611696486384	-56.5	920.625	2216	0000	239	920.625	082337888 11.3708491571258	
3.38089365649995	-56	920.625	2216	0000	240	920.625	082337890 11.372629829356	
3.36862181019687	-57	920.625	2216	0000	241	920.625	082338133 11.6145380786713	
3.46066065747001	-56.5	920.625	2216	0000	242	920.625	082338136 11.618026172408	
3.46066065747001	-55.5	920.625	2216	0000	243	920.625	082338138 11.6203026085564	
3.39316550280304	-56	920.625	2216	0000	244	920.625	082338141 11.6226617349547	
3.42384511856075	-56.5	920.625	2216	0000	245	920.625	082338145 11.6272765305437	
3.33794219443916	-56.5	920.625	2216	0000	246	920.625	082338149 11.6310742407411	
3.38089365649995	-56.5	920.625	2216	0000	247	920.625	082338383 11.8646409695073	
3.40543734910612	-56.5	920.625	2216	0000	248	920.625	082338386 11.8687328153425	
3.41770919540921	-56.5	920.625	2216	0000	249	920.625	082338389 11.8715559888508	
3.39316550280304	-56.5	920.625	2216	0000	250	920.625	082338390 11.8724383957638	
3.41770919540921	-56.5	920.625	2216	0000	251	920.625	082338391 11.8733815932259	
3.39316550280304	-56	920.625	2216	0000	252	920.625	082338642 12.1247826077107	
3.42998104171229	-56.5	920.625	2216	0000	253	920.625	082338647 12.1291096865398	
3.44838881116692	-57	920.625	2216	0000	254	920.625	082338649 12.1312736035354	
3.37475773334841	-56.5	920.625	2216	0000	255	920.625	082338650 12.1324271136421	
0.266912657092102	-57	920.625	2216	0000	256	920.625	082338655 12.1372835611028	
3.45452473431846	-56.5	920.625	2216	0000	257	920.625	082338657 12.1393621447812	
3.41770919540921	-56.5	920.625	2216	0000	258	920.625	082338882 12.3644914474116	
3.43611696486384	-56.5	920.625	2216	0000	259	920.625	082338886 12.3677654526932	
0.319068003880213	-57	920.625	2216	0000	260	920.625	082338887 12.3694083078403	
3.35634996389378	-56.5	920.625	2216	0000	261	920.625	082338888 12.3706501719127	
3.46372861904578	-57.5	920.625	2216	0000	262	920.625	082338890 12.3718807085535	
3.38089365649995	-56.5	920.625	2216	0000	263	920.625	082338892 12.3737837170438	
3.45145677274269	-57.5	920.625	2216	0000	264	920.625	082339133 12.614589429694	
3.42384511856075	-57	920.625	2216	0000	265	920.625	082339136 12.6177033406106	
0.282252464970958	-57.5	920.625	2216	0000	266	920.625	082339138 12.6197184906726	
3.40543734910612	-56.5	920.625	2216	0000	267	920.625	082339139 12.6213069741485	
3.46372861904578	-57	920.625	2216	0000	268	920.625	082339141 12.6229324605673	
3.33180627128761	-56.5	920.625	2216	0000	269	920.625	082339382 12.8644227276606	
0.312932080728671	-57.5	920.625	2216	0000	270	920.625	082339386 12.8683658065622	
3.3870295796515	-57	920.625	2216	0000	271	920.625	082339388 12.8697639891891	
0.316000042304442	-57	920.625	2216	0000	272	920.625	082339389 12.871412885633	
3.36248588704533	-56.5	920.625	2216	0000	273	920.625	082339391 12.8732970150708	
0.316000042304442	-57	920.625	2216	0000	274	920.625	082339633 13.1146037777739	
3.40543734910612	-56.5	920.625	2216	0000	275	920.625	082339636 13.1177210869199	
0.328271888607527	-57	920.625	2216	0000	276	920.625	082339637 13.1185498773239	
3.3440781175907	-57	920.625	2216	0000	277	920.625	082339639 13.1206684845936	
0.300660234425586	-57	920.625	2216	0000	278	920.625	082339641 13.1227142187206	
3.42384511856075	-56.5	920.625	2216	0000	279	920.625	082339645 13.1271315394206	
0.306796157577128	-57.5	920.625	2216	0000	280	920.625	082339893 13.3749780059039	
3.35634996389378	-55	920.625	2216	0000	281	920.625	082339896 13.3786420524098	
0.346679658062155	-57	920.625	2216	0000	282	920.625	082339899 13.3813330725507	
3.31953442498453	-56.5	920.625	2216	0000	283	920.625	082339902 13.3837446827149	
0.319068003880213	-57.5	920.625	2216	0000	284	920.625	082339908 13.3901446815066	
3.39930142595458	-56.5	920.625	2216	0000	285	920.625	082339910 13.3926325630428	
3.44225288801538	-57	920.625	2216	0000	286	920.625	082340133 13.6145316597934	
3.48520435007618	-56.5	920.625	2216	0000	287	920.625	082340135 13.6173903259204	
0.3098641191529	-57.5	920.625	2216	0000	288	920.625	082340137 13.6187145026616	
3.42384511856075	-56.5	920.625	2216	0000	289	920.625	082340138 13.6203834109011	
0.276116541819415	-57.5	920.625	2216	0000	290	920.625	082340141 13.623203941342	
3.38089365649995	-56.5	920.625	2216	0000	291	920.625	082340393 13.8750682477747	
3.47906842692463	-57	920.625	2216	0000	292	920.625	082340397 13.8797627129652	
3.27658296292373	-56	920.625	2216	0000	293	920.625	082340401 13.8832957388468	
3.37475773334841	-56.5	920.625	2216	0000	294	920.625	082340402 13.884688257758	
3.41157327225767	-57	920.625	2216	0000	295	920.625	082340408 13.8901167405089	
0.297592272849814	-57.5	920.625	2216	0000	296	920.625	082340632 14.1141842852277	
3.46679658062155	-55.5	920.625	2216	0000	297	920.625	082340635 14.1179589629812	
0.285320426546729	-57.5	920.625	2216	0000	298	920.625	082340638 14.1202622073841	
3.40543734910612	-57	920.625	2216	0000	299	920.625	082340641 14.1236876226666	
0.328271888607527	-57.5	920.625	2216	0000	300	920.625	082340647 14.1292354210293	
3.41770919540921	-56.5	920.625	2216	0000	301	920.625	082340649 14.1321707361094	
0.306796157577128	-57.5	920.625	2216	0000	302	920.625	082340882 14.3643698663137	
3.33794219443916	-57	920.625	2216	0000	303	920.625	082340886 14.3675804379789	
0.300660234425586	-57.5	920.625	2216	0000	304	920.625	082340887 14.3688264554428	
3.39930142595458	-56.5	920.625	2216	0000	305	920.625	082340889 14.3705123548295	
0.322135965455985	-57.5	920.625	2216	0000	306	920.625	082340890 14.3720559061605	
3.37475773334841	-56.5	920.625	2216	0000	307	920.625	082340892 14.3735481064688	
0.291456349698272	-57.5	920.625	2216	0000	308	920.625	082341133 14.6144112114386	
3.41770919540921	-56.5	920.625	2216	0000	309	920.625	082341135 14.6171928510314	
0.319068003880213	-57	920.625	2216	0000	310	920.625	082341137 14.6185562962018	
3.41770919540921	-56.5	920.625	2216	0000	311	920.625	082341139 14.620968661528	
0.306796157577128	-57	920.625	2216	0000	312	920.625	082341141 14.6231499472519	
3.41770919540921	-56.5	920.625	2216	0000	313	920.625	082341382 14.8642350698789	
0.312932080728671	-57	920.625	2216	0000	314	920.625	082341385 14.867452060422	
3.42998104171229	-57	920.625	2216	0000	315	920.625	082341386 14.8682589511252	
0.285320426546729	-57.5	920.625	2216	0000	316	920.625	082341388 14.8699576882676	
3.41770919540921	-56.5	920.625	2216	0000	317	920.625	082341391 14.8731146434238	
0.3098641191529	-57.5	920.625	2216	0000	318	920.625	082341632 15.1141132999904	
3.36248588704533	-56.5	920.625	2216	0000	319	920.625	082341636 15.1178241665465	
0.322135965455985	-57.5	920.625	2216	0000	320	920.625	082341637 15.1191071869532	
3.3870295796515	-56.5	920.625	2216	0000	321	920.625	082341639 15.1209882957426	
0.340543734910612	-57.5	920.625	2216	0000	322	920.625	082341640 15.1219009091397	
3.40543734910612	-56.5	920.625	2216	0000	323	920.625	082341641 15.123241699447	
0.328271888607527	-57.5	920.625	2216	0000	324	920.625	082341882 15.3643366391813	
3.33794219443916	-56	920.625	2216	0000	325	920.625	082341885 15.3677246739399	
3.36862181019687	-56.5	920.625	2216	0000	326	920.625	082341887 15.369611446445	
3.37475773334841	-56.5	920.625	2216	0000	327	920.625	082341888 15.3708144196693	
0.3098641191529	-57.5	920.625	2216	0000	328	920.625	082341890 15.3729296287095	
3.41770919540921	-56.5	920.625	2216	0000	329	920.625	082341891 15.3740616166963	
0.291456349698272	-57.5	920.625	2216	0000	330	920.625	082342132 15.61403400797	
3.36248588704533	-56.5	920.625	2216	0000	331	920.625	082342135 15.6171528274402	
0.312932080728671	-57.5	920.625	2216	0000	332	920.625	082342137 15.6189538890471	
3.41770919540921	-57	920.625	2216	0000	333	920.625	082342138 15.6198936882797	
3.47293250377309	-56.5	920.625	2216	0000	334	920.625	082342140 15.621766490286	
3.37475773334841	-56.5	920.625	2216	0000	335	920.625	082342382 15.8641021613494	
0.303728196001357	-57.5	920.625	2216	0000	336	920.625	082342385 15.8669793289479	
3.35021404074224	-56.5	920.625	2216	0000	337	920.625	082342386 15.8675215353352	
0.337475773334841	-57.5	920.625	2216	0000	338	920.625	082342387 15.8689393521766	
3.42384511856075	-56.5	920.625	2216	0000	339	920.625	082342389 15.8705946674984	
3.49440823480349	-57.5	920.625	2216	0000	340	920.625	082342632 16.1142496067493	
3.31339850183298	-56.5	920.625	2216	0000	341	920.625	082342635 16.1174167565939	
0.300660234425586	-57.5	920.625	2216	0000	342	920.625	082342636 16.1182059009877	
3.39316550280304	-56.5	920.625	2216	0000	343	920.625	082342637 16.119379045309	
0.362019465941011	-57	920.625	2216	0000	344	920.625	082342638 16.1210275641718	
3.24590334716602	-56	920.625	2216	0000	345	920.625	082342640 16.1224880476719	
0.355883542789469	-57	920.625	2216	0000	346	920.625	082342892 16.3742847670967	
3.43611696486384	-56.5	920.625	2216	0000	347	920.625	082342898 16.3796456628398	
0.322135965455985	-57	920.625	2216	0000	348	920.625	082342901 16.3831703819383	
3.3870295796515	-56.5	920.625	2216	0000	349	920.625	082342906 16.3874600802435	
0.322135965455985	-57.5	920.625	2216	0000	350	920.625	082342909 16.3908972005386	
3.36862181019687	-56.5	920.625	2216	0000	351	920.625	082342911 16.393326179431	
0.33440781175907	-57.5	920.625	2216	0000	352	920.625	082343132 16.6140324976458	
3.46679658062155	-56.5	920.625	2216	0000	353	920.625	082343134 16.6169277891346	
0.319068003880213	-57.5	920.625	2216	0000	354	920.625	082343135 16.6181923080699	
3.36248588704533	-56.5	920.625	2216	0000	355	920.625	082343137 16.6195059125417	
0.33440781175907	-57.5	920.625	2216	0000	356	920.625	082343140 16.6222199651266	
3.45452473431846	-56.5	920.625	2216	0000	357	920.625	082343381 16.8640670463118	
0.328271888607527	-57.5	920.625	2216	0000	358	920.625	082343385 16.8671654764053	
3.40543734910612	-56.5	920.625	2216	0000	359	920.625	082343385 16.8679451812729	
0.319068003880213	-57.5	920.625	2216	0000	360	920.625	082343386 16.8691035999332	
3.38089365649995	-56.5	920.625	2216	0000	361	920.625	082343388 16.8703518828834	
3.3440781175907	-56.5	920.625	2216	0000	362	920.625	082343631 17.1140449578204	
3.47293250377309	-56	920.625	2216	0000	363	920.625	082343635 17.1171883200588	
0.343611696486384	-57.5	920.625	2216	0000	364	920.625	082343636 17.118595942212	
3.42998104171229	-56.5	920.625	2216	0000	365	920.625	082343637 17.1201704551891	
0.331339850183298	-57.5	920.625	2216	0000	366	920.625	082343639 17.1212880950961	
3.44225288801538	-56.5	920.625	2216	0000	367	920.625	082343640 17.1228339119134	
3.40543734910612	-56.5	920.625	2216	0000	368	920.625	082343882 17.3639635891042	
3.35634996389378	-56.5	920.625	2216	0000	369	920.625	082343886 17.3681634231196	
0.312932080728671	-57.5	920.625	2216	0000	370	920.625	082343887 17.3698210039276	
3.37475773334841	-56.5	920.625	2216	0000	371	920.625	082343888 17.3707694875243	
3.37475773334841	-56.5	920.625	2216	0000	372	920.625	082343890 17.3721019710486	
3.30726257868144	-57	920.625	2216	0000	373	920.625	082343891 17.3732868203824	
3.41157327225767	-56.5	920.625	2216	0000	374	920.625	082344131 17.6137092882673	
3.39316550280304	-56	920.625	2216	0000	375	920.625	082344134 17.6170240723022	
0.346679658062155	-57.5	920.625	2216	0000	376	920.625	082344140 17.6229989148321	
3.40543734910612	-56	920.625	2216	0000	377	920.625	082344144 17.6266724008642	
0.331339850183298	-57.5	920.625	2216	0000	378	920.625	082344147 17.6297285418802	
3.36248588704533	-56	920.625	2216	0000	379	920.625	082344382 17.8639990817229	
0.337475773334841	-57.5	920.625	2216	0000	380	920.625	082344385 17.8675162492005	
3.38089365649995	-56.5	920.625	2216	0000	381	920.625	082344387 17.8687800129737	
0.343611696486384	-57.5	920.625	2216	0000	382	920.625	082344389 17.8707917648063	
3.42998104171229	-56.5	920.625	2216	0000	383	920.625	082344390 17.8726117054656	
0.325203927031756	-57.5	920.625	2216	0000	384	920.625	082344395 17.8773307134243	
3.3870295796515	-56.5	920.625	2216	0000	385	920.625	082344633 18.1151029399216	
0.346679658062155	-57.5	920.625	2216	0000	386	920.625	082344636 18.1181673877206	
3.39930142595458	-56	920.625	2216	0000	387	920.625	082344637 18.1198408269327	
0.33440781175907	-57.5	920.625	2216	0000	388	920.625	082344639 18.121820106795	
3.39316550280304	-56.5	920.625	2216	0000	389	920.625	082344641 18.1238076934404	
0.349747619637926	-57.5	920.625	2216	0000	390	920.625	082344882 18.3642441318241	
3.33794219443916	-56.5	920.625	2216	0000	391	920.625	082344885 18.3673735235637	
0.33440781175907	-57.5	920.625	2216	0000	392	920.625	082344886 18.3681868331447	
3.36248588704533	-56.5	920.625	2216	0000	393	920.625	082344887 18.3693252400094	
0.328271888607527	-57.5	920.625	2216	0000	394	920.625	082344888 18.370774773659	
3.3870295796515	-56.5	920.625	2216	0000	395	920.625	082344890 18.3728008735715	
0.331339850183298	-57.5	920.625	2216	0000	396	920.625	082345132 18.6139101613857	
3.36862181019687	-56.5	920.625	2216	0000	397	920.625	082345134 18.615828273118	
0.33440781175907	-57.5	920.625	2216	0000	398	920.625	082345136 18.6184275410638	
3.31953442498453	-56.5	920.625	2216	0000	399	920.625	082345137 18.6196648741636	
3.48827231165195	-57.5	920.625	2216	0000	400	920.625	082345139 18.6212707263678	
3.3440781175907	-56.5	920.625	2216	0000	401	920.625	082345381 18.8638242616969	
3.46986454219732	-57.5	920.625	2216	0000	402	920.625	082345385 18.8669781962047	
3.41770919540921	-56.5	920.625	2216	0000	403	920.625	082345386 18.8684696413509	
3.47293250377309	-57.5	920.625	2216	0000	404	920.625	082345388 18.8704085200409	
3.36862181019687	-56.5	920.625	2216	0000	405	920.625	082345389 18.8720498648637	
0.312932080728671	-57.5	920.625	2216	0000	406	920.625	082345395 18.8778423357466	
3.3870295796515	-56.5	920.625	2216	0000	407	920.625	082345632 19.1135816658725	
0.337475773334841	-57.5	920.625	2216	0000	408	920.625	082345635 19.1167042611532	
3.3011266555299	-56.5	920.625	2216	0000	409	920.625	082345636 19.1176013937272	
3.48213638850041	-57.5	920.625	2216	0000	410	920.625	082345638 19.1194836352597	
3.45452473431846	-56.5	920.625	2216	0000	411	920.625	082345639 19.1203618887812	
3.48520435007618	-57.5	920.625	2216	0000	412	920.625	082345881 19.3637849932677	
3.42384511856075	-56.5	920.625	2216	0000	413	920.625	082345885 19.3673512462818	
0.312932080728671	-57.5	920.625	2216	0000	414	920.625	082345887 19.3692029037493	
3.41770919540921	-57	920.625	2216	0000	415	920.625	082345888 19.3707774167264	
0.328271888607527	-57.5	920.625	2216	0000	416	920.625	082345889 19.3719871864095	
3.39930142595458	-56.5	920.625	2216	0000	417	920.625	082345891 19.3737746550986	
0.331339850183298	-57.5	920.625	2216	0000	418	920.625	082346131 19.6136794593643	
3.3870295796515	-56.5	920.625	2216	0000	419	920.625	082346134 19.6171860545725	
0.337475773334841	-57.5	920.625	2216	0000	420	920.625	082346135 19.6180284378943	
3.49134027322772	-57	920.625	2216	0000	421	920.625	082346137 19.6199046381301	
0.349747619637926	-57	920.625	2216	0000	422	920.625	082346138 19.6212458060185	
3.38089365649995	-56.5	920.625	2216	0000	423	920.625	082346381 19.8638212410485	
0.325203927031756	-57.5	920.625	2216	0000	424	920.625	082346385 19.8674966149859	
3.44225288801538	-56.5	920.625	2216	0000	425	920.625	082346387 19.8699172870953	
3.48827231165195	-57.5	920.625	2216	0000	426	920.625	082346390 19.8727204488079	
3.47293250377309	-56.5	920.625	2216	0000	427	920.625	082346395 19.8776282472914	
3.49440823480349	-57.5	920.625	2216	0000	428	920.625	082346632 20.1135148340267	
3.44225288801538	-56.5	920.625	2216	0000	429	920.625	082346634 20.1168383024258	
0.343611696486384	-57	920.625	2216	0000	430	920.625	082346635 20.1172981961443	
3.40543734910612	-56.5	920.625	2216	0000	431	920.625	082346636 20.1186299245064	
0.365087427516783	-57	920.625	2216	0000	432	920.625	082346638 20.1202505023716	
3.42384511856075	-56.5	920.625	2216	0000	433	920.625	082346639 20.1218631510347	
3.46679658062155	-57.5	920.625	2216	0000	434	920.625	082346707 20.1893433034868	
3.37475773334841	-56.5	920.625	2216	0000	435	920.625	082346711 20.1933120578998	
