163	-55	922750	C00000000000000000095417	01C7	0	0000	120908382 1177775	
160	-55	922750	C00000000000000000095417	01D0	1	000B	120908476 2107419	
163	-55	922750	C00000000000000000095417	01CE	2	0000	120908596 3310624	
160	-55	922750	C00000000000000000095417	01CE	3	0000	120908874 6083399	
165	-55	922750	C00000000000000000095417	01C9	4	0000	120909091 8257112	
154	-55	922750	C00000000000000000095417	01CE	5	0000	120909278 0122629	
163	-55	922750	C00000000000000000095417	01DE	6	0000	120909369 1040867	
163	-55	922750	C00000000000000000095417	01D4	7	000B	120909776 510976	
165	-55	922750	C00000000000000000095417	01D4	8	000B	120909868 602821	
163	-55	922750	C00000000000000000095417	01CC	9	000B	120910089 8236796	
168	-55	922750	C00000000000000000095417	01D1	10	0000	120910367 1020955	
157	-55	922750	C00000000000000000095417	01CF	11	000B	120910588 3224345	
163	-55	922750	C00000000000000000095417	01CF	12	000B	120910681 4161739	
157	-55	922750	C00000000000000000095417	01CD	13	0000	120910775 5099558	
163	-55	922750	C00000000000000000095417	01CD	14	0000	120910867 601656	
157	-55	922750	C00000000000000000095417	01CD	15	000B	120911489 2240327	
160	-55	922750	C00000000000000000095417	01D8	16	0000	120911581 3158478	
171	-55	922750	C00000000000000000095417	01D9	17	0000	120911988 7226523	
154	-55	922750	C00000000000000000095417	01CA	18	0000	120912081 8153668	
160	-55	922750	C00000000000000000095417	01DA	19	0000	120912638 3729214	
165	-55	922750	C00000000000000000095417	01DA	20	0000	120912730 4647112	
157	-55	922750	C00000000000000000095417	01DA	21	0000	120913635 3692618	
160	-55	922750	C00000000000000000095417	01D3	22	0000	120913941 6754952	
165	-55	922750	C00000000000000000095417	01D6	23	000B	120914035 7691956	
171	-55	922750	C00000000000000000095417	01DB	24	0000	120914348 0823979	
160	-55	922750	C00000000000000000095417	01DB	25	0000	120914441 1761515	
163	-55	922750	C00000000000000000095417	01D5	26	000A	120914657 3915585	
165	-55	922750	C00000000000000000095417	01CC	27	0000	120914842 576973	
165	-55	922750	C00000000000000000095417	01CC	28	0000	120914935 669784	
168	-55	922750	C00000000000000000095417	01D0	29	000B	120915338 0727441	
157	-55	922750	C00000000000000000095417	01CC	30	0000	120915434 168485	
160	-55	922750	C00000000000000000095417	01CB	31	000A	120915649 384068	
168	-55	922750	C00000000000000000095417	01C9	32	000B	120915935 6692117	
165	-55	922750	C00000000000000000095417	01C9	33	000B	120916028 7629428	
168	-55	922750	C00000000000000000095417	01D4	34	0000	120916433 1679893	
157	-55	922750	C00000000000000000095417	01D2	35	000A	120916559 2935795	
171	-55	922750	C00000000000000000095417	01CC	36	0000	120916652 3863335	
163	-55	922750	C00000000000000000095417	01CE	37	0000	120916930 6645748	
151	-55	922750	C00000000000000000095417	01D8	38	0000	120917054 7883422	
151	-55	922750	C00000000000000000095417	01D3	39	000B	120917146 8810553	
160	-55	922750	C00000000000000000095417	01DD	40	0000	120917237 9717896	
154	-55	922750	C00000000000000000095417	01D4	41	0000	120917454 .1882979	
160	-55	922750	C00000000000000000095417	01CB	42	000B	120918137 .8714563	
165	-55	922750	C00000000000000000095417	01CC	43	000B	120918450 .1846267	
168	-55	922750	C00000000000000000095417	01CC	44	000B	120918546 .2804802	
160	-55	922750	C00000000000000000095417	01D9	45	000A	120918639 .374142	
160	-55	922750	C00000000000000000095417	01CD	46	0000	120918730 .4648786	
174	-55	922750	C00000000000000000095417	01CD	47	000B	120918854 .5886543	
160	-55	922750	C00000000000000000095417	01CF	48	000B	120919139 .8739344	
160	-55	922750	C00000000000000000095417	01D6	49	0000	120919230 .9646865	
157	-55	922750	C00000000000000000095417	01D8	50	000B	120919357 .0914283	
163	-55	922750	C00000000000000000095417	01D1	51	0000	120920046 .7809169	
160	-55	922750	C00000000000000000095417	01CF	52	0000	120920237 .9714117	
160	-55	922750	C00000000000000000095417	01D0	53	0000	120920733 .467494	
163	-55	922750	C00000000000000000095417	01CD	54	0000	120920857 .5912114	
163	-55	922750	C00000000000000000095417	01D6	55	0000	120920948 .682497	
151	-55	922750	C00000000000000000095417	01D1	56	000B	120921131 .8659065	
157	-55	922750	C00000000000000000095417	01D5	57	0000	120921536 .2708357	
160	-55	922750	C00000000000000000095417	01D4	58	000B	120922351 .0857293	
165	-55	922750	C00000000000000000095417	01D7	59	0000	120922446 .1803591	
163	-55	922750	C00000000000000000095417	01D2	60	0000	120922538 .2731633	
168	-55	922750	C00000000000000000095417	01CA	61	000B	120922945 .6791602	
163	-55	922750	C00000000000000000095417	01D4	62	000B	120923161 .8955397	
163	-55	922750	C00000000000000000095417	01D4	63	000B	120923349 .0840709	
157	-55	922750	C00000000000000000095417	01D0	64	000B	120923661 .3961648	
168	-55	922750	C00000000000000000095417	01D0	65	000B	120923846 .5806713	
165	-55	922750	C00000000000000000095417	01D6	66	000B	120923937 .6714183	
163	-55	922750	C00000000000000000095417	01D4	67	0000	120924060 .7951471	
151	-55	922750	C00000000000000000095417	01D6	68	000A	120924243 .9775998	
160	-55	922750	C00000000000000000095417	01D6	69	000A	120924338 .072332	
163	-55	922750	C00000000000000000095417	01D5	70	0000	120924652 .3865534	
163	-55	922750	C00000000000000000095417	01D3	71	000A	120924744 .478319	
160	-55	922750	C00000000000000000095417	01D3	72	000A	120924838 .5729976	
160	-55	922750	C00000000000000000095417	01D2	73	0000	120925059 .793428	
163	-55	922750	C00000000000000000095417	01D2	74	0000	120925153 .8872123	
160	-55	922750	C00000000000000000095417	01C8	75	0000	120925246 .9810039	
160	-55	922750	C00000000000000000095417	01CE	76	0000	120925646 .3809017	
160	-55	922750	C00000000000000000095417	01D4	77	000B	120926456 .1907699	
157	-55	922750	C00000000000000000095417	01D4	78	000B	120926550 .2845471	
163	-55	922750	C00000000000000000095417	01C5	79	000B	120926738 .4725275	
163	-55	922750	C00000000000000000095417	01C8	80	0000	120926956 .6909979	
168	-55	922750	C00000000000000000095417	01D3	81	000B	120927263 .9981949	
165	-55	922750	C00000000000000000095417	01D4	82	0000	120927421 .1557029	
160	-55	922750	C00000000000000000095417	01D2	83	000B	120927763 .4978273	
165	-55	922750	C00000000000000000095417	01DB	84	0000	120927949 .6834127	
154	-55	922750	C00000000000000000095417	01CE	85	000B	120928354 .0883174	
157	-55	922750	C00000000000000000095417	01CF	86	0000	120928446 .1810617	
163	-55	922750	C00000000000000000095417	01D0	87	000B	120928538 .2727216	
157	-55	922750	C00000000000000000095417	01D7	88	0000	120928663 .397501	
168	-55	922750	C00000000000000000095417	01CF	89	000B	120929044 .7784678	
154	-55	922750	C00000000000000000095417	01CD	90	000B	120929356 .0906516	
157	-55	922750	C00000000000000000095417	01D4	91	000B	120929544 .2790816	
160	-55	922750	C00000000000000000095417	01D2	92	0000	120929761 .4955648	
165	-55	922750	C00000000000000000095417	01CC	93	0000	120929949 .6840032	
174	-55	922750	C00000000000000000095417	01CF	94	000A	120930137 .8715091	
160	-55	922750	C00000000000000000095417	01D1	95	000B	120930540 .2744356	
165	-55	922750	C00000000000000000095417	01D1	96	000B	120930664 .3991666	
163	-55	922750	C00000000000000000095417	01D0	97	0000	120930759 .4938946	
163	-55	922750	C00000000000000000095417	01DD	98	0000	120930851 .5856593	
168	-55	922750	C00000000000000000095417	01D3	99	000B	120931066 .8011157	
157	-55	922750	C00000000000000000095417	01D3	100	000B	120931161 .8958379	
168	-55	922750	C00000000000000000095417	01D3	101	000B	120931254 .9885152	
160	-55	922750	C00000000000000000095417	01D1	102	000B	120931753 .4873094	
168	-55	922750	C00000000000000000095417	01DB	103	000B	120931846 .580994	
160	-55	922750	C00000000000000000095417	01DB	104	000B	120931966 .7006267	
168	-55	922750	C00000000000000000095417	01CF	105	000B	120932059 .793444	
168	-55	922750	C00000000000000000095417	01CF	106	000B	120932246 .9808863	
165	-55	922750	C00000000000000000095417	01D5	107	000B	120932340 .0746786	
160	-55	922750	C00000000000000000095417	01CF	108	000B	120932559 .2940561	
160	-55	922750	C00000000000000000095417	01C4	109	000B	120932876 .6112427	
157	-55	922750	C00000000000000000095417	01C4	110	000B	120932970 .7046342	
165	-55	922750	C00000000000000000095417	01CE	111	0000	120933277 .0118484	
174	-55	922750	C00000000000000000095417	01D7	112	000B	120933560 .2951033	
163	-55	922750	C00000000000000000095417	01D7	113	000B	120933652 .3868387	
163	-55	922750	C00000000000000000095417	01D0	114	0000	120934061 .795796	
163	-55	922750	C00000000000000000095417	01CE	115	0000	120934157 .8915149	
160	-55	922750	C00000000000000000095417	01CB	116	0000	120934278 .0132448	
157	-55	922750	C00000000000000000095417	01CF	117	0000	120934559 .2934268	
163	-55	922750	C00000000000000000095417	01D4	118	000B	120934776 .510824	
165	-55	922750	C00000000000000000095417	01D1	119	0000	120935058 .7931609	
160	-55	922750	C00000000000000000095417	01CE	120	000A	120935368 .1025802	
165	-55	922750	C00000000000000000095417	01CB	121	0000	120935554 .2891102	
157	-55	922750	C00000000000000000095417	01D9	122	0000	120935768 .5025287	
154	-55	922750	C00000000000000000095417	01D8	123	000B	120935860 .5941773	
163	-55	922750	C00000000000000000095417	01D1	124	0000	120936073 .8076395	
163	-55	922750	C00000000000000000095417	01D8	125	000B	120936167 .9014322	
157	-55	922750	C00000000000000000095417	01D2	126	000B	120936356 .090946	
160	-55	922750	C00000000000000000095417	01D5	127	0000	120936573 .3074231	
165	-55	922750	C00000000000000000095417	01D8	128	0000	120936760 .494881	
163	-55	922750	C00000000000000000095417	01D1	129	000A	120936854 .5886792	
165	-55	922750	C00000000000000000095417	01D6	130	0000	120936950 .6843823	
160	-55	922750	C00000000000000000095417	01CB	131	0000	120937354 .0883143	
168	-55	922750	C00000000000000000095417	01D0	132	0000	120937976 .7106237	
174	-55	922750	C00000000000000000095417	01CD	133	0000	120938167 .9020708	
165	-55	922750	C00000000000000000095417	01D3	134	0000	120938262 .9968774	
168	-55	922750	C00000000000000000095417	01C9	135	000B	120938386 .1205355	
163	-55	922750	C00000000000000000095417	01DA	136	0000	120938572 .3070917	
154	-55	922750	C00000000000000000095417	01D0	137	000B	120938666 .4007783	
165	-55	922750	C00000000000000000095417	01CC	138	0000	120938978 .7128944	
168	-55	922750	C00000000000000000095417	01CC	139	0000	120939073 .8077004	
165	-55	922750	C00000000000000000095417	01CF	140	0000	120939563 .2973942	
160	-55	922750	C00000000000000000095417	01D7	141	0000	120939870 .6046086	
160	-55	922750	C00000000000000000095417	01D0	142	000B	120940185 .9196927	
157	-55	922750	C00000000000000000095417	01D2	143	0000	120940277 .0115086	
168	-55	922750	C00000000000000000095417	01D3	144	0000	120940371 .1052865	
151	-55	922750	C00000000000000000095417	01C9	145	000B	120940683 .4179393	
165	-55	922750	C00000000000000000095417	01D4	146	000B	120940964 .6986862	
168	-55	922750	C00000000000000000095417	01CF	147	0000	120941058 .7924158	
165	-55	922750	C00000000000000000095417	01CA	148	000B	120941181 .9161441	
168	-55	922750	C00000000000000000095417	01D9	149	0000	120941276 .010851	
151	-55	922750	C00000000000000000095417	01D9	150	0000	120941370 .104625	
154	-55	922750	C00000000000000000095417	01D4	151	000B	120941588 .3231039	
154	-55	922750	C00000000000000000095417	01D9	152	000B	120941681 .4157904	
174	-55	922750	C00000000000000000095417	01D9	153	000B	120941774 .5085692	
168	-55	922750	C00000000000000000095417	01D7	154	0000	120941962 .697109	
157	-55	922750	C00000000000000000095417	01CE	155	000B	120942181 .9154821	
163	-55	922750	C00000000000000000095417	01CE	156	000B	120942276 .0102569	
165	-55	922750	C00000000000000000095417	01CA	157	000B	120942433 .1678204	
168	-55	922750	C00000000000000000095417	01CA	158	000B	120942463 .1978008	
163	-55	922750	C00000000000000000095417	01CA	159	000B	120942589 .3233752	
157	-55	922750	C00000000000000000095417	01CA	160	000B	120942680 .4151847	
168	-55	922750	C00000000000000000095417	01CF	161	000A	120942774 .508854	
160	-55	922750	C00000000000000000095417	01D4	162	0000	120942866 .6007283	
157	-55	922750	C00000000000000000095417	01D1	163	0000	120942959 .693441	
160	-55	922750	C00000000000000000095417	01CB	164	0000	120943181 .9158357	
165	-55	922750	C00000000000000000095417	01D4	165	000B	120943558 .2928111	
163	-55	922750	C00000000000000000095417	01D4	166	000B	120943684 .4185268	
163	-55	922750	C00000000000000000095417	01D3	167	0000	120943872 .6070459	
165	-55	922750	C00000000000000000095417	01CC	168	0000	120943966 .7007381	
174	-55	922750	C00000000000000000095417	01D2	169	0000	120944060 .7944985	
171	-55	922750	C00000000000000000095417	01D0	170	0000	120944183 .9181693	
160	-55	922750	C00000000000000000095417	01D1	171	0000	120944372 .1066247	
160	-55	922750	C00000000000000000095417	01D0	172	0000	120944557 .2921358	
151	-55	922750	C00000000000000000095417	01CE	173	000B	120945058 .7928168	
160	-55	922750	C00000000000000000095417	01CB	174	000B	120945275 .0101542	
160	-55	922750	C00000000000000000095417	01CB	175	000B	120945465 .199719	
160	-55	922750	C00000000000000000095417	01D4	176	0000	120945681 .416072	
165	-55	922750	C00000000000000000095417	01D5	177	000B	120945774 .5089281	
154	-55	922750	C00000000000000000095417	01D5	178	000B	120945868 .6027036	
160	-55	922750	C00000000000000000095417	01DB	179	0000	120946057 .7921285	
160	-55	922750	C00000000000000000095417	01D4	180	000B	120946369 .103251	
160	-55	922750	C00000000000000000095417	01D6	181	000B	120946774 .5091518	
160	-55	922750	C00000000000000000095417	01D6	182	000B	120946868 .6030106	
160	-55	922750	C00000000000000000095417	01D6	183	000B	120947273 .0078955	
160	-55	922750	C00000000000000000095417	01D1	184	0000	120947365 .099632	
165	-55	922750	C00000000000000000095417	01D1	185	0000	120947459 .1933345	
160	-55	922750	C00000000000000000095417	01CE	186	0000	120947985 .7195578	
165	-55	922750	C00000000000000000095417	01D2	187	0000	120948078 .8123647	
149	-55	922750	C00000000000000000095417	01D2	188	0000	120948171 .906029	
151	-55	922750	C00000000000000000095417	01D5	189	000B	120948262 .9967902	
160	-55	922750	C00000000000000000095417	01CE	190	0000	120948386 .1204193	
160	-55	922750	C00000000000000000095417	01D3	191	0000	120948480 .214282	
160	-55	922750	C00000000000000000095417	01D2	192	0000	120948572 .3070062	
160	-55	922750	C00000000000000000095417	01D7	193	0000	120948666 .4002561	
154	-55	922750	C00000000000000000095417	01DB	194	000B	120948882 .616643	
151	-55	922750	C00000000000000000095417	01D3	195	0000	120949471 .2055613	
163	-55	922750	C00000000000000000095417	01D1	196	000B	120949563 .2973603	
157	-55	922750	C00000000000000000095417	01D1	197	000B	120949688 .4230076	
163	-55	922750	C00000000000000000095417	01D3	198	000B	120949781 .5157991	
163	-55	922750	C00000000000000000095417	01D3	199	000B	120949874 .6085014	
