0.560299	
0.275999	
0.275999	
0.188829	
0.188829	
0.188829	
0.366986	
0.366986	
0.121152	
0.121152	
0.121152	
0.991537	
0.991537	
0.049515	
0.049515	
0.049515	
0.121152	
0.121152	
1.353153	
1.353153	
1.353153	
1.746694	
1.746694	
0.105502	
0.105502	
0.105502	
0.275999	
0.275999	
0.252546	
0.252546	
0.252546	
0.461761	
0.461761	
0.366986	
0.366986	
0.366986	
0.188838	
0.188838	
0.049515	
0.049515	
0.049515	
0.026045	
0.026045	
0.026045	
0.026045	
0.105502	
0.105502	
0.026045	
0.026045	
0.026045	
0.275999	
0.275999	
0.461761	
0.461761	
0.461761	
0.188829	
0.188829	
0.121152	
0.121152	
0.121152	
0.049515	
0.049515	
0.188829	
0.188829	
0.188829	
0.366986	
0.366986	
0.366986	
0.105502	
0.105502	
0.662573	
0.662573	
0.662573	
0.560299	
0.560299	
0.188829	
0.188829	
0.188829	
0.275999	
0.275999	
0.662573	
0.662573	
0.662573	
0.188829	
0.188829	
0.026045	
0.026045	
0.026045	
0.188829	
0.188829	
0.461761	
0.461761	
0.461761	
0.275999	
0.275999	
0.366986	
0.366986	
0.366986	
0.275999	
0.275999	
0.275999	
0.878218	
0.878218	
0.560299	
0.560299	
0.560299	
0.662573	
0.662573	
0.275999	
0.275999	
0.275999	
0.275999	
0.275999	
0.366986	
0.366986	
0.366986	
0.461761	
0.461761	
0.768555	
0.768555	
0.768555	
0.662573	
0.662573	
0.768555	
0.768555	
0.768555	
0.878218	
0.878218	
0.461761	
0.461761	
0.461761	
0.560299	
0.560299	
0.560299	
0.560299	
0.560299	
0.049515	
0.049515	
1.229031	
1.229031	
1.229031	
0.560299	
0.560299	
0.366986	
0.366986	
0.366986	
0.366986	
0.366986	
0.366986	
0.768555	
0.768555	
0.768555	
0.461761	
0.461761	
0.461761	
0.461761	
0.461761	
0.366986	
0.366986	
0.560299	
0.560299	
0.560299	
0.991537	
0.991537	
0.275999	
0.275999	
0.275999	
0.662573	
0.662573	
0.188829	
0.188829	
0.188829	
0.105502	
0.105502	
0.026045	
0.026045	
0.026045	
0.105502	
0.105502	
0.461761	
0.461761	
0.461761	
0.366986	
0.366986	
0.275999	
0.275999	
0.275999	
0.188829	
0.188829	
0.275999	
0.275999	
0.275999	
0.461761	
0.461761	
0.461761	
0.026045	
0.026045	
0.366986	
0.366986	
0.366986	
3.461945	
7.628783	
7.628783	
2.617905	
2.617905	
2.617905	
2.617905	
2.617905	
2.340713	
2.340713	
2.340713	
1.253434	
1.253434	
1.792722	
1.792722	
1.792722	
3.461945	
3.461945	
2.340713	
2.340713	
2.340713	
2.065643	
2.065643	
2.065643	
1.521976	
1.521976	
0.987120	
0.987120	
0.987120	
3.747356	
3.747356	
2.617905	
2.617905	
2.617905	
2.065643	
2.065643	
1.521976	
1.521976	
1.521976	
2.340713	
2.340713	
2.065643	
2.065643	
2.065643	
2.065643	
2.065643	
2.065643	
2.617905	
2.617905	
3.461945	
3.461945	
3.461945	
1.521976	
1.521976	
1.253434	
1.253434	
1.253434	
3.461945	
3.461945	
3.461945	
2.897192	
2.897192	
4.908608	
4.908608	
4.908608	
2.340713	
2.340713	
4.324114	
4.324114	
4.324114	
4.034755	
4.034755	
3.461945	
3.461945	
3.461945	
2.065643	
2.065643	
3.461945	
3.461945	
3.461945	
3.461945	
3.461945	
2.617905	
2.617905	
2.617905	
2.897192	
2.897192	
4.908608	
4.908608	
4.908608	
3.747356	
3.747356	
3.747356	
2.617905	
2.617905	
2.617905	
5.500621	
5.500621	
3.747356	
3.747356	
3.747356	
5.203688	
5.203688	
5.203688	
5.203688	
5.203688	
4.324114	
4.324114	
3.178548	
3.178548	
3.178548	
1.253434	
1.253434	
2.340713	
2.340713	
2.340713	
1.792722	
1.792722	
1.792722	
1.792722	
1.792722	
2.897192	
2.897192	
2.897192	
2.897192	
2.897192	
3.747356	
3.747356	
3.747356	
5.500621	
5.500621	
2.617905	
2.617905	
2.617905	
3.461945	
3.461945	
4.615408	
4.615408	
4.615408	
1.253434	
1.253434	
2.617905	
2.617905	
2.617905	
2.617905	
4.034755	
4.034755	
2.065643	
2.065643	
2.065643	
3.461945	
3.461945	
3.178548	
3.178548	
3.178548	
2.617905	
2.617905	
2.065643	
2.065643	
2.065643	
2.897192	
2.897192	
3.747356	
3.747356	
3.747356	
4.034755	
4.034755	
2.617905	
2.617905	
2.617905	
5.203688	
5.203688	
5.203688	
4.034755	
4.034755	
4.034755	
4.034755	
4.034755	
5.799381	
5.799381	
4.324114	
4.324114	
4.324114	
3.747356	
3.747356	
3.747356	
3.747356	
3.747356	
2.897192	
2.897192	
2.340713	
2.340713	
2.340713	
5.203688	
5.203688	
5.203688	
4.908608	
4.908608	
4.034755	
4.034755	
2.060427	
2.060427	
9.992061	
9.992061	
9.992061	
7.197540	
7.197540	
4.120037	
4.120037	
4.120037	
5.820014	
5.820014	
5.136938	
5.136938	
5.136938	
4.120037	
4.120037	
3.447559	
3.447559	
3.447559	
3.783235	
3.783235	
3.783235	
9.289035	
9.289035	
3.447559	
3.447559	
3.447559	
3.783235	
0.162794	
0.162794	
7.891559	
5.820014	
5.820014	
4.457940	
4.457940	
4.457940	
2.447564	
2.447564	
8.588796	
8.588796	
8.588796	
1.434040	
1.434040	
1.434040	
3.597729	
3.597729	
3.597729	
3.113038	
3.113038	
4.796916	
4.796916	
4.796916	
2.447564	
2.447564	
5.477980	
5.477980	
5.477980	
5.477980	
5.477980	
4.120037	
4.120037	
4.120037	
5.675886	
5.675886	
1.434040	
1.434040	
1.434040	
5.820014	
5.820014	
3.783235	
3.783235	
3.783235	
3.447559	
3.447559	
3.447559	
4.120037	
4.120037	
5.820014	
5.820014	
5.820014	
4.457940	
4.457940	
3.447559	
3.447559	
3.447559	
5.820014	
5.820014	
5.477980	
5.477980	
5.477980	
4.796916	
4.796916	
4.796916	
3.597729	
3.597729	
1.748026	
1.748026	
1.748026	
8.938553	
8.938553	
5.820014	
5.820014	
5.820014	
1.131648	
1.131648	
4.457940	
4.457940	
4.457940	
5.820014	
5.820014	
5.820014	
3.447559	
3.447559	
6.163014	
6.163014	
6.163014	
5.136938	
5.136938	
4.457940	
4.457940	
4.457940	
4.120037	
13.541469	
4.457940	
4.457940	
6.506953	
6.506953	
2.116666	
2.116666	
2.116666	
0.482848	
0.482848	
5.477980	
5.477980	
5.477980	
5.136938	
5.136938	
0.162794	
0.162794	
0.162794	
3.293652	
3.293652	
3.293652	
7.544134	
7.544134	
7.544134	
7.544134	
7.544134	
6.851804	
6.851804	
6.851804	
4.796916	
4.796916	
0.482848	
0.482848	
0.482848	
1.787029	
1.787029	
3.783235	
3.783235	
3.783235	
5.820014	
5.820014	
7.544134	
7.544134	
7.544134	
3.447559	
3.447559	
7.197540	
7.197540	
7.197540	
8.938553	
8.938553	
9.289035	
9.289035	
9.289035	
0.162794	
0.162794	
6.163014	
6.163014	
6.163014	
5.820014	
5.820014	
4.457940	
4.457940	
4.457940	
4.457940	
4.457940	
1.131648	
1.131648	
1.131648	
12.115711	
12.115711	
12.115711	
3.113038	
3.113038	
3.113038	
3.113038	
3.113038	
3.493047	
0.710965	
0.710965	
3.493047	
3.493047	
3.493047	
5.203084	
5.203084	
2.802460	
2.802460	
2.802460	
2.802460	
2.802460	
3.493047	
3.493047	
3.493047	
3.836986	
3.836986	
3.836986	
3.836986	
3.836986	
3.493047	
3.493047	
1.760211	
1.760211	
1.760211	
3.148196	
3.148196	
3.148196	
3.148196	
3.148196	
2.802460	
2.802460	
0.710965	
0.710965	
0.710965	
3.148196	
3.148196	
3.148196	
1.760211	
1.760211	
1.760211	
4.863062	
4.863062	
4.863062	
2.802460	
2.802460	
2.108441	
2.108441	
2.108441	
3.836986	
3.836986	
2.455866	
2.455866	
2.455866	
4.522020	
4.522020	
1.760211	
1.760211	
1.760211	
2.108441	
2.108441	
2.108441	
2.455866	
2.455866	
3.493047	
3.493047	
3.493047	
2.802460	
2.802460	
2.802460	
2.802460	
2.802460	
0.710965	
0.710965	
3.148196	
3.148196	
3.148196	
4.179986	
4.179986	
3.493047	
3.493047	
3.493047	
0.359787	
0.359787	
0.359787	
0.359787	
0.359787	
3.148196	
3.148196	
1.061447	
1.061447	
1.061447	
1.061447	
4.522020	
4.522020	
3.836986	
3.836986	
3.836986	
4.179986	
4.179986	
4.179986	
2.455866	
2.455866	
1.760211	
1.760211	
1.760211	
1.061447	
1.061447	
3.836986	
3.836986	
3.836986	
0.710965	
0.710965	
4.179986	
4.179986	
4.179986	
2.802460	
2.802460	
3.493047	
3.493047	
3.493047	
0.710965	
0.710965	
0.710965	
0.710965	
0.710965	
4.179986	
4.179986	
2.802460	
2.802460	
2.802460	
3.148196	
3.148196	
3.493047	
3.493047	
3.493047	
1.411204	
1.411204	
1.411204	
1.411204	
1.411204	
1.411204	
1.411204	
1.411204	
1.411204	
1.760211	
1.760211	
2.802460	
2.802460	
2.802460	
3.836986	
3.836986	
3.148196	
3.148196	
3.148196	
1.760211	
1.760211	
4.522020	
4.522020	
4.522020	
1.411204	
1.411204	
3.148196	
3.148196	
3.148196	
2.455866	
2.455866	
2.455866	
1.760211	
1.760211	
3.493047	
3.493047	
3.493047	
1.411204	
1.411204	
1.061447	
1.061447	
1.061447	
5.542060	
5.542060	
2.455866	
2.455866	
2.455866	
2.802460	
2.802460	
4.179986	
4.179986	
4.179986	
1.760211	
1.760211	
2.108441	
2.108441	
2.108441	
2.455866	
2.455866	
2.455866	
1.411204	
1.411204	
2.455866	
1.443989	
2.871712	
2.871712	
0.353080	
0.353080	
0.353080	
0.725625	
0.725625	
0.353080	
0.353080	
0.353080	
1.792392	
1.792392	
0.353080	
0.353080	
0.353080	
2.161482	
2.161482	
2.512008	
2.512008	
2.512008	
2.161482	
2.161482	
1.443989	
1.443989	
1.443989	
0.006607	
0.006607	
0.725625	
0.725625	
0.725625	
0.353080	
0.353080	
2.161482	
2.161482	
2.161482	
0.712851	
0.712851	
1.072677	
1.072677	
1.072677	
0.366185	
0.366185	
0.366185	
0.366185	
0.006607	
0.006607	
0.353080	
0.353080	
0.353080	
2.877890	
2.877890	
1.792392	
1.792392	
1.792392	
2.152226	
2.152226	
3.950086	
3.950086	
3.950086	
0.006607	
0.006607	
2.519835	
2.519835	
2.519835	
3.235620	
3.235620	
2.519835	
2.519835	
2.519835	
1.802857	
1.802857	
1.802857	
1.802857	
1.802857	
3.231311	
3.231311	
0.366185	
0.366185	
0.366185	
1.432533	
1.432533	
1.072677	
1.072677	
1.072677	
3.592998	
3.592998	
0.366185	
0.366185	
0.366185	
2.877890	
2.877890	
2.877890	
1.432533	
1.432533	
3.592998	
3.592998	
3.592998	
2.519835	
2.519835	
0.366185	
0.366185	
0.366185	
1.802857	
1.802857	
1.792392	
1.792392	
1.792392	
2.877890	
2.877890	
0.712851	
0.712851	
0.712851	
0.366185	
0.366185	
2.161482	
2.161482	
2.161482	
1.084902	
1.084902	
1.084902	
1.084902	
1.084902	
0.725625	
0.725625	
0.725625	
1.792392	
1.792392	
2.519835	
2.519835	
2.519835	
1.443989	
1.443989	
2.512008	
2.512008	
2.512008	
2.519835	
2.519835	
1.443989	
1.443989	
1.443989	
0.712851	
0.712851	
0.712851	
0.725625	
0.725625	
1.443989	
1.443989	
1.443989	
2.519835	
2.519835	
1.084902	
1.084902	
1.084902	
1.072677	
1.072677	
0.725625	
0.725625	
0.725625	
2.519835	
2.519835	
2.152226	
2.152226	
2.152226	
2.161482	
2.161482	
2.161482	
1.084902	
1.084902	
3.592998	
3.592998	
3.592998	
1.084902	
1.084902	
2.161482	
2.161482	
2.161482	
1.084902	
1.084902	
3.235620	
3.235620	
3.235620	
2.519835	
2.519835	
3.235620	
3.235620	
3.235620	
1.802857	
1.802857	
0.725625	
0.725625	
0.725625	
1.792392	
1.792392	
1.792392	
0.366185	
0.366185	
2.161482	
2.161482	
2.161482	
2.334402	
2.334402	
2.334402	
2.673190	
2.673190	
2.673190	
0.969007	
0.969007	
1.653699	
1.653699	
1.653699	
0.969007	
0.969007	
1.994563	
1.994563	
1.994563	
3.682979	
3.682979	
1.311838	
1.311838	
1.311838	
1.311838	
1.311838	
4.350423	
4.350423	
4.350423	
2.334402	
2.334402	
4.350423	
4.350423	
4.350423	
1.311838	
1.311838	
7.610591	
7.610591	
7.610591	
4.017294	
4.017294	
4.017294	
5.342428	
5.342428	
5.013017	
5.013017	
5.013017	
5.013017	
1.311838	
1.311838	
1.311838	
1.994563	
1.994563	
3.682979	
3.682979	
1.653699	
1.653699	
1.653699	
3.682979	
3.682979	
1.653699	
1.653699	
1.653699	
3.347506	
3.347506	
3.347506	
3.682979	
3.682979	
5.013017	
5.013017	
5.013017	
3.010900	
3.010900	
3.347506	
3.347506	
3.347506	
4.017294	
4.017294	
2.673190	
2.673190	
2.673190	
4.017294	
4.017294	
4.350423	
4.350423	
4.350423	
3.010900	
3.010900	
4.017294	
4.017294	
4.017294	
3.010900	
3.010900	
2.334402	
2.334402	
2.334402	
3.010900	
3.010900	
3.010900	
5.342428	
5.342428	
0.065041	
0.065041	
0.065041	
4.017294	
4.017294	
1.994563	
1.994563	
1.994563	
5.670546	
5.670546	
3.682979	
3.682979	
3.682979	
4.682339	
4.682339	
4.350423	
4.350423	
4.350423	
5.013017	
5.013017	
3.347506	
3.347506	
3.347506	
5.013017	
5.013017	
5.670546	
5.670546	
5.670546	
3.347506	
3.347506	
3.347506	
3.347506	
3.347506	
3.010900	
3.010900	
3.010900	
8.560978	
8.560978	
0.280541	
0.280541	
0.280541	
4.017294	
4.017294	
6.322794	
6.322794	
6.322794	
3.010900	
3.010900	
3.010900	
5.342428	
5.342428	
2.334402	
2.334402	
2.334402	
3.347506	
3.347506	
2.673190	
2.673190	
2.673190	
3.010900	
3.010900	
5.670546	
5.670546	
5.670546	
5.342428	
5.342428	
3.682979	
3.682979	
3.682979	
4.350423	
4.350423	
2.673190	
2.673190	
2.673190	
4.682339	
4.682339	
3.347506	
3.347506	
3.347506	
4.350423	
4.350423	
0.280541	
0.280541	
0.280541	
4.017294	
4.017294	
5.013017	
5.013017	
5.013017	
3.010900	
3.010900	
5.342428	
5.342428	
5.342428	
5.013017	
5.013017	
5.013017	
5.670546	
5.670546	
3.010900	
3.010900	
3.010900	
1.125315	
15.337249	
15.337249	
1.754292	
1.754292	
1.754292	
1.754292	
1.754292	
1.754292	
1.754292	
1.754292	
1.439022	
1.439022	
2.071096	
2.071096	
2.071096	
1.754292	
1.754292	
5.317661	
5.317661	
5.317661	
1.125315	
1.125315	
6.652494	
6.652494	
6.652494	
0.722620	
0.722620	
0.722620	
11.106855	
11.106855	
1.754292	
1.754292	
1.754292	
4.329454	
4.329454	
1.754292	
1.754292	
1.754292	
1.754292	
1.754292	
5.649577	
5.649577	
5.649577	
0.193834	
0.193834	
0.193834	
1.125315	
1.125315	
1.439022	
1.439022	
1.439022	
2.507544	
2.507544	
2.507544	
3.677206	
3.677206	
9.374768	
9.374768	
9.374768	
30.359787	
30.359787	
4.329454	
4.329454	
4.329454	
1.125315	
1.125315	
4.986983	
4.986983	
4.986983	
3.030452	
3.030452	
3.353129	
3.353129	
3.353129	
3.030452	
3.030452	
0.193834	
0.193834	
0.193834	
0.502694	
0.502694	
4.002657	
4.002657	
4.002657	
3.030452	
3.030452	
3.030452	
3.030452	
3.030452	
4.657572	
4.657572	
4.657572	
0.193834	
0.193834	
0.502694	
0.502694	
0.502694	
3.353129	
3.353129	
1.439022	
1.439022	
1.439022	
1.024640	
1.024640	
0.502694	
0.502694	
0.502694	
1.024640	
1.024640	
1.024640	
2.214679	
2.214679	
0.418850	
0.418850	
0.418850	
1.919929	
1.919929	
3.087512	
3.087512	
3.087512	
0.193834	
0.193834	
0.113356	
0.113356	
0.113356	
4.329454	
4.329454	
1.024640	
1.024640	
1.024640	
1.919929	
1.919929	
1.919929	
5.326617	
5.326617	
0.418850	
0.418850	
0.418850	
41.748026	
41.748026	
0.113356	
0.113356	
0.113356	
25.743299	
25.743299	
25.743299	
0.193834	
0.193834	
5.649577	
5.649577	
5.649577	
1.439022	
1.439022	
1.324882	
1.324882	
1.324882	
2.798497	
2.798497	
1.623321	
1.623321	
1.623321	
0.193834	
0.193834	
0.813197	
0.813197	
0.813197	
1.324882	
1.324882	
0.113356	
0.113356	
0.113356	
1.623321	
1.623321	
1.623321	
0.113356	
0.113356	
2.389409	
2.389409	
2.389409	
0.113356	
0.113356	
1.623321	
1.623321	
1.623321	
1.125315	
1.125315	
2.507544	
2.507544	
2.507544	
2.507544	
2.507544	
0.418850	
0.418850	
0.418850	
0.418850	
4.002657	
4.002657	
1.754292	
1.754292	
