2.920816	
3.503333	
3.503333	
3.361380	
3.361380	
3.361380	
3.070108	
3.070108	
2.769105	
2.769105	
2.769105	
3.216967	
3.216967	
2.458483	
2.458483	
2.458483	
2.769105	
2.769105	
2.920816	
2.920816	
2.920816	
2.458483	
2.458483	
2.920816	
2.920816	
2.920816	
1.640566	
1.640566	
3.070108	
3.070108	
3.070108	
2.920816	
2.920816	
2.920816	
2.614989	
2.614989	
2.458483	
2.458483	
2.458483	
2.614989	
2.614989	
2.299599	
2.299599	
2.299599	
2.299599	
2.138351	
2.138351	
2.138351	
2.614989	
2.614989	
1.122005	
1.122005	
1.122005	
1.470002	
1.470002	
1.974754	
1.974754	
1.974754	
2.299599	
2.299599	
2.458483	
2.458483	
2.458483	
2.769105	
2.769105	
1.974754	
1.974754	
1.974754	
2.769105	
2.769105	
1.808821	
1.808821	
1.808821	
2.769105	
2.769105	
2.769105	
2.138351	
2.138351	
2.614989	
2.614989	
2.614989	
2.299599	
2.299599	
2.458483	
2.458483	
2.458483	
2.458483	
2.458483	
2.299599	
2.299599	
2.299599	
1.974754	
1.974754	
1.974754	
2.458483	
2.458483	
2.458483	
2.458483	
2.458483	
2.458483	
2.458483	
2.458483	
2.920816	
2.920816	
3.070108	
3.070108	
3.070108	
2.920816	
2.920816	
2.299599	
2.299599	
2.299599	
2.614989	
2.614989	
2.614989	
0.764941	
0.764941	
1.974754	
1.974754	
1.974754	
2.299599	
2.299599	
2.458483	
2.458483	
2.458483	
2.138351	
2.138351	
2.458483	
2.458483	
2.458483	
2.138351	
2.138351	
2.614989	
2.614989	
2.614989	
1.122005	
1.122005	
2.138351	
2.138351	
2.138351	
2.769105	
2.769105	
2.458483	
2.458483	
2.458483	
2.458483	
1.808821	
1.808821	
2.299599	
2.299599	
2.299599	
2.299599	
2.299599	
1.470002	
1.470002	
1.470002	
1.974754	
1.974754	
2.299599	
2.299599	
2.299599	
1.122005	
1.122005	
2.138351	
2.138351	
2.138351	
3.914294	
3.914294	
1.297144	
1.297144	
1.297144	
1.470002	
1.470002	
2.458483	
2.458483	
2.458483	
2.138351	
2.138351	
2.138351	
1.470002	
1.470002	
2.299599	
2.299599	
2.299599	
2.299599	
2.299599	
1.974754	
1.974754	
1.974754	
2.138351	
2.138351	
1.470002	
1.470002	
1.470002	
2.299599	
2.299599	
2.299599	
2.138351	
2.138351	
2.138351	
3.414489	
2.147951	
2.147951	
3.164666	
3.164666	
3.164666	
2.913087	
2.913087	
2.404716	
2.404716	
2.404716	
1.889485	
1.889485	
2.913087	
2.913087	
2.913087	
2.404716	
2.404716	
3.164666	
3.164666	
3.164666	
1.104019	
1.104019	
1.629332	
1.629332	
1.629332	
1.629332	
1.629332	
4.636775	
4.636775	
4.636775	
1.104019	
1.104019	
1.104019	
3.908810	
3.908810	
1.889485	
1.889485	
1.889485	
2.147951	
2.147951	
2.147951	
2.147951	
2.147951	
2.147951	
2.913087	
2.913087	
1.104019	
1.104019	
1.104019	
0.237824	
0.237824	
3.164666	
3.164666	
3.164666	
2.147951	
2.147951	
3.164666	
3.164666	
3.164666	
0.033753	
0.033753	
2.404716	
2.404716	
2.404716	
3.908810	
3.908810	
3.908810	
3.662541	
3.662541	
0.838887	
0.838887	
0.838887	
4.153281	
4.153281	
1.367505	
1.367505	
1.367505	
2.913087	
2.913087	
0.510978	
0.510978	
0.510978	
1.629332	
1.629332	
1.889485	
1.889485	
1.889485	
3.414489	
3.414489	
3.662541	
3.662541	
3.662541	
3.662541	
0.033753	
0.033753	
1.889485	
1.889485	
1.889485	
2.404716	
2.404716	
1.889485	
1.889485	
1.889485	
1.104019	
1.104019	
2.147951	
2.147951	
2.147951	
2.659766	
2.659766	
2.659766	
1.619089	
1.619089	
2.659766	
2.659766	
2.659766	
2.147951	
2.147951	
0.838887	
0.838887	
0.838887	
2.659766	
2.659766	
1.104019	
1.104019	
1.104019	
0.303740	
0.303740	
1.889485	
1.889485	
1.889485	
3.906802	
3.906802	
1.629332	
1.629332	
1.629332	
1.367505	
1.367505	
2.659766	
2.659766	
2.659766	
1.619089	
1.619089	
1.619089	
0.033753	
0.033753	
0.033753	
1.629332	
1.629332	
1.889485	
1.889485	
1.889485	
1.889485	
1.889485	
1.889485	
1.367505	
1.889485	
1.889485	
1.889485	
1.367505	
1.367505	
1.104019	
1.104019	
1.104019	
1.629332	
1.629332	
42.472064	
42.472064	
42.472064	
42.472064	
42.472064	
42.472064	
1.367505	
1.367505	
1.629332	
1.629332	
1.629332	
2.659766	
2.659766	
2.147951	
2.147951	
2.147951	
1.367505	
1.367505	
3.164666	
3.164666	
3.164666	
1.889485	
1.889485	
1.629332	
1.629332	
1.629332	
3.164666	
3.164666	
3.164666	
1.889485	
1.889485	
1.889485	
2.659766	
0.001911	
0.629607	
0.629607	
0.319359	
0.319359	
0.319359	
1.922938	
1.922938	
0.629607	
0.629607	
0.629607	
0.001911	
0.001911	
1.878745	
1.878745	
1.878745	
0.957564	
0.957564	
0.629607	
0.629607	
0.629607	
2.496144	
2.496144	
0.637915	
0.637915	
0.637915	
3.224578	
3.224578	
0.957564	
0.957564	
0.957564	
0.957564	
0.957564	
2.188053	
2.188053	
2.188053	
0.319359	
0.319359	
0.319359	
0.637915	
0.637915	
0.319359	
0.319359	
0.319359	
0.637915	
0.637915	
0.637915	
0.001911	
0.001911	
0.314416	
0.314416	
0.314416	
0.629607	
0.629607	
0.629607	
0.629607	
0.629607	
0.957564	
0.957564	
0.629607	
0.629607	
0.629607	
0.001911	
0.001911	
0.629607	
0.629607	
0.629607	
0.637915	
0.637915	
4.318334	
4.318334	
4.318334	
1.922938	
1.922938	
0.314416	
0.314416	
0.314416	
1.278294	
1.278294	
1.600089	
1.600089	
1.600089	
1.600089	
2.496144	
2.496144	
1.600089	
1.600089	
1.568232	
1.568232	
1.568232	
2.571736	
2.571736	
2.571736	
0.629607	
0.629607	
0.629607	
0.001911	
0.001911	
0.943650	
0.943650	
0.943650	
1.256529	
1.256529	
1.278294	
1.278294	
1.278294	
0.943650	
0.943650	
0.637915	
0.637915	
0.637915	
1.878745	
1.878745	
1.878745	
1.600089	
1.600089	
0.957564	
0.957564	
0.957564	
0.629607	
0.629607	
1.922938	
1.922938	
1.922938	
3.108615	
3.108615	
0.629607	
0.629607	
0.629607	
0.943650	
0.943650	
0.943650	
0.943650	
0.943650	
3.552482	
3.552482	
0.001911	
0.001911	
0.001911	
0.001911	
0.001911	
1.600089	
1.600089	
1.600089	
0.943650	
0.943650	
0.943650	
0.629607	
0.629607	
0.314416	
0.314416	
0.314416	
2.897659	
2.897659	
0.629607	
0.629607	
0.629607	
1.278294	
1.278294	
0.943650	
0.943650	
0.943650	
0.314416	
0.314416	
2.246824	
2.246824	
2.246824	
0.319359	
0.319359	
0.319359	
0.319359	
0.319359	
1.922938	
1.922938	
0.637915	
0.637915	
0.637915	
0.637915	
0.637915	
1.278294	
1.278294	
1.278294	
1.278294	
1.278294	
0.319359	
0.319359	
0.319359	
0.957564	
0.957564	
0.001911	
0.001911	
0.001911	
0.629607	
0.629607	
0.629607	
1.278294	
1.278294	
1.278294	
0.943650	
0.943650	
0.295808	
0.392831	
0.392831	
0.392831	
0.392831	
0.392831	
3.117435	
3.117435	
3.117435	
3.117435	
3.117435	
0.048865	
0.048865	
2.101566	
2.101566	
2.101566	
0.392831	
0.392831	
2.727167	
2.727167	
2.727167	
0.392831	
0.392831	
2.440998	
2.440998	
2.440998	
1.761344	
1.761344	
3.454413	
3.454413	
3.454413	
1.078585	
1.078585	
2.101566	
2.101566	
2.101566	
0.641174	
0.641174	
2.779625	
2.779625	
2.779625	
0.392831	
0.392831	
0.392831	
0.641174	
0.641174	
0.641174	
2.101566	
2.101566	
2.101566	
2.101566	
2.101566	
2.101566	
2.101566	
3.790546	
3.790546	
3.790546	
0.987221	
0.987221	
0.736076	
0.736076	
0.736076	
0.295808	
0.295808	
0.295808	
2.440998	
2.440998	
0.295808	
0.295808	
0.295808	
1.078585	
1.078585	
2.440998	
2.440998	
2.440998	
1.761344	
1.761344	
2.779625	
2.779625	
2.779625	
0.736076	
0.736076	
2.440998	
2.440998	
2.440998	
2.101566	
2.101566	
4.125820	
4.125820	
4.125820	
0.048865	
0.048865	
0.736076	
0.736076	
0.736076	
0.736076	
0.048865	
0.048865	
0.736076	
0.736076	
0.736076	
0.392831	
0.392831	
0.392831	
0.392831	
0.392831	
0.392831	
0.392831	
0.392831	
0.987221	
0.987221	
2.440998	
2.440998	
2.440998	
0.641174	
0.641174	
1.420346	
1.420346	
1.420346	
0.392831	
0.392831	
0.392831	
0.392831	
0.392831	
1.078585	
1.078585	
0.048865	
0.048865	
0.048865	
0.048865	
0.048865	
2.377929	
2.377929	
2.377929	
2.101566	
2.101566	
0.048865	
0.048865	
0.048865	
1.078585	
1.078585	
4.125820	
4.125820	
4.125820	
1.761344	
1.761344	
1.761344	
1.761344	
1.420346	
1.420346	
2.101566	
2.101566	
2.101566	
1.761344	
1.761344	
2.440998	
2.440998	
2.440998	
3.117435	
3.117435	
2.779625	
2.779625	
2.779625	
3.117435	
3.117435	
1.420346	
1.420346	
1.420346	
0.736076	
0.736076	
0.736076	
1.078585	
1.078585	
3.427421	
3.427421	
3.427421	
0.392831	
0.392831	
0.736076	
0.736076	
0.736076	
0.392831	
0.392831	
3.454413	
3.454413	
3.454413	
1.420346	
1.420346	
4.125820	
4.125820	
4.125820	
0.641174	
0.641174	
2.101566	
2.101566	
2.101566	
0.048865	
0.048865	
3.454413	
3.454413	
0.181054	
1.256241	
1.256241	
4.104479	
4.104479	
4.104479	
1.970347	
1.970347	
0.539610	
0.539610	
0.539610	
2.327091	
2.327091	
0.539610	
0.539610	
0.539610	
2.327091	
2.327091	
3.394846	
3.394846	
3.394846	
0.896484	
0.896484	
0.181054	
0.181054	
0.181054	
1.970347	
1.970347	
3.039354	
3.039354	
3.039354	
0.181054	
0.181054	
1.613214	
1.613214	
1.613214	
0.181054	
0.181054	
2.683432	
2.683432	
2.683432	
6.922997	
6.922997	
6.922997	
2.683432	
2.683432	
2.683432	
0.181054	
0.181054	
3.749892	
3.749892	
3.749892	
0.896484	
0.896484	
1.613214	
1.613214	
1.613214	
0.539610	
0.539610	
0.539610	
4.104479	
4.104479	
0.177823	
0.177823	
0.177823	
2.327091	
2.327091	
0.897831	
0.897831	
0.897831	
0.537007	
0.537007	
0.897831	
0.897831	
0.897831	
0.177823	
0.177823	
1.613214	
1.613214	
1.613214	
0.897831	
0.897831	
0.181054	
0.181054	
0.181054	
1.255703	
1.255703	
1.255703	
1.255703	
1.255703	
1.613214	
1.613214	
1.613214	
0.537007	
0.537007	
1.970347	
1.970347	
1.970347	
0.897831	
0.897831	
0.537007	
0.537007	
0.537007	
0.177823	
0.177823	
0.177823	
0.177823	
0.177823	
0.539610	
0.539610	
0.539610	
0.539610	
0.539610	
1.616263	
1.616263	
1.616263	
1.256241	
1.256241	
1.613214	
1.613214	
1.613214	
0.177823	
0.177823	
1.616263	
1.616263	
1.616263	
0.539610	
0.539610	
1.256241	
1.256241	
1.256241	
0.539610	
0.539610	
0.539610	
0.539610	
0.539610	
0.896484	
0.896484	
0.177823	
0.177823	
0.177823	
0.177823	
0.177823	
0.177823	
0.537007	
0.537007	
0.537007	
0.537007	
0.537007	
2.337051	
2.337051	
2.337051	
0.181054	
0.181054	
0.539610	
0.539610	
0.539610	
0.181054	
0.181054	
0.897831	
0.897831	
0.897831	
0.896484	
0.896484	
0.896484	
0.896484	
0.896484	
0.896484	
0.896484	
0.539610	
0.539610	
0.539610	
0.539610	
0.539610	
0.539610	
0.897831	
0.897831	
0.539610	
0.539610	
0.539610	
2.697788	
2.697788	
0.539610	
0.539610	
0.539610	
0.539610	
0.539610	
0.539610	
0.539610	
0.539610	
0.897831	
0.897831	
0.897831	
0.897831	
0.897831	
0.539610	
0.539610	
0.539610	
0.539610	
0.539610	
2.472064	
2.472064	
2.472064	
0.662830	
0.662830	
0.662830	
1.873619	
1.873619	
0.061611	
0.061611	
0.061611	
0.423937	
0.423937	
0.662830	
0.662830	
0.662830	
2.472064	
2.472064	
0.662830	
0.662830	
0.662830	
3.555770	
3.555770	
0.061611	
0.061611	
0.061611	
2.833480	
2.833480	
0.662830	
0.662830	
0.662830	
2.472064	
2.472064	
0.300649	
0.300649	
0.300649	
2.110486	
2.110486	
2.110486	
0.786314	
0.786314	
1.748760	
1.748760	
1.748760	
1.748760	
0.423937	
0.423937	
2.110486	
2.110486	
2.110486	
1.748760	
1.748760	
0.662830	
0.662830	
0.662830	
2.110486	
2.110486	
1.024919	
1.024919	
1.024919	
1.748760	
1.748760	
2.472064	
2.472064	
2.472064	
2.110486	
2.110486	
1.511169	
1.511169	
1.511169	
4.277246	
4.277246	
0.300649	
0.300649	
0.300649	
2.110486	
2.110486	
3.555770	
3.555770	
3.555770	
0.662830	
0.662830	
2.110486	
2.110486	
2.110486	
0.662830	
0.662830	
2.472064	
2.472064	
2.472064	
2.833480	
2.833480	
2.833480	
0.300649	
0.300649	
0.300649	
0.061611	
0.061611	
2.110486	
2.110486	
2.110486	
0.662830	
0.662830	
2.472064	
2.472064	
2.472064	
0.662830	
0.662830	
4.277246	
4.277246	
4.277246	
1.511169	
1.511169	
1.748760	
1.748760	
1.748760	
2.472064	
2.472064	
2.833480	
2.833480	
2.833480	
0.423937	
0.423937	
3.916616	
3.916616	
3.916616	
2.110486	
2.110486	
2.110486	
2.110486	
2.110486	
2.110486	
2.110486	
0.786314	
0.786314	
0.786314	
4.277246	
4.277246	
4.277246	
0.300649	
0.300649	
0.061611	
0.061611	
0.061611	
2.833480	
2.833480	
2.833480	
0.300649	
0.300649	
2.833480	
2.833480	
2.833480	
2.472064	
2.472064	
2.833480	
2.833480	
2.833480	
0.300649	
0.300649	
0.662830	
0.662830	
0.662830	
3.194720	
3.194720	
2.110486	
2.110486	
2.110486	
3.916616	
3.916616	
3.916616	
4.997797	
4.997797	
4.277246	
4.277246	
4.277246	
3.916616	
3.916616	
0.423937	
0.423937	
0.423937	
2.472064	
2.472064	
0.786314	
0.786314	
0.786314	
2.472064	
2.472064	
3.194720	
3.194720	
3.194720	
3.194720	
3.194720	
3.916616	
3.916616	
3.916616	
3.916616	
1.386900	
1.386900	
1.386900	
5.357692	
4.282686	
1.069565	
1.069565	
5.002203	
5.002203	
5.002203	
3.564314	
3.564314	
1.774119	
1.774119	
1.774119	
3.205592	
3.205592	
0.348772	
0.348772	
0.348772	
3.923350	
3.923350	
1.069565	
1.069565	
1.069565	
4.282686	
4.282686	
2.131447	
2.131447	
2.131447	
1.774119	
1.774119	
5.002203	
5.002203	
5.002203	
2.131447	
2.131447	
2.131447	
1.774119	
1.774119	
4.282686	
4.282686	
4.282686	
1.417173	
1.417173	
1.417173	
0.348772	
0.348772	
0.348772	
1.060624	
1.060624	
1.422951	
1.422951	
1.422951	
1.417173	
1.417173	
1.774119	
1.774119	
1.774119	
2.847198	
2.847198	
1.417173	
1.417173	
1.417173	
1.069565	
1.069565	
3.205592	
3.205592	
3.205592	
1.060624	
1.060624	
2.131447	
2.131447	
2.131447	
2.847198	
2.847198	
3.205592	
3.205592	
3.205592	
3.564314	
3.564314	
3.564314	
2.489145	
2.489145	
0.006504	
0.006504	
0.006504	
5.002203	
5.002203	
1.060624	
1.060624	
1.060624	
3.564314	
3.564314	
1.060624	
1.060624	
1.060624	
1.774119	
1.774119	
1.774119	
3.205592	
3.205592	
0.348772	
0.348772	
0.348772	
2.131447	
2.131447	
3.923350	
3.923350	
3.923350	
3.923350	
3.923350	
2.131447	
2.131447	
2.131447	
2.131447	
2.131447	
2.131447	
2.131447	
2.131447	
1.422951	
1.422951	
1.774119	
1.774119	
1.774119	
0.361328	
0.361328	
1.774119	
1.774119	
1.774119	
2.847198	
2.847198	
1.069565	
1.069565	
1.069565	
0.704486	
0.704486	
1.774119	
1.774119	
1.774119	
1.774119	
1.774119	
1.774119	
3.564314	
3.564314	
1.774119	
1.774119	
1.774119	
1.060624	
1.060624	
1.060624	
1.060624	
1.060624	
1.069565	
1.069565	
1.069565	
1.417173	
1.417173	
2.131447	
2.131447	
2.131447	
4.282686	
4.282686	
4.282686	
2.831284	
2.831284	
1.774119	
1.774119	
1.774119	
2.131447	
2.131447	
0.348772	
0.348772	
0.348772	
0.361328	
0.361328	
1.417173	
1.417173	
1.417173	
1.774119	
1.774119	
2.489145	
2.489145	
2.489145	
2.489145	
2.489145	
0.006504	
0.006504	
0.006504	
1.060624	
1.060624	
2.847198	
2.847198	
2.847198	
3.923350	
3.923350	
1.417173	
1.417173	
1.417173	
1.417173	
1.060624	
1.060624	
1.060624	
2.480009	
