4.27980639820094	-56	21.9375	0	1186	221956697 0.4829298	
1.03697101261069	-55.5	91.125	1	1186	221956700 0.4841649	
1.16582539879309	-53	56.125	2	1130	221956701 0.4850557	
1.31922347758165	-55.5	26	3	1186	221956702 0.4863081	
1.15355355249	-52.5	52.0625	4	1130	221956702 0.4866718	
1.27013609236931	-55.5	74	5	1186	221956703 0.4872967	
1.1106020904292	-53	61	6	1130	221956703 0.4880549	
1.1965050145508	-53	13	7	1130	221956704 0.4883783	
1.37444678594553	-56	-30.0625	8	1186	221956704 0.4887605	
1.20877686085389	-52.5	13	9	1130	221956705 0.4893973	
1.22718463030851	-55.5	87.0625	10	1186	221956705 0.49007	
1.12287393673229	-53	87.0625	11	1130	221956945 0.7298691	
1.17809724509617	-55.5	-8.9375	12	1186	221956946 0.7306907	
1.14741762933846	-55	13	13	1186	221956946 0.7309631	
1.14741762933846	-52.5	65.0625	14	1130	221956946 0.7313108	
1.2824079386724	-55.5	61	15	1186	221956947 0.7316011	
1.14741762933846	-53	30.0625	16	1130	221956947 0.7318376	
1.27627201552085	-56	78.0625	17	1186	221956947 0.7321269	
1.27627201552085	-52.5	-30.0625	18	1130	221956947 0.7324191	
1.30695163127857	-55.5	56.125	19	1186	221956948 0.7326857	
1.1965050145508	-53	26	20	1130	221956948 0.732941	
1.17809724509617	-52.5	17.0625	21	1130	221956948 0.7332752	
1.2824079386724	-55.5	74	22	1186	221956948 0.7335097	
1.39285455540016	-56	-43.125	23	1186	221957195 0.979832	
1.12287393673229	-52.5	48	24	1130	221957196 0.9802968	
1.20877686085389	-53	-13	25	1130	221957196 0.9805569	
1.26400016921777	-55.5	78.0625	26	1186	221957196 0.9809548	
1.42353417115788	-55.5	-56.125	27	1186	221957197 0.9812709	
1.15355355249	-52.5	43.125	28	1130	221957197 0.9817514	
1.43580601746096	-55.5	-74	29	1186	221957198 0.9821343	
1.19036909139926	-53	0	30	1130	221957198 0.9826642	
1.37444678594553	-55.5	-74	31	1186	221957446 1.2300971	
1.1965050145508	-52.5	13	32	1130	221957447 1.231901	
1.27013609236931	-56	121.25	33	1186	221957449 1.233479	
1.17196132194463	-53	30.0625	34	1130	221957450 1.2344599	
1.22104870715697	-56	108.1875	35	1186	221957451 1.2368651	
1.19036909139926	-53	13	36	1130	221957454 1.2382094	
1.41126232485479	-56	-61	37	1186	221957455 1.2394896	
1.12900985988383	-53	56.125	38	1130	221957456 1.2410005	
1.16582539879309	-52.5	34.9375	39	1130	221957458 1.2427486	
1.17809724509617	-55.5	34.9375	40	1186	221957459 1.2441303	
1.11673801358075	-53	78.0625	41	1130	221957460 1.2452461	
1.21491278400543	-55.5	-21.9375	42	1186	221957461 1.246393	
1.29467978497548	-55.5	48	43	1186	221957695 1.4798207	
1.23332055346006	-53	-8.9375	44	1130	221957695 1.480573	
1.31308755443011	-55.5	17.0625	45	1186	221957695 1.480975	
1.23332055346006	-53	-13	46	1130	221957697 1.4818753	
1.12287393673229	-55	30.0625	47	1186	221957697 1.4822013	
1.20264093770234	-53	8.9375	48	1130	221957698 1.4825132	
1.20264093770234	-53	21.9375	49	1130	221957698 1.4828409	
1.07378655151995	-55	61	50	1186	221957699 1.4832157	
1.20264093770234	-53	17.0625	51	1130	221957699 1.4835406	
1.4419419406125	-55.5	-52.0625	52	1186	221957699 1.4839515	
1.36831086279399	-55.5	-34.9375	53	1186	221957700 1.4842369	
1.17196132194463	-53	30.0625	54	1130	221957700 1.4848332	
1.2824079386724	-55.5	21.9375	55	1186	221957946 1.7302818	
1.22104870715697	-52.5	13	56	1130	221957947 1.7316321	
1.15968947564154	-53	8.9375	57	1130	221957948 1.732381	
1.31308755443011	-55.5	17.0625	58	1186	221957948 1.7329035	
1.16582539879309	-53	-8.9375	59	1130	221957949 1.7344174	
1.38058270909708	-55.5	-4.0625	60	1186	221957951 1.7355336	
1.34376717018782	-55.5	21.9375	61	1186	221957952 1.7362464	
1.25172832291468	-52.5	-13	62	1130	221957953 1.7372409	
1.12900985988383	-53	56.125	63	1130	221957953 1.738005	
1.32535940073319	-56	30.0625	64	1186	221957954 1.7388439	
1.27627201552085	-55.5	82.1875	65	1186	221957955 1.7395642	
1.15968947564154	-52.5	52.0625	66	1130	221957956 1.7401679	
1.26400016921777	-52.5	-34.9375	67	1130	221958198 1.9828045	
1.03697101261069	-55.5	134.25	68	1186	221958199 1.98387	
1.19036909139926	-53	26	69	1130	221958201 1.9854946	
1.10446616727766	-55	26	70	1186	221958202 1.9870375	
1.07378655151995	-55.5	69.125	71	1186	221958204 1.9888762	
1.22718463030851	-52.5	-8.9375	72	1130	221958206 1.9908755	
1.24559239976314	-53	4.0625	73	1130	221958208 1.9927517	
1.16582539879309	-55	21.9375	74	1186	221958209 1.9940292	
1.27627201552085	-55.5	91.125	75	1186	221958211 1.9954005	
1.15968947564154	-52.5	34.9375	76	1130	221958212 1.9967281	
1.15355355249	-53	48	77	1130	221958213 1.9977866	
1.28854386182394	-55.5	26	78	1186	221958214 1.9985033	
1.1965050145508	-53	8.9375	79	1130	221958445 2.2300547	
1.44807786376405	-55.5	-34.9375	80	1186	221958448 2.2322988	
1.24559239976314	-55.5	74	81	1186	221958450 2.2342936	
1.20877686085389	-53	17.0625	82	1130	221958452 2.2361705	
1.41126232485479	-55.5	-52.0625	83	1186	221958453 2.2380436	
1.2824079386724	-53	-43.125	84	1130	221958455 2.2399381	
1.30081570812702	-55.5	61	85	1186	221958457 2.2416828	
1.20877686085389	-52.5	34.9375	86	1130	221958458 2.2431281	
1.15968947564154	-52.5	61	87	1130	221958460 2.2449807	
1.06151470521686	-55.5	108.1875	88	1186	221958462 2.2463965	
1.24559239976314	-53	-21.9375	89	1130	221958463 2.2476207	
1.09219432097458	-55.5	34.9375	90	1186	221958464 2.2488886	
1.15355355249	-53	61	91	1130	221958696 2.4802769	
1.17809724509617	-55	39	92	1186	221958698 2.4827661	
1.10446616727766	-55.5	21.9375	93	1186	221958700 2.4844416	
1.20877686085389	-53	21.9375	94	1130	221958702 2.4859496	
1.41126232485479	-55.5	-17.0625	95	1186	221958703 2.4874408	
1.17196132194463	-53	17.0625	96	1130	221958705 2.4891841	
1.2824079386724	-53	-39	97	1130	221958707 2.491091	
1.34990309333936	-55.5	26	98	1186	221958710 2.4950651	
1.23332055346006	-52.5	-8.9375	99	1130	221958712 2.4971696	
1.29467978497548	-56	34.9375	100	1186	221958713 2.4982218	
1.1106020904292	-53	87.0625	101	1130	221958714 2.498816	
1.42353417115788	-55.5	-30.0625	102	1186	221958715 2.4996687	
1.14741762933846	-55.5	4.0625	103	1186	221958946 2.730086	
1.17809724509617	-53	43.125	104	1130	221958951 2.7356881	
1.28854386182394	-53	-52.0625	105	1130	221958959 2.7441361	
1.17809724509617	-55.5	17.0625	106	1186	221958962 2.7465791	
1.37444678594553	-55.5	-34.9375	107	1186	221958975 2.7600916	
1.14128170618692	-53	61	108	1130	221958988 2.772675	
1.33763124703628	-55	21.9375	109	1186	221958992 2.7770337	
1.17196132194463	-53	34.9375	110	1130	221958998 2.7829114	
1.25786424606623	-55.5	65.0625	111	1186	221959003 2.787963	
1.1965050145508	-52.5	-8.9375	112	1130	221959008 2.7931242	
1.16582539879309	-53	43.125	113	1130	221959012 2.796416	
1.33149532388474	-55.5	30.0625	114	1186	221959013 2.7977871	
1.28854386182394	-55.5	52.0625	115	1186	221959195 2.9799001	
1.22104870715697	-52.5	-30.0625	116	1130	221959198 2.9821894	
1.44807786376405	-56	-74	117	1186	221959200 2.9850135	
1.15968947564154	-53	17.0625	118	1130	221959203 2.9876672	
1.26400016921777	-53	-30.0625	119	1130	221959205 2.9895406	
1.16582539879309	-55.5	26	120	1186	221959207 2.9914545	
1.12900985988383	-55	-4.0625	121	1186	221959209 2.9935102	
1.22718463030851	-53	-13	122	1130	221959211 2.9953116	
1.16582539879309	-52.5	13	123	1130	221959212 2.9967298	
1.42967009430942	-55.5	-61	124	1186	221959213 2.9981714	
1.20877686085389	-52.5	4.0625	125	1130	221959444 3.2297285	
1.33149532388474	-55.5	43.125	126	1186	221959456 3.2412267	
1.07378655151995	-52.5	104.125	127	1130	221959457 3.2423291	
1.22718463030851	-55.5	108.1875	128	1186	221959458 3.2432435	
1.2394564766116	-55.5	74	129	1186	221959462 3.2465203	
1.09219432097458	-52.5	78.0625	130	1130	221959478 3.2633805	
1.17196132194463	-55.5	-21.9375	131	1186	221959483 3.2678639	
1.23332055346006	-53	-13	132	1130	221959485 3.2695935	
1.18423316824771	-55	-43.125	133	1186	221959487 3.2720122	
1.25172832291468	-53	-26	134	1130	221959489 3.2735575	
1.14128170618692	-55.5	21.9375	135	1186	221959490 3.2748548	
1.12900985988383	-52.5	78.0625	136	1130	221959491 3.2763848	
1.21491278400543	-53	4.0625	137	1130	221959686 3.4705161	
1.1965050145508	-55.5	-52.0625	138	1186	221959688 3.4720275	
1.12287393673229	-55	43.125	139	1186	221959690 3.4740797	
1.12287393673229	-52.5	48	140	1130	221959694 3.4796474	
1.11673801358075	-53	65.0625	141	1130	221959696 3.4809454	
1.14741762933846	-55.5	-21.9375	142	1186	221959697 3.4816152	
1.21491278400543	-53	-34.9375	143	1130	221959699 3.4838996	
1.29467978497548	-55.5	61	144	1186	221959701 3.4854867	
1.24559239976314	-55.5	113.0625	145	1186	221959701 3.4862885	
1.2394564766116	-53	-8.9375	146	1130	221959702 3.4877465	
1.25172832291468	-55.5	56.125	147	1186	221959703 3.4885411	
1.18423316824771	-52.5	-8.9375	148	1130	221959703 3.4892053	
1.14741762933846	-52.5	56.125	149	1130	221959944 3.7298104	
1.25786424606623	-55	100.0625	150	1186	221959947 3.7320094	
1.44807786376405	-55.5	-78.0625	151	1186	221959948 3.7333644	
1.19036909139926	-52.5	17.0625	152	1130	221959949 3.7342842	
1.12287393673229	-52.5	61	153	1130	221959950 3.735225	
1.30081570812702	-55.5	56.125	154	1186	221959951 3.73625	
1.23332055346006	-53	-43.125	155	1130	221959952 3.7371901	
1.06151470521686	-55	100.0625	156	1186	221959953 3.7381997	
1.1106020904292	-55.5	34.9375	157	1186	221959954 3.7388476	
1.30081570812702	-53	-69.125	158	1130	221959954 3.7394618	
1.26400016921777	-53	-8.9375	159	1130	221959955 3.7401602	
1.04924285891378	-55.5	78.0625	160	1186	221959955 3.7407956	
1.20264093770234	-53	34.9375	161	1130	222000194 3.9797415	
1.25786424606623	-55.5	-74	162	1186	222000197 3.9816068	
1.06151470521686	-55.5	52.0625	163	1186	222000199 3.9832323	
1.1965050145508	-53	34.9375	164	1130	222000201 3.985648	
1.06765062836841	-55	56.125	165	1186	222000204 3.98802	
1.26400016921777	-53	-48	166	1130	222000206 3.9902203	
1.14128170618692	-55.5	-8.9375	167	1186	222000208 3.9920121	
1.09833024412612	-53	78.0625	168	1130	222000210 3.9940662	
1.02469916630761	-55.5	104.125	169	1186	222000211 3.9955711	
1.20264093770234	-53	0	170	1130	222000212 3.9967509	
1.1965050145508	-53	8.9375	171	1130	222000213 3.9973642	
1.09219432097458	-55	69.125	172	1186	222000213 3.9979375	
1.21491278400543	-53	-26	173	1130	222000445 4.2297013	
1.07378655151995	-55.5	48	174	1186	222000450 4.2348356	
1.33763124703628	-55.5	8.9375	175	1186	222000461 4.2462712	
1.10446616727766	-53	82.1875	176	1130	222000466 4.251243	
1.29467978497548	-55.5	43.125	177	1186	222000468 4.2535112	
1.14741762933846	-53	39	178	1130	222000477 4.2620872	
1.11673801358075	-55.5	26	179	1186	222000492 4.2765574	
1.21491278400543	-53	-13	180	1130	222000499 4.2837324	
1.1106020904292	-55.5	34.9375	181	1186	222000504 4.2892793	
1.16582539879309	-52.5	13	182	1130	222000520 4.3046608	
1.1106020904292	-53	82.1875	183	1130	222000529 4.3142042	
1.18423316824771	-56	-39	184	1186	222000531 4.3157806	
1.16582539879309	-53	34.9375	185	1130	222000695 4.48019	
1.13514578303537	-55.5	-4.0625	186	1186	222000706 4.4908152	
1.05537878206532	-55.5	74	187	1186	222000729 4.5136554	
1.21491278400543	-52.5	0	188	1130	222000739 4.524552	
1.13514578303537	-53	56.125	189	1130	222000743 4.5280054	
1.04310693576224	-55.5	95.1875	190	1186	222000745 4.5301011	
1.2394564766116	-53	-21.9375	191	1130	222000748 4.5330319	
1.30081570812702	-55.5	56.125	192	1186	222000750 4.5347466	
1.15355355249	-53	52.0625	193	1130	222000757 4.5420998	
1.24559239976314	-55.5	87.0625	194	1186	222000766 4.551082	
1.16582539879309	-52.5	26	195	1130	222000790 4.5749947	
1.29467978497548	-56	34.9375	196	1186	222000797 4.5816155	
1.38671863224862	-55.5	-56.125	197	1186	222000811 4.5959584	
1.20877686085389	-52.5	-17.0625	198	1130	222000814 4.5989015	
1.14128170618692	-55.5	-4.0625	199	1186	222000945 4.7296213	
1.22104870715697	-53	-17.0625	200	1130	222000947 4.7316835	
1.16582539879309	-53	39	201	1130	222000950 4.7347787	
1.07992247467149	-55	69.125	202	1186	222000959 4.744781	
1.12900985988383	-52.5	74	203	1130	222000963 4.7474994	
1.14741762933846	-55	134.25	204	1186	222000965 4.7501629	
1.38671863224862	-55	-21.9375	205	1186	222000968 4.7534583	
1.14741762933846	-52.5	43.125	206	1130	222000975 4.7596908	
1.30695163127857	-55.5	65.0625	207	1186	222000979 4.7636732	
1.16582539879309	-52.5	43.125	208	1130	222000985 4.7700226	
1.18423316824771	-52.5	30.0625	209	1130	222001195 4.9795859	
1.30081570812702	-55.5	48	210	1186	222001205 4.9897565	
1.18423316824771	-52.5	26	211	1130	222001220 5.0055052	
1.3989904785517	-55.5	-34.9375	212	1186	222001224 5.0086731	
1.24559239976314	-55.5	69.125	213	1186	222001228 5.0132833	
1.15968947564154	-53	30.0625	214	1130	222001230 5.0150247	
1.1106020904292	-52.5	87.0625	215	1130	222001233 5.0175874	
1.15968947564154	-55.5	-4.0625	216	1186	222001238 5.022739	
1.17809724509617	-53	30.0625	217	1130	222001250 5.0350245	
1.00629139685298	-55.5	100.0625	218	1186	222001280 5.065561	
1.3989904785517	-55.5	-21.9375	219	1186	222001283 5.0678497	
1.14741762933846	-53	26	220	1130	222001284 5.0691142	
1.1965050145508	-53	13	221	1130	222001445 5.2296137	
1.46034971006713	-56	-130.1875	222	1186	222001453 5.237259	
1.12287393673229	-52.5	74	223	1130	222001461 5.2450503	
1.31308755443011	-55.5	34.9375	224	1186	222001463 5.2479203	
1.29467978497548	-55.5	74	225	1186	222001466 5.2502183	
1.2394564766116	-53	-21.9375	226	1130	222001468 5.2526101	
1.38058270909708	-55.5	26	227	1186	222001470 5.254894	
1.22104870715697	-52.5	0	228	1130	222001473 5.2579735	
1.21491278400543	-55.5	91.125	229	1186	222001476 5.2602476	
1.22718463030851	-52.5	-4.0625	230	1130	222001478 5.2622097	
1.24559239976314	-53	8.9375	231	1130	222001481 5.2651037	
1.01242732000452	-55.5	121.25	232	1186	222001485 5.2694253	
1.26400016921777	-55.5	-78.0625	233	1186	222001695 5.4794695	
1.22104870715697	-53	21.9375	234	1130	222001696 5.481447	
1.40512640170325	-55.5	-30.0625	235	1186	222001698 5.4835307	
1.15968947564154	-52.5	30.0625	236	1130	222001699 5.4846907	
1.23332055346006	-53	8.9375	237	1130	222001700 5.4855792	
1.38058270909708	-55.5	-48	238	1186	222001701 5.4863754	
1.34376717018782	-55.5	21.9375	239	1186	222001702 5.4874802	
1.14128170618692	-53	61	240	1130	222001703 5.4882157	
1.14741762933846	-53	56.125	241	1130	222001704 5.4888908	
1.22104870715697	-55.5	100.0625	242	1186	222001704 5.4895198	
1.10446616727766	-55.5	0	243	1186	222001705 5.4902093	
1.06765062836841	-53	100.0625	244	1130	222001706 5.4909113	
1.12287393673229	-55.5	34.9375	245	1186	222001945 5.7294024	
1.20264093770234	-53	17.0625	246	1130	222001949 5.7330484	
1.1965050145508	-55.5	-21.9375	247	1186	222001951 5.7355494	
1.14741762933846	-52.5	61	248	1130	222001953 5.7373975	
1.1106020904292	-55.5	61	249	1186	222001955 5.7393733	
1.26400016921777	-52.5	-26	250	1130	222001957 5.7414001	
1.27013609236931	-55.5	65.0625	251	1186	222001969 5.7530816	
1.20877686085389	-53	0	252	1130	222001972 5.7564392	
1.11673801358075	-52.5	78.0625	253	1130	222001983 5.7677836	
1.38671863224862	-55.5	34.9375	254	1186	222001988 5.772146	
1.25172832291468	-53	-13	255	1130	222002029 5.8138932	
1.09833024412612	-55.5	43.125	256	1186	222002030 5.815488	
1.11673801358075	-52.5	82.1875	257	1130	222002195 5.9793102	
1.08605839782303	-55.5	43.125	258	1186	222002198 5.9824478	
1.20877686085389	-53	8.9375	259	1130	222002200 5.985934	
1.34990309333936	-55.5	0	260	1186	222002206 5.9910614	
1.21491278400543	-53	8.9375	261	1130	222002211 5.9955448	
1.29467978497548	-55.5	34.9375	262	1186	222002213 5.9974236	
1.42967009430942	-55.5	-48	263	1186	222002215 5.9992362	
1.25172832291468	-53	-30.0625	264	1130	222002216 6.0011523	
1.21491278400543	-55.5	100.0625	265	1186	222002218 6.0027768	
1.24559239976314	-52.5	-30.0625	266	1130	222002219 6.0041322	
4.2736704750494	-56	10.9375	267	1186	222002445 6.2294293	
4.34423359129214	-53	14.1875	268	1130	222002448 6.2321457	
1.14128170618692	-55	8.9375	269	1186	222002449 6.2339658	
1.22718463030851	-53	4.0625	270	1130	222002451 6.2354927	
1.12900985988383	-52.5	31.6875	271	1130	222002453 6.2372746	
1.38671863224862	-55.5	-30.0625	272	1186	222002454 6.2386952	
1.12900985988383	-53	48	273	1130	222002456 6.2402057	
1.36217493964245	-55.5	-13	274	1186	222002457 6.2417073	
1.19036909139926	-55.5	-48	275	1186	222002459 6.2433212	
1.2824079386724	-53	-39	276	1130	222002460 6.2446961	
1.21491278400543	-52.5	0	277	1130	222002461 6.2458197	
1.15968947564154	-55.5	-8.9375	278	1186	222002463 6.2470902	
1.36831086279399	-56	-4.0625	279	1186	222002695 6.4800484	
1.18423316824771	-52.5	17.0625	280	1130	222002712 6.497117	
1.34990309333936	-55.5	4.0625	281	1186	222002723 6.5072609	
1.20264093770234	-52.5	-13	282	1130	222002755 6.5399972	
1.25172832291468	-53	-30.0625	283	1130	222002757 6.5421179	
1.33149532388474	-55.5	26	284	1186	222002759 6.5439938	
1.38058270909708	-55.5	-26	285	1186	222002761 6.5452452	
1.22104870715697	-52.5	-13	286	1130	222002762 6.546513	
1.27627201552085	-55.5	48	287	1186	222002763 6.5478746	
1.17809724509617	-52.5	13	288	1130	222002766 6.5503384	
1.32535940073319	-55	13	289	1186	222002767 6.551862	
1.11673801358075	-53	78.0625	290	1130	222002769 6.5535012	
1.14128170618692	-52.5	39	291	1130	222002945 6.7294214	
1.2824079386724	-55.5	56.125	292	1186	222002947 6.7313105	
1.20264093770234	-52.5	8.9375	293	1130	222002948 6.7326376	
1.3989904785517	-55.5	-39	294	1186	222002950 6.7347274	
1.13514578303537	-53	78.0625	295	1130	222002952 6.7364529	
1.06765062836841	-55.5	61	296	1186	222002954 6.7385493	
1.1106020904292	-53	87.0625	297	1130	222002956 6.7406594	
1.22718463030851	-55.5	-43.125	298	1186	222002958 6.7425216	
1.10446616727766	-55.5	17.0625	299	1186	222002961 6.7460588	
1.20264093770234	-52.5	-8.9375	300	1130	222002963 6.7475465	
1.17196132194463	-55.5	-4.0625	301	1186	222002964 6.748954	
1.20877686085389	-53	8.9375	302	1130	222002965 6.7499039	
1.27013609236931	-55.5	61	303	1186	222002966 6.7509501	
1.15968947564154	-53	52.0625	304	1130	222002967 6.7518787	
1.42967009430942	-55.5	-52.0625	305	1186	222003195 6.9799874	
1.11673801358075	-53	82.1875	306	1130	222003197 6.9825672	
1.14128170618692	-53	39	307	1130	222003204 6.9888028	
1.22104870715697	-55.5	91.125	308	1186	222003209 6.9937013	
1.14128170618692	-52.5	30.0625	309	1130	222003211 6.9959991	
1.24559239976314	-55.5	69.125	310	1186	222003213 6.9980014	
1.12287393673229	-53	82.1875	311	1130	222003227 7.0115671	
1.2394564766116	-55.5	78.0625	312	1186	222003240 7.024953	
1.12900985988383	-52.5	39	313	1130	222003250 7.0348666	
1.27013609236931	-55	82.1875	314	1186	222003251 7.0359318	
1.15968947564154	-53	30.0625	315	1130	222003445 7.2292661	
1.1106020904292	-55	34.9375	316	1186	222003449 7.2336395	
1.03697101261069	-55.5	91.125	317	1186	222003459 7.2433703	
1.2394564766116	-52.5	-8.9375	318	1130	222003463 7.2481395	
1.23332055346006	-55.5	69.125	319	1186	222003465 7.2498906	
1.1965050145508	-52.5	8.9375	320	1130	222003467 7.2514502	
1.16582539879309	-52.5	43.125	321	1130	222003468 7.2529566	
1.32535940073319	-55.5	-17.0625	322	1186	222003470 7.2544854	
1.19036909139926	-52.5	8.9375	323	1130	222003472 7.2561529	
1.28854386182394	-56	43.125	324	1186	222003473 7.2577863	
1.27013609236931	-53	-69.125	325	1130	222003474 7.2590446	
1.42967009430942	-55.5	-34.9375	326	1186	222003475 7.259489	
1.1106020904292	-55.5	26	327	1186	222003475 7.2600222	
1.18423316824771	-52.5	34.9375	328	1130	222003476 7.2604474	
1.09219432097458	-55	30.0625	329	1186	222003695 7.4796889	
1.17809724509617	-53	21.9375	330	1130	222003699 7.4837153	
1.15355355249	-53	34.9375	331	1130	222003707 7.4919918	
1.06765062836841	-55	8.9375	332	1186	222003713 7.4974415	
1.13514578303537	-53	48	333	1130	222003714 7.4985486	
1.05537878206532	-55.5	61	334	1186	222003715 7.4994955	
1.34990309333936	-55.5	-13	335	1186	222003715 7.5001996	
1.14741762933846	-53	26	336	1130	222003716 7.5011373	
1.20264093770234	-53	-8.9375	337	1130	222003725 7.5094357	
1.27013609236931	-55.5	48	338	1186	222003728 7.5132666	
1.16582539879309	-53	21.9375	339	1130	222003729 7.5136185	
1.06151470521686	-55.5	82.1875	340	1186	222003738 7.5220938	
1.07992247467149	-55.5	65.0625	341	1186	222003945 7.7293306	
1.14741762933846	-53	61	342	1130	222003950 7.7349112	
1.10446616727766	-53	69.125	343	1130	222003955 7.7392745	
1.42353417115788	-55.5	-69.125	344	1186	222003964 7.7484162	
1.2394564766116	-55.5	82.1875	345	1186	222003967 7.7511406	
1.20264093770234	-53	0	346	1130	222003969 7.7539127	
1.20877686085389	-53	-17.0625	347	1130	222003979 7.7635871	
1.33763124703628	-55.5	-17.0625	348	1186	222003981 7.7654021	
1.13514578303537	-52.5	69.125	349	1130	222003982 7.7671219	
1.22718463030851	-55.5	48	350	1186	222003984 7.7686594	
1.12287393673229	-55.5	30.0625	351	1186	222003990 7.7755916	
1.14128170618692	-53	65.0625	352	1130	222003992 7.7773215	
1.16582539879309	-53	43.125	353	1130	222004205 7.9895157	
1.17196132194463	-55.5	-17.0625	354	1186	222004207 7.9921239	
1.1106020904292	-55.5	21.9375	355	1186	222004209 7.9941371	
1.17196132194463	-52.5	48	356	1130	222004211 7.9961536	
1.15355355249	-55	-26	357	1186	222004213 7.9979498	
1.1965050145508	-53	4.0625	358	1130	222004215 7.9999235	
1.25786424606623	-53	-43.125	359	1130	222004217 8.0016568	
1.38058270909708	-55.5	-17.0625	360	1186	222004219 8.0032921	
1.34990309333936	-55.5	-4.0625	361	1186	222004232 8.0167648	
1.18423316824771	-52.5	13	362	1130	222004247 8.0322298	
1.11673801358075	-55.5	17.0625	363	1186	222004248 8.033353	
1.12287393673229	-53	52.0625	364	1130	222004249 8.0338347	
1.02469916630761	-55.5	134.25	365	1186	222004444 8.2290691	
1.12287393673229	-52.5	61	366	1130	222004448 8.233168	
1.2394564766116	-52.5	-34.9375	367	1130	222004451 8.2360743	
1.37444678594553	-55.5	-4.0625	368	1186	222004458 8.2432118	
1.13514578303537	-53	48	369	1130	222004478 8.2633412	
1.27013609236931	-55.5	43.125	370	1186	222004480 8.265157	
1.1106020904292	-53	65.0625	371	1130	222004482 8.2669045	
1.19036909139926	-55.5	-21.9375	372	1186	222004483 8.2685574	
1.20264093770234	-53	26	373	1130	222004485 8.2700329	
1.15355355249	-55.5	21.9375	374	1186	222004486 8.271326	
1.23332055346006	-53	-4.0625	375	1130	222004695 8.4790756	
1.09833024412612	-55.5	39	376	1186	222004697 8.4819908	
1.25172832291468	-53	-30.0625	377	1130	222004701 8.4853882	
1.17809724509617	-55	-8.9375	378	1186	222004719 8.5034445	
1.04310693576224	-55	91.125	379	1186	222004722 8.5071277	
1.22718463030851	-53	0	380	1130	222004725 8.5104087	
1.19036909139926	-55.5	-26	381	1186	222004730 8.5151651	
1.14128170618692	-52.5	52.0625	382	1130	222004733 8.5179068	
1.25786424606623	-55.5	43.125	383	1186	222004735 8.5203274	
1.14741762933846	-53	48	384	1130	222004737 8.5222984	
1.25172832291468	-55.5	52.0625	385	1186	222004742 8.5265957	
1.22104870715697	-52.5	-8.9375	386	1130	222004746 8.5306441	
1.15968947564154	-53	17.0625	387	1130	222004944 8.7289036	
1.07992247467149	-55.5	34.9375	388	1186	222004945 8.7302965	
1.08605839782303	-55.5	17.0625	389	1186	222004947 8.7311181	
1.18423316824771	-52.5	30.0625	390	1130	222004948 8.7324931	
1.36217493964245	-55.5	-8.9375	391	1186	222004948 8.7332906	
1.20877686085389	-53	-13	392	1130	222004950 8.7341372	
1.32535940073319	-55.5	-13	393	1186	222004955 8.7396321	
1.14741762933846	-52.5	26	394	1130	222004956 8.7403363	
1.16582539879309	-52.5	26	395	1130	222004957 8.7416405	
1.33149532388474	-55.5	0	396	1186	222004958 8.7428978	
1.24559239976314	-55.5	100.0625	397	1186	222004963 8.7472136	
1.14741762933846	-52.5	65.0625	398	1130	222004968 8.7525859	
1.18423316824771	-55.5	4.0625	399	1186	222005194 8.9790593	
1.20264093770234	-52.5	-13	400	1130	222005196 8.9814719	
1.03697101261069	-55.5	52.0625	401	1186	222005200 8.9845502	
1.18423316824771	-53	0	402	1130	222005202 8.9863172	
1.17809724509617	-55.5	-52.0625	403	1186	222005204 8.9884853	
1.23332055346006	-53	0	404	1130	222005206 8.9903104	
1.07992247467149	-55.5	74	405	1186	222005207 8.9922614	
1.17196132194463	-53	26	406	1130	222005209 8.9941344	
1.15968947564154	-53	30.0625	407	1130	222005211 8.9954409	
1.13514578303537	-55.5	8.9375	408	1186	222005212 8.9967045	
1.1106020904292	-55	13	409	1186	222005213 8.9976765	
1.16582539879309	-53	39	410	1130	222005214 8.998615	
1.22718463030851	-53	4.0625	411	1130	222005444 9.2290894	
1.20877686085389	-55.5	-30.0625	412	1186	222005446 9.2317568	
1.15355355249	-53	39	413	1130	222005450 9.2350655	
1.06151470521686	-55	65.0625	414	1186	222005457 9.2424421	
1.18423316824771	-55.5	-17.0625	415	1186	222005462 9.2474915	
1.12287393673229	-52.5	61	416	1130	222005463 9.2485567	
1.17809724509617	-53	52.0625	417	1130	222005467 9.2526964	
1.05537878206532	-55.5	65.0625	418	1186	222005475 9.2598961	
1.26400016921777	-55.5	43.125	419	1186	222005493 9.2786439	
1.1106020904292	-52.5	69.125	420	1130	222005496 9.2810436	
1.12287393673229	-52.5	30.0625	421	1130	222005499 9.2830328	
1.39285455540016	-55.5	-30.0625	422	1186	222005501 9.2849883	
1.12900985988383	-53	48	423	1130	222005695 9.4792847	
1.09219432097458	-55.5	21.9375	424	1186	222005699 9.4846261	
1.22718463030851	-52.5	-4.0625	425	1130	222005707 9.4924513	
1.16582539879309	-55.5	-30.0625	426	1186	222005713 9.4982289	
1.2394564766116	-53	-30.0625	427	1130	222005731 9.5160684	
1.17196132194463	-55.5	113.0625	428	1186	222005741 9.5265795	
1.16582539879309	-52.5	13	429	1130	222005747 9.5317226	
1.39285455540016	-55.5	-21.9375	430	1186	222005751 9.5364695	
1.12900985988383	-55.5	-21.9375	431	1186	222005756 9.541328	
1.15355355249	-53.5	56.125	432	1130	222005761 9.5464844	
1.15968947564154	-53	43.125	433	1130	222005765 9.5501735	
1.1106020904292	-55.5	21.9375	434	1186	222005771 9.5560237	
1.17196132194463	-53	30.0625	435	1130	222005944 9.7291579	
1.25172832291468	-55.5	61	436	1186	222005950 9.7350617	
1.21491278400543	-53	13	437	1130	222005960 9.7453129	
1.32535940073319	-55.5	-17.0625	438	1186	222005977 9.7622727	
1.33763124703628	-55	4.0625	439	1186	222005991 9.7761221	
1.15968947564154	-52.5	43.125	440	1130	222006005 9.7901797	
1.41126232485479	-56	-56.125	441	1186	222006008 9.7927293	
1.20877686085389	-53	-8.9375	442	1130	222006009 9.7934848	
1.19036909139926	-53	30.0625	443	1130	222006018 9.8033714	
1.37444678594553	-55.5	-30.0625	444	1186	222006020 9.8051063	
1.17196132194463	-53	4.0625	445	1130	222006032 9.8171516	
1.30081570812702	-55.5	13	446	1186	222006037 9.8216579	
1.09219432097458	-55.5	34.9375	447	1186	222006194 9.9789655	
1.17809724509617	-53	52.0625	448	1130	222006196 9.9812179	
1.26400016921777	-53	-39	449	1130	222006198 9.9831111	
1.33149532388474	-55.5	-4.0625	450	1186	222006200 9.9849621	
1.1106020904292	-52.5	65.0625	451	1130	222006202 9.9868923	
1.23332055346006	-55	87.0625	452	1186	222006204 9.9886412	
1.33149532388474	-55.5	30.0625	453	1186	222006206 9.9905075	
1.1106020904292	-53	65.0625	454	1130	222006208 9.9925519	
1.2394564766116	-53	-39	455	1130	222006209 9.9946152	
1.2824079386724	-55.5	39	456	1186	222006212 9.9963588	
1.28854386182394	-55.5	30.0625	457	1186	222006213 9.9977926	
1.16582539879309	-52.5	13	458	1130	222006214 9.9991309	
1.33763124703628	-55.5	4.0625	459	1186	222006444 10.2286959	
1.1965050145508	-53	4.0625	460	1130	222006449 10.2332025	
1.46648563321867	-55.5	-39	461	1186	222006454 10.2380879	
1.11673801358075	-53	48	462	1130	222006459 10.2434191	
1.15355355249	-53	39	463	1130	222006461 10.245865	
1.37444678594553	-55.5	-13	464	1186	222006464 10.2482089	
1.29467978497548	-55.5	48	465	1186	222006465 10.2490695	
1.17809724509617	-53	0	466	1130	222006467 10.2516515	
1.10446616727766	-55.5	43.125	467	1186	222006468 10.2525264	
1.13514578303537	-53	69.125	468	1130	222006473 10.2573366	
1.13514578303537	-53	56.125	469	1130	222006491 10.2751652	
1.03697101261069	-55	104.125	470	1186	222006493 10.2772678	
1.19036909139926	-55	-39	471	1186	222006694 10.4787389	
1.15968947564154	-52.5	52.0625	472	1130	222006698 10.4825146	
1.22718463030851	-53	13	473	1130	222006708 10.4923474	
1.05537878206532	-55.5	65.0625	474	1186	222006710 10.4942302	
1.05537878206532	-55.5	87.0625	475	1186	222006712 10.496214	
1.18423316824771	-53.5	8.9375	476	1130	222006716 10.5000019	
1.10446616727766	-53	65.0625	477	1130	222006718 10.502799	
1.21491278400543	-55.5	-8.9375	478	1186	222006722 10.5068804	
1.35603901649091	-55.5	48	479	1186	222006725 10.5090589	
1.25172832291468	-53	-26	480	1130	222006727 10.5110924	
1.11673801358075	-52.5	56.125	481	1130	222006729 10.5131673	
1.30695163127857	-55.5	56.125	482	1186	222006732 10.5161105	
1.20877686085389	-53	8.9375	483	1130	222006944 10.7288281	
1.30695163127857	-56	39	484	1186	222006947 10.731529	
1.31922347758165	-55.5	13	485	1186	222006951 10.7359609	
1.24559239976314	-53	-8.9375	486	1130	222006953 10.7382776	
0.969475857943725	-55.5	130.1875	487	1186	222006956 10.7407177	
1.13514578303537	-53	65.0625	488	1130	222006959 10.7437507	
1.22718463030851	-53	-17.0625	489	1130	222006962 10.7466339	
1.20877686085389	-55	-34.9375	490	1186	222006964 10.748766	
1.37444678594553	-55.5	-26	491	1186	222006967 10.751666	
1.16582539879309	-52.5	30.0625	492	1130	222006970 10.7548397	
1.41739824800633	-55.5	-52.0625	493	1186	222006975 10.7597838	
1.15355355249	-53	17.0625	494	1130	222006977 10.7621327	
1.16582539879309	-52.5	61	495	1130	222007194 10.9789787	
1.1106020904292	-55.5	61	496	1186	222007199 10.9841812	
1.26400016921777	-53	-17.0625	497	1130	222007202 10.9868855	
1.03697101261069	-55	117.125	498	1186	222007204 10.9893064	
1.22104870715697	-53	-26	499	1130	222007206 10.9917951	
1.38671863224862	-55.5	-8.9375	500	1186	222007209 10.9938825	
1.13514578303537	-52.5	30.0625	501	1130	222007210 10.9956693	
1.38058270909708	-55.5	-21.9375	502	1186	222007211 10.9963879	
1.36217493964245	-55.5	8.9375	503	1186	222007212 10.9970431	
1.16582539879309	-52.5	17.0625	504	1130	222007212 10.9978006	
1.12900985988383	-53	34.9375	505	1130	222007214 10.9990018	
1.3989904785517	-55.5	-43.125	506	1186	222007215 10.9999712	
1.15355355249	-53	34.9375	507	1130	222007443 11.2287588	
1.20264093770234	-55.5	-104.125	508	1186	222007457 11.2423575	
1.1106020904292	-53	82.1875	509	1130	222007461 11.2462262	
1.14128170618692	-55.5	-26	510	1186	222007471 11.2557374	
1.2824079386724	-55.5	78.0625	511	1186	222007475 11.260091	
1.22104870715697	-52.5	8.9375	512	1130	222007480 11.2647793	
4.38104913020139	-53.5	0.1875	513	1130	222007482 11.2672242	
4.50376759323224	-56	0.1875	514	1186	222007484 11.2696606	
1.09833024412612	-53	104.125	515	1130	222007487 11.2718193	
1.1106020904292	-55	-4.0625	516	1186	222007489 11.2739623	
1.04310693576224	-55.5	100.0625	517	1186	222007497 11.2821621	
1.21491278400543	-52.5	26	518	1130	222007499 11.2840329	
1.1106020904292	-53	65.0625	519	1130	222007693 11.4786833	
1.32535940073319	-55.5	-52.0625	520	1186	222007695 11.4804378	
1.36831086279399	-55.5	0	521	1186	222007697 11.4821489	
1.14741762933846	-53	65.0625	522	1130	222007698 11.4836369	
1.13514578303537	-53	52.0625	523	1130	222007700 11.4851718	
1.27013609236931	-55	74	524	1186	222007702 11.486966	
1.22104870715697	-52	-13	525	1130	222007704 11.4884927	
1.27013609236931	-55.5	48	526	1186	222007705 11.4901067	
1.1106020904292	-53	74	527	1130	222007707 11.4913446	
1.36831086279399	-55.5	-43.125	528	1186	222007708 11.492897	
1.1965050145508	-53	13	529	1130	222007709 11.4942675	
1.2394564766116	-56	61	530	1186	222007710 11.4947891	
1.4419419406125	-55.5	-69.125	531	1186	222007943 11.7286757	
1.27013609236931	-53	-39	532	1130	222007955 11.74069	
1.38671863224862	-55.5	-26	533	1186	222007959 11.7442701	
1.20877686085389	-53	8.9375	534	1130	222007961 11.7462339	
1.31922347758165	-55.5	26	535	1186	222007970 11.7548374	
1.22718463030851	-52.5	-8.9375	536	1130	222007974 11.7595269	
1.31922347758165	-55.5	13	537	1186	222007975 11.7606416	
1.17196132194463	-52.5	61	538	1130	222007976 11.7616012	
1.07378655151995	-55.5	48	539	1186	222007978 11.7636448	
1.24559239976314	-53	-17.0625	540	1130	222007983 11.7683422	
1.14741762933846	-53	43.125	541	1130	222007985 11.7699039	
1.39285455540016	-55.5	0	542	1186	222007986 11.7715815	
1.15968947564154	-53	43.125	543	1130	222008194 11.9785856	
1.41739824800633	-55.5	-21.9375	544	1186	222008205 11.9904401	
1.19036909139926	-53.5	1.1875	545	1130	222008211 11.9961512	
1.34376717018782	-56	0.875	546	1186	222008214 11.9991141	
1.19036909139926	-55	-39	547	1186	222008218 12.0028125	
1.12900985988383	-52.5	52.0625	548	1130	222008222 12.0071422	
1.15355355249	-52.5	43.125	549	1130	222008225 12.0106855	
1.01242732000452	-55.5	91.125	550	1186	222008228 12.0130573	
1.09833024412612	-52.5	82.1875	551	1130	222008241 12.02624	
1.07378655151995	-55.5	48	552	1186	222008243 12.0285607	
1.23332055346006	-55.5	-65.0625	553	1186	222008247 12.0321017	
1.1106020904292	-52.5	52.0625	554	1130	222008251 12.0359224	
1.37444678594553	-55.5	-17.0625	555	1186	222008444 12.2285706	
1.14741762933846	-52.5	39	556	1130	222008462 12.2465381	
1.07378655151995	-52.5	91.125	557	1130	222008464 12.2489003	
1.15968947564154	-55.5	143.1875	558	1186	222008466 12.2505831	
1.39285455540016	-56	-26	559	1186	222008468 12.2523212	
1.17809724509617	-53	8.9375	560	1130	222008470 12.2542073	
1.29467978497548	-56	30.0625	561	1186	222008472 12.256331	
1.14741762933846	-53	43.125	562	1130	222008475 12.2591822	
1.12287393673229	-53	39	563	1130	222008476 12.2608798	
1.22718463030851	-55.5	-74	564	1186	222008478 12.2623594	
1.19036909139926	-52.5	30.0625	565	1130	222008479 12.2636816	
1.14741762933846	-55	39	566	1186	222008481 12.2652904	
1.40512640170325	-55.5	-52.0625	567	1186	222008693 12.4784656	
1.19036909139926	-53	4.0625	568	1130	222008696 12.4803482	
1.13514578303537	-53	61	569	1130	222008697 12.4813212	
1.23332055346006	-55.5	104.125	570	1186	222008698 12.4825566	
1.1106020904292	-55	30.0625	571	1186	222008707 12.4914249	
1.24559239976314	-53	-8.9375	572	1130	222008708 12.4922302	
1.14128170618692	-55.5	26	573	1186	222008710 12.4946937	
1.25786424606623	-53	-30.0625	574	1130	222008711 12.4954998	
1.21491278400543	-53	-30.0625	575	1130	222008719 12.504167	
1.31308755443011	-55.5	-8.9375	576	1186	222008726 12.5113084	
1.27627201552085	-55.5	48	577	1186	222008739 12.5246586	
1.20877686085389	-53	8.9375	578	1130	222008742 12.5270267	
1.16582539879309	-55.5	4.0625	579	1186	222008944 12.7289533	
1.19036909139926	-53	8.9375	580	1130	222008946 12.7307419	
1.14741762933846	-53	34.9375	581	1130	222008947 12.7320051	
1.09219432097458	-55.5	21.9375	582	1186	222008949 12.7337586	
1.22104870715697	-53	13	583	1130	222008950 12.7349389	
1.03697101261069	-55.5	69.125	584	1186	222008952 12.7363394	
1.17809724509617	-55.5	-21.9375	585	1186	222008953 12.7372076	
1.19036909139926	-53	13	586	1130	222008953 12.7381463	
1.15355355249	-52.5	65.0625	587	1130	222008954 12.7396425	
1.03083508945915	-55	82.1875	588	1186	222008956 12.7407458	
1.04924285891378	-55.5	78.0625	589	1186	222008957 12.7416556	
1.16582539879309	-53	26	590	1130	222008958 12.7435137	
1.17196132194463	-52.5	30.0625	591	1130	222009194 12.9787831	
1.30695163127857	-55.5	30.0625	592	1186	222009197 12.9817085	
1.13514578303537	-53	48	593	1130	222009199 12.9840607	
1.27013609236931	-55.5	65.0625	594	1186	222009202 12.9862889	
1.2394564766116	-52.5	-30.0625	595	1130	222009203 12.9879643	
1.23332055346006	-55.5	95.1875	596	1186	222009205 12.9896577	
1.18423316824771	-52.5	17.0625	597	1130	222009206 12.9913704	
1.33149532388474	-55.5	0	598	1186	222009208 12.9929896	
1.20877686085389	-52.5	8.9375	599	1130	222009209 12.9942127	
1.12287393673229	-55.5	4.0625	600	1186	222009210 12.995673	
1.05537878206532	-55.5	56.125	601	1186	222009212 12.9971854	
1.25172832291468	-53	-30.0625	602	1130	222009213 12.9986276	
1.23332055346006	-56	-43.125	603	1186	222009454 13.2385437	
1.23332055346006	-53	4.0625	604	1130	222009470 13.2543861	
1.24559239976314	-53	4.0625	605	1130	222009471 13.2556582	
1.23332055346006	-55.5	-78.0625	606	1186	222009472 13.2567317	
1.16582539879309	-53	39	607	1130	222009476 13.2604813	
1.07378655151995	-55.5	17.0625	608	1186	222009495 13.2798083	
1.07378655151995	-55.5	108.1875	609	1186	222009498 13.2827006	
1.15355355249	-52.5	43.125	610	1130	222009500 13.2845395	
1.13514578303537	-52.5	61	611	1130	222009502 13.2868478	
1.43580601746096	-56	-26	612	1186	222009505 13.2894821	
4.48535982377761	-56	12.1875	613	1186	222009507 13.2918479	
4.36264136074676	-53	1.1875	614	1130	222009509 13.2937522	
1.14128170618692	-53	74	615	1130	222009694 13.4785572	
1.42353417115788	-55.5	-65.0625	616	1186	222009698 13.4833874	
1.35603901649091	-55.5	4.0625	617	1186	222009707 13.4919182	
1.18423316824771	-53	8.9375	618	1130	222009711 13.495987	
1.21491278400543	-55	-74	619	1186	222009714 13.4987279	
1.20877686085389	-53	0	620	1130	222009715 13.5004049	
1.15968947564154	-53	39	621	1130	222009716 13.5014686	
1.17196132194463	-55.5	-17.0625	622	1186	222009718 13.5032252	
1.36217493964245	-55.5	-8.9375	623	1186	222009720 13.5048299	
1.11673801358075	-52.5	65.0625	624	1130	222009724 13.5088156	
1.30695163127857	-55.5	26	625	1186	222009737 13.5218788	
1.04924285891378	-52.5	95.1875	626	1130	222009740 13.5250759	
1.17196132194463	-53	26	627	1130	222009944 13.728287	
1.2394564766116	-56	74	628	1186	222009946 13.730378	
1.22718463030851	-53	8.9375	629	1130	222009948 13.7322364	
1.23332055346006	-55.5	95.1875	630	1186	222009950 13.7342775	
1.11673801358075	-55.5	26	631	1186	222009952 13.736805	
1.21491278400543	-52.5	-21.9375	632	1130	222009957 13.7415414	
1.1106020904292	-55.5	26	633	1186	222009959 13.743823	
1.15355355249	-53	43.125	634	1130	222009961 13.7458141	
1.14128170618692	-52.5	39	635	1130	222009963 13.7481861	
1.36217493964245	-55.5	-65.0625	636	1186	222009969 13.7539218	
1.12900985988383	-53	48	637	1130	222009973 13.757274	
1.25786424606623	-56	39	638	1186	222009975 13.759427	
1.30081570812702	-55.5	30.0625	639	1186	222010193 13.9783652	
1.13514578303537	-53	34.9375	640	1130	222010220 14.0045159	
1.19036909139926	-53	30.0625	641	1130	222010222 14.0072142	
1.24559239976314	-55.5	100.0625	642	1186	222010224 14.0087484	
1.16582539879309	-53	39	643	1130	222010225 14.0103738	
1.03083508945915	-55.5	113.0625	644	1186	222010227 14.0117409	
1.14128170618692	-55.5	-8.9375	645	1186	222010228 14.0127778	
1.17809724509617	-53	43.125	646	1130	222010229 14.0137439	
1.15355355249	-52.5	34.9375	647	1130	222010230 14.0145278	
1.1965050145508	-55.5	-17.0625	648	1186	222010230 14.0149384	
1.22718463030851	-53	-4.0625	649	1130	222010231 14.016053	
1.1965050145508	-55.5	-30.0625	650	1186	222010232 14.0172575	
1.14128170618692	-53	39	651	1130	222010444 14.2283176	
1.12900985988383	-55	-13	652	1186	222010444 14.2292035	
1.19036909139926	-53	17.0625	653	1130	222010451 14.2351971	
1.25786424606623	-56	-69.125	654	1186	222010456 14.2406717	
1.30695163127857	-55.5	56.125	655	1186	222010459 14.2432829	
1.18423316824771	-53	48	656	1130	222010459 14.2440554	
1.33763124703628	-55.5	17.0625	657	1186	222010460 14.2446283	
1.22718463030851	-53	-17.0625	658	1130	222010460 14.2451036	
1.28854386182394	-53	-69.125	659	1130	222010461 14.2461423	
1.08605839782303	-55.5	39	660	1186	222010462 14.2469462	
1.20877686085389	-53	-30.0625	661	1130	222010462 14.2473621	
1.17809724509617	-55.5	-8.9375	662	1186	222010463 14.2477529	
1.15968947564154	-53	56.125	663	1130	222010694 14.4782185	
1.42353417115788	-56	-52.0625	664	1186	222010695 14.4806162	
1.11673801358075	-53	65.0625	665	1130	222010699 14.4847791	
1.34990309333936	-55.5	17.0625	666	1186	222010707 14.4922582	
1.09219432097458	-53	87.0625	667	1130	222010723 14.5084355	
1.41739824800633	-55.5	-56.125	668	1186	222010727 14.5120318	
1.39285455540016	-55.5	-21.9375	669	1186	222010732 14.5165496	
1.25786424606623	-52.5	-43.125	670	1130	222010734 14.5194392	
1.13514578303537	-55.5	56.125	671	1186	222010738 14.522581	
1.24559239976314	-53	-13	672	1130	222010741 14.5261678	
1.13514578303537	-53	65.0625	673	1130	222010746 14.5308695	
1.17196132194463	-55	13	674	1186	222010750 14.5349612	
1.24559239976314	-53	-17.0625	675	1130	222010944 14.7283509	
1.38058270909708	-55.5	-4.0625	676	1186	222010946 14.7304112	
1.37444678594553	-56	-26	677	1186	222010948 14.7323738	
1.16582539879309	-52.5	43.125	678	1130	222010950 14.7345564	
1.14128170618692	-53	65.0625	679	1130	222010953 14.7375559	
1.01856324315607	-55.5	100.0625	680	1186	222010955 14.7394241	
1.25172832291468	-53	-26	681	1130	222010956 14.7407561	
1.05537878206532	-55.5	91.125	682	1186	222010958 14.7424697	
1.12900985988383	-55.5	26	683	1186	222010959 14.7440963	
1.24559239976314	-53	-13	684	1130	222010961 14.7456497	
1.16582539879309	-53	39	685	1130	222010963 14.7473528	
1.03697101261069	-55	78.0625	686	1186	222010964 14.7490406	
1.23332055346006	-55.5	100.0625	687	1186	222010966 14.7507405	
1.10446616727766	-53	56.125	688	1130	222010968 14.7523645	
1.38058270909708	-56	-26	689	1186	222011194 14.9783675	
1.25786424606623	-52.5	-13	690	1130	222011198 14.9828318	
1.30081570812702	-55.5	39	691	1186	222011200 14.9853697	
1.15968947564154	-53	34.9375	692	1130	222011203 14.9880471	
1.38058270909708	-55.5	-52.0625	693	1186	222011211 14.9963285	
1.20877686085389	-53	0	694	1130	222011213 14.9980144	
1.17809724509617	-53	43.125	695	1130	222011218 15.0030905	
1.07992247467149	-55.5	26	696	1186	222011242 15.0269774	
1.12287393673229	-53	56.125	697	1130	222011244 15.0284414	
1.02469916630761	-55.5	91.125	698	1186	222011245 15.0298562	
1.2394564766116	-56	74	699	1186	222011247 15.0314193	
1.22104870715697	-53	4.0625	700	1130	222011248 15.0331344	
1.23332055346006	-52.5	-21.9375	701	1130	222011444 15.2286194	
1.38671863224862	-56	-17.0625	702	1186	222011450 15.2349154	
1.12900985988383	-55.5	39	703	1186	222011457 15.2417865	
1.16582539879309	-53	30.0625	704	1130	222011464 15.2481766	
1.15968947564154	-53	52.0625	705	1130	222011465 15.2490424	
1.09833024412612	-55.5	61	706	1186	222011466 15.2505766	
1.38058270909708	-56	-43.125	707	1186	222011467 15.2515224	
1.07378655151995	-52.5	117.125	708	1130	222011469 15.2536316	
1.34376717018782	-55.5	21.9375	709	1186	222011470 15.2548496	
1.10446616727766	-53	69.125	710	1130	222011471 15.2554967	
1.14741762933846	-53	43.125	711	1130	222011693 15.4783248	
1.12900985988383	-55.5	30.0625	712	1186	222011700 15.4849064	
1.20264093770234	-55.5	-56.125	713	1186	222011704 15.4896099	
1.22104870715697	-52.5	-4.0625	714	1130	222011710 15.4946387	
1.15355355249	-53	43.125	715	1130	222011712 15.497782	
1.36831086279399	-55.5	-4.0625	716	1186	222011715 15.4990358	
1.3989904785517	-55.5	-34.9375	717	1186	222011716 15.5005007	
1.20264093770234	-53	39	718	1130	222011717 15.5012909	
1.3989904785517	-56	-104.125	719	1186	222011720 15.5056447	
1.15355355249	-52.5	34.9375	720	1130	222011725 15.5094924	
1.2394564766116	-53	-8.9375	721	1130	222011726 15.510313	
1.30695163127857	-55.5	30.0625	722	1186	222011727 15.5116247	
1.2394564766116	-55.5	-52.0625	723	1186	222011943 15.7279043	
1.15355355249	-53	56.125	724	1130	222011945 15.7290142	
1.12900985988383	-55.5	21.9375	725	1186	222011945 15.7301747	
1.1965050145508	-53	43.125	726	1130	222011946 15.7313374	
1.27013609236931	-52.5	-52.0625	727	1130	222011947 15.7326471	
1.2394564766116	-56	87.0625	728	1186	222011948 15.7333256	
1.39285455540016	-55.5	-30.0625	729	1186	222011949 15.7341801	
1.24559239976314	-52.5	4.0625	730	1130	222011949 15.7347814	
1.12900985988383	-52.5	65.0625	731	1130	222011950 15.7353342	
1.1965050145508	-55.5	-39	732	1186	222011951 15.7358913	
1.20264093770234	-53	17.0625	733	1130	222011951 15.7364423	
1.13514578303537	-55.5	13	734	1186	222011952 15.7370976	
1.24559239976314	-55.5	56.125	735	1186	222012193 15.9780413	
1.09219432097458	-52.5	100.0625	736	1130	222012195 15.9799693	
1.12900985988383	-52.5	74	737	1130	222012196 15.9808777	
1.27013609236931	-55.5	61	738	1186	222012197 15.9818494	
1.15355355249	-53	48	739	1130	222012198 15.9828033	
1.42967009430942	-55.5	-39	740	1186	222012198 15.9839762	
1.12287393673229	-52.5	52.0625	741	1130	222012200 15.9848354	
1.43580601746096	-55.5	-61	742	1186	222012201 15.985522	
1.15968947564154	-53	34.9375	743	1130	222012202 15.9863315	
1.42967009430942	-55.5	-61	744	1186	222012202 15.9869358	
1.33763124703628	-56	0	745	1186	222012203 15.9878288	
1.15968947564154	-52.5	69.125	746	1130	222012204 15.9887348	
1.23332055346006	-53	0	747	1130	222012443 16.2280026	
1.26400016921777	-55.5	82.1875	748	1186	222012445 16.2297643	
1.3989904785517	-55.5	-30.0625	749	1186	222012446 16.2315394	
1.22104870715697	-53	4.0625	750	1130	222012449 16.2330127	
1.36217493964245	-56	-21.9375	751	1186	222012450 16.2345919	
1.18423316824771	-53	13	752	1130	222012452 16.2365756	
1.16582539879309	-53	17.0625	753	1130	222012454 16.238552	
1.4419419406125	-55.5	-43.125	754	1186	222012456 16.2406203	
1.37444678594553	-55.5	-13	755	1186	222012459 16.2430016	
1.17809724509617	-52.5	30.0625	756	1130	222012462 16.2462894	
1.26400016921777	-52.5	-65.0625	757	1130	222012463 16.2478576	
1.45421378691559	-55.5	-82.1875	758	1186	222012465 16.2494648	
1.20877686085389	-52.5	4.0625	759	1130	222012694 16.4780725	
1.11673801358075	-55	26	760	1186	222012695 16.4806054	
1.09833024412612	-55	48	761	1186	222012698 16.4826855	
1.30695163127857	-53	-78.0625	762	1130	222012700 16.4844697	
1.22718463030851	-53	-21.9375	763	1130	222012702 16.4863548	
1.20877686085389	-55.5	87.0625	764	1186	222012704 16.4883662	
1.12900985988383	-53	48	765	1130	222012705 16.4894678	
1.27013609236931	-55.5	30.0625	766	1186	222012706 16.4903958	
1.35603901649091	-55.5	4.0625	767	1186	222012707 16.4918771	
1.15968947564154	-52.5	26	768	1130	222012708 16.4936584	
1.30081570812702	-56	65.0625	769	1186	222012710 16.4953853	
1.15968947564154	-52.5	39	770	1130	222012712 16.4964481	
1.41126232485479	-55.5	-56.125	771	1186	222012713 16.4972837	
1.13514578303537	-52.5	48	772	1130	222012714 16.498128	
1.15968947564154	-53	48	773	1130	222012943 16.7283721	
1.2394564766116	-55.5	95.1875	774	1186	222012949 16.7337329	
1.19036909139926	-53	8.9375	775	1130	222012962 16.746739	
1.27627201552085	-56	48	776	1186	222012964 16.7486864	
1.36831086279399	-55.5	-17.0625	777	1186	222012966 16.7504939	
1.18423316824771	-52.5	0	778	1130	222012969 16.7536103	
1.34990309333936	-56	17.0625	779	1186	222012972 16.7571603	
1.16582539879309	-53	17.0625	780	1130	222012976 16.7604325	
1.31308755443011	-55.5	30.0625	781	1186	222012979 16.7636259	
1.17196132194463	-52.5	26	782	1130	222012986 16.7709174	
1.04310693576224	-55.5	87.0625	783	1186	222013016 16.8004415	
1.15355355249	-53	61	784	1130	222013018 16.8023516	
1.1106020904292	-55	69.125	785	1186	222013194 16.9780479	
1.25172832291468	-53	-13	786	1130	222013195 16.9795356	
1.17196132194463	-53	30.0625	787	1130	222013197 16.9811394	
1.20264093770234	-55.5	-21.9375	788	1186	222013199 16.9838956	
1.1965050145508	-53	30.0625	789	1130	222013203 16.9871001	
1.2394564766116	-55.5	-30.0625	790	1186	222013204 16.9880893	
1.33763124703628	-55.5	-17.0625	791	1186	222013208 16.992031	
1.2394564766116	-52.5	-34.9375	792	1130	222013209 16.9931716	
1.4419419406125	-56	-61	793	1186	222013209 16.9938556	
1.17809724509617	-53	21.9375	794	1130	222013210 16.9949201	
1.16582539879309	-53	34.9375	795	1130	222013211 16.9960222	
1.30081570812702	-55.5	69.125	796	1186	222013211 16.9966514	
1.13514578303537	-52.5	61	797	1130	222013454 17.2379188	
1.23332055346006	-55.5	100.0625	798	1186	222013455 17.2394591	
1.14128170618692	-53	65.0625	799	1130	222013458 17.2421011	
1.32535940073319	-55.5	-4.0625	800	1186	222013516 17.3013596	
1.34376717018782	-55.5	0	801	1186	222013521 17.3058052	
1.23332055346006	-53	-17.0625	802	1130	222013525 17.3101461	
1.14128170618692	-53	56.125	803	1130	222013528 17.3130136	
1.12900985988383	-55	26	804	1186	222013532 17.3168894	
1.13514578303537	-52.5	74	805	1130	222013535 17.3204609	
1.14128170618692	-56	0	806	1186	222013538 17.3233734	
1.27627201552085	-55.5	34.9375	807	1186	222013540 17.3248869	
1.11673801358075	-53	56.125	808	1130	222013551 17.3361955	
1.30695163127857	-55.5	61	809	1186	222013554 17.3392876	
1.07992247467149	-53	95.1875	810	1130	222013557 17.3418585	
1.27013609236931	-56	17.0625	811	1186	222013693 17.4778622	
1.19036909139926	-53	17.0625	812	1130	222013697 17.4813445	
1.17196132194463	-53	30.0625	813	1130	222013702 17.4867808	
1.31922347758165	-55.5	117.125	814	1186	222013710 17.4947916	
1.09833024412612	-55	48	815	1186	222013738 17.5221638	
1.22718463030851	-52.5	-4.0625	816	1130	222013741 17.5253741	
1.41739824800633	-56	-74	817	1186	222013743 17.5269874	
1.18423316824771	-53	-8.9375	818	1130	222013744 17.5284394	
1.06151470521686	-55.5	48	819	1186	222013746 17.5301414	
1.12900985988383	-53	69.125	820	1130	222013747 17.5315356	
1.22104870715697	-53	0	821	1130	222013943 17.727811	
1.07378655151995	-55.5	74	822	1186	222013958 17.7425847	
1.27013609236931	-52.5	-17.0625	823	1130	222013962 17.7469267	
1.00015547370144	-55.5	121.25	824	1186	222013966 17.7502848	
1.06765062836841	-55.5	69.125	825	1186	222013967 17.7522002	
1.21491278400543	-53	8.9375	826	1130	222013969 17.7537479	
1.39285455540016	-55.5	-39	827	1186	222013970 17.755154	
1.20877686085389	-52.5	13	828	1130	222013972 17.756973	
1.44807786376405	-55.5	-69.125	829	1186	222013977 17.7621004	
1.24559239976314	-53	-43.125	830	1130	222013981 17.7661364	
1.17809724509617	-53	17.0625	831	1130	222014193 17.9777735	
1.37444678594553	-55.5	-30.0625	832	1186	222014195 17.9803524	
1.34376717018782	-55.5	8.9375	833	1186	222014197 17.9823221	
1.14128170618692	-53	21.9375	834	1130	222014199 17.9838065	
1.17809724509617	-55.5	-34.9375	835	1186	222014202 17.9867537	
1.21491278400543	-53	17.0625	836	1130	222014203 17.9881227	
1.14128170618692	-53	74	837	1130	222014205 17.9894275	
1.07992247467149	-55.5	65.0625	838	1186	222014206 17.9905471	
1.16582539879309	-53	17.0625	839	1130	222014207 17.9920636	
1.26400016921777	-56	43.125	840	1186	222014217 18.0018384	
1.29467978497548	-55.5	34.9375	841	1186	222014228 18.0134526	
1.14741762933846	-52.5	21.9375	842	1130	222014232 18.0170846	
1.09219432097458	-55.5	61	843	1186	222014443 18.2278543	
1.21491278400543	-53	-8.9375	844	1130	222014452 18.2369695	
1.14741762933846	-53	61	845	1130	222014487 18.2726808	
1.17809724509617	-55.5	-30.0625	846	1186	222014489 18.2743588	
1.18423316824771	-53	8.9375	847	1130	222014491 18.2764974	
1.05537878206532	-55.5	43.125	848	1186	222014492 18.2774492	
1.15355355249	-55	-4.0625	849	1186	222014493 18.2787579	
1.20877686085389	-52.5	0	850	1130	222014495 18.2798934	
1.22718463030851	-53	-17.0625	851	1130	222014496 18.2808905	
1.24559239976314	-55.5	87.0625	852	1186	222014497 18.2818304	
1.20264093770234	-53	13	853	1130	222014497 18.2828032	
1.27013609236931	-56	48	854	1186	222014498 18.2836818	
1.20264093770234	-52.5	-13	855	1130	222014499 18.2842657	
1.32535940073319	-56	-4.0625	856	1186	222014499 18.284619	
1.2394564766116	-53	-34.9375	857	1130	222014703 18.4876789	
1.28854386182394	-55.5	65.0625	858	1186	222014707 18.4919198	
1.17809724509617	-53	30.0625	859	1130	222014715 18.5003052	
1.19036909139926	-55	-34.9375	860	1186	222014722 18.5069359	
1.17196132194463	-53	26	861	1130	222014726 18.5099374	
1.1965050145508	-55.5	-34.9375	862	1186	222014727 18.5115405	
1.17809724509617	-55.5	-43.125	863	1186	222014728 18.5130802	
1.15968947564154	-52.5	43.125	864	1130	222014730 18.5144624	
1.19036909139926	-55.5	-8.9375	865	1186	222014741 18.5252939	
1.2824079386724	-52.5	-30.0625	866	1130	222014747 18.5315987	
1.19036909139926	-53	4.0625	867	1130	222014762 18.5463184	
1.31922347758165	-55.5	39	868	1186	222014776 18.5609058	
1.25786424606623	-55.5	91.125	869	1186	222014943 18.7276353	
1.22104870715697	-53	-13	870	1130	222014950 18.7346025	
1.2394564766116	-55.5	95.1875	871	1186	222014957 18.7415628	
1.14741762933846	-53	48	872	1130	222014967 18.7518439	
1.19036909139926	-56	69.125	873	1186	222014980 18.7650319	
1.2394564766116	-52.5	8.9375	874	1130	222014984 18.7682025	
1.28854386182394	-55.5	43.125	875	1186	222014988 18.7726329	
1.1106020904292	-53	48	876	1130	222014991 18.7758329	
1.16582539879309	-52.5	0	877	1130	222014997 18.7817445	
1.28854386182394	-55.5	48	878	1186	222015003 18.7877865	
1.15968947564154	-55.5	-17.0625	879	1186	222015193 18.9777799	
1.18423316824771	-53	21.9375	880	1130	222015195 18.9802872	
1.22718463030851	-55.5	-39	881	1186	222015197 18.9823781	
1.14741762933846	-52.5	48	882	1130	222015200 18.9852669	
1.23332055346006	-53	-17.0625	883	1130	222015202 18.987243	
1.09219432097458	-55	26	884	1186	222015204 18.9891136	
1.20877686085389	-53	-4.0625	885	1130	222015206 18.9908231	
1.16582539879309	-55	-17.0625	886	1186	222015207 18.9922055	
1.28854386182394	-52.5	-52.0625	887	1130	222015209 18.9939154	
1.21491278400543	-55.5	100.0625	888	1186	222015210 18.9953343	
1.2394564766116	-55.5	108.1875	889	1186	222015212 18.9967098	
1.15968947564154	-52.5	52.0625	890	1130	222015213 18.9979108	
1.2394564766116	-53	-17.0625	891	1130	222015214 18.9990808	
1.03697101261069	-55.5	69.125	892	1186	222015215 19.000348	
1.10446616727766	-55.5	56.125	893	1186	222015443 19.2275785	
1.20264093770234	-53	0	894	1130	222015447 19.2319136	
1.07378655151995	-55.5	48	895	1186	222015453 19.2370618	
1.13514578303537	-52.5	69.125	896	1130	222015455 19.2396246	
1.31922347758165	-53	-61	897	1130	222015458 19.2423926	
1.14128170618692	-55.5	43.125	898	1186	222015459 19.243249	
1.17196132194463	-55	-13	899	1186	222015465 19.2496754	
1.12287393673229	-53	56.125	900	1130	222015472 19.2566989	
1.01856324315607	-55.5	113.0625	901	1186	222015473 19.2573509	
1.15355355249	-53	61	902	1130	222015474 19.2588562	
1.11673801358075	-55	21.9375	903	1186	222015693 19.4777714	
1.09833024412612	-53	113.0625	904	1130	222015699 19.4842603	
1.2824079386724	-53	-39	905	1130	222015712 19.4964001	
1.19036909139926	-55	4.0625	906	1186	222015712 19.4975035	
1.06765062836841	-55.5	74	907	1186	222015713 19.4985903	
1.20877686085389	-53	-4.0625	908	1130	222015716 19.500587	
1.21491278400543	-55.5	-26	909	1186	222015717 19.5018468	
1.25172832291468	-53	-8.9375	910	1130	222015717 19.5030048	
1.09833024412612	-53	69.125	911	1130	222015719 19.5042397	
1.21491278400543	-55.5	95.1875	912	1186	222015720 19.5053054	
1.36217493964245	-56	-17.0625	913	1186	222015721 19.5063028	
1.12900985988383	-53	65.0625	914	1130	222015722 19.5078231	
1.37444678594553	-55.5	-4.0625	915	1186	222015942 19.7276288	
1.17809724509617	-52.5	30.0625	916	1130	222015945 19.7299586	
1.12900985988383	-53	30.0625	917	1130	222015947 19.731961	
1.25786424606623	-55.5	69.125	918	1186	222015949 19.7335478	
1.15968947564154	-52.5	48	919	1130	222015951 19.7353343	
1.29467978497548	-55.5	21.9375	920	1186	222015953 19.737309	
1.16582539879309	-52.5	26	921	1130	222015955 19.7392128	
1.34376717018782	-55	30.0625	922	1186	222015957 19.7410949	
1.14741762933846	-52.5	34.9375	923	1130	222015960 19.7445879	
1.19036909139926	-55.5	95.1875	924	1186	222015974 19.7588943	
1.14128170618692	-52.5	26	925	1130	222015976 19.7608883	
1.38058270909708	-55.5	-30.0625	926	1186	222015978 19.7628001	
1.28854386182394	-55.5	48	927	1186	222016193 19.977734	
1.12900985988383	-53	61	928	1130	222016194 19.9792584	
1.30081570812702	-55.5	17.0625	929	1186	222016196 19.980532	
1.17809724509617	-53	17.0625	930	1130	222016196 19.981199	
1.20264093770234	-55.5	-52.0625	931	1186	222016197 19.9821195	
1.13514578303537	-52.5	65.0625	932	1130	222016198 19.9829922	
1.09219432097458	-55.5	56.125	933	1186	222016199 19.9838414	
1.15968947564154	-53	30.0625	934	1130	222016200 19.9849701	
1.16582539879309	-53	30.0625	935	1130	222016202 19.9863228	
1.28854386182394	-55.5	61	936	1186	222016203 19.9874524	
1.2824079386724	-55.5	43.125	937	1186	222016204 19.9886174	
1.17809724509617	-53	17.0625	938	1130	222016204 19.9891983	
1.21491278400543	-53	-4.0625	939	1130	222016443 20.2280124	
1.30081570812702	-56	26	940	1186	222016457 20.2419799	
1.13514578303537	-53	43.125	941	1130	222016461 20.245928	
1.36831086279399	-55.5	-13	942	1186	222016468 20.253206	
1.20877686085389	-53	0	943	1130	222016474 20.2586687	
1.07378655151995	-55	43.125	944	1186	222016491 20.2765148	
1.10446616727766	-55.5	43.125	945	1186	222016497 20.282095	
1.18423316824771	-52.5	21.9375	946	1130	222016505 20.2893514	
1.39285455540016	-55.5	-34.9375	947	1186	222016508 20.2923803	
1.22718463030851	-52.5	4.0625	948	1130	222016513 20.297629	
1.31922347758165	-56	34.9375	949	1186	222016530 20.3150675	
1.15968947564154	-52.5	39	950	1130	222016532 20.317408	
1.14128170618692	-52.5	34.9375	951	1130	222016692 20.4774891	
1.28854386182394	-55.5	39	952	1186	222016703 20.4883761	
1.27627201552085	-55.5	26	953	1186	222016707 20.4922007	
1.11673801358075	-52.5	78.0625	954	1130	222016710 20.4946615	
1.1106020904292	-55.5	21.9375	955	1186	222016711 20.4963335	
1.23332055346006	-53	-26	956	1130	222016712 20.4972564	
1.12287393673229	-55.5	17.0625	957	1186	222016714 20.4992846	
1.17196132194463	-52.5	34.9375	958	1130	222016715 20.5002924	
1.32535940073319	-55.5	13	959	1186	222016716 20.5009863	
1.23332055346006	-52.5	-26	960	1130	222016729 20.5138824	
1.28854386182394	-55.5	43.125	961	1186	222016731 20.5163608	
1.20877686085389	-52.5	17.0625	962	1130	222016734 20.5186472	
1.22104870715697	-55.5	-78.0625	963	1186	222016942 20.7274296	
1.19036909139926	-52.5	30.0625	964	1130	222016944 20.7293645	
1.14741762933846	-53	56.125	965	1130	222016946 20.7309703	
1.01242732000452	-55.5	69.125	966	1186	222016948 20.7330627	
1.22104870715697	-53	21.9375	967	1130	222016950 20.7348752	
1.15968947564154	-55.5	0	968	1186	222016951 20.7363838	
1.18423316824771	-53	21.9375	969	1130	222016952 20.7372896	
1.06151470521686	-55.5	82.1875	970	1186	222016953 20.7383295	
1.38671863224862	-56	-30.0625	971	1186	222016954 20.7393435	
1.19036909139926	-52.5	26	972	1130	222016955 20.7401254	
1.18423316824771	-53	48	973	1130	222017192 20.9773253	
1.22718463030851	-55.5	-74	974	1186	222017200 20.9847809	
1.16582539879309	-52.5	48	975	1130	222017207 20.9922218	
1.38671863224862	-55.5	-17.0625	976	1186	222017209 20.9944621	
1.15968947564154	-53	34.9375	977	1130	222017211 20.9963283	
1.38058270909708	-56	-30.0625	978	1186	222017214 20.9985682	
1.14128170618692	-53	61	979	1130	222017216 21.0005043	
1.22104870715697	-56	113.0625	980	1186	222017217 21.0028889	
1.41126232485479	-56	-74	981	1186	222017220 21.0048166	
1.2394564766116	-52.5	-17.0625	982	1130	222017221 21.0062315	
1.27013609236931	-55.5	52.0625	983	1186	222017442 21.2274095	
1.25172832291468	-52.5	-13	984	1130	222017455 21.2396832	
1.30081570812702	-55.5	26	985	1186	222017457 21.242032	
1.23332055346006	-52.5	-17.0625	986	1130	222017458 21.2434411	
1.23332055346006	-53	8.9375	987	1130	222017459 21.2445514	
1.18423316824771	-55.5	-34.9375	988	1186	222017466 21.2513609	
1.20264093770234	-53	-4.0625	989	1130	222017469 21.2536254	
1.06765062836841	-55.5	56.125	990	1186	222017470 21.2553749	
1.17196132194463	-53	39	991	1130	222017471 21.2565189	
1.04924285891378	-55	91.125	992	1186	222017474 21.2587029	
1.20264093770234	-52.5	4.0625	993	1130	222017475 21.2596609	
1.08605839782303	-55.5	39	994	1186	222017475 21.2603847	
1.25786424606623	-55.5	95.1875	995	1186	222017692 21.4775426	
1.12900985988383	-52.5	30.0625	996	1130	222017695 21.480011	
1.15968947564154	-52.5	56.125	997	1130	222017696 21.4812882	
1.41126232485479	-55.5	-52.0625	998	1186	222017698 21.4828246	
1.17196132194463	-53	48	999	1130	222017707 21.491573	
1.13514578303537	-55.5	4.0625	1000	1186	222017707 21.4927489	
1.07992247467149	-55.5	87.0625	1001	1186	222017709 21.4942928	
1.13514578303537	-53	78.0625	1002	1130	222017710 21.4950291	
1.18423316824771	-53	34.9375	1003	1130	222017710 21.4957255	
1.06765062836841	-55.5	82.1875	1004	1186	222017712 21.4972655	
1.13514578303537	-53	82.1875	1005	1130	222017714 21.498798	
1.22718463030851	-55.5	-34.9375	1006	1186	222017714 21.499499	
1.18423316824771	-55.5	-39	1007	1186	222017942 21.7271343	
1.14741762933846	-53	69.125	1008	1130	222017943 21.7281316	
1.12287393673229	-53	82.1875	1009	1130	222017944 21.7289138	
1.09219432097458	-55.5	30.0625	1010	1186	222017945 21.7298664	
1.12287393673229	-53	74	1011	1130	222017946 21.7305529	
1.17196132194463	-55.5	8.9375	1012	1186	222017946 21.731103	
1.17809724509617	-53	30.0625	1013	1130	222017947 21.7317883	
1.04310693576224	-55.5	104.125	1014	1186	222017948 21.7322689	
1.51557301843101	-55.5	-139.125	1015	1186	222017948 21.7326379	
1.29467978497548	-53	-61	1016	1130	222017948 21.7330446	
1.33149532388474	-55.5	17.0625	1017	1186	222017949 21.7335596	
1.22718463030851	-53	4.0625	1018	1130	222017949 21.7340733	
1.2824079386724	-55.5	61	1019	1186	222018193 21.9780242	
1.15968947564154	-53	39	1020	1130	222018194 21.9799046	
1.25172832291468	-52.5	-39	1021	1130	222018198 21.9826307	
1.29467978497548	-55.5	39	1022	1186	222018200 21.9842087	
1.09219432097458	-52.5	69.125	1023	1130	222018201 21.9858028	
1.36831086279399	-55.5	0	1024	1186	222018203 21.9880466	
1.41739824800633	-55.5	-13	1025	1186	222018205 21.9900892	
1.22718463030851	-53	4.0625	1026	1130	222018207 21.9916919	
1.12287393673229	-55.5	48	1027	1186	222018209 21.993501	
1.27627201552085	-53	-30.0625	1028	1130	222018210 21.994727	
1.17809724509617	-55.5	8.9375	1029	1186	222018211 21.9958196	
1.20877686085389	-53	21.9375	1030	1130	222018212 21.9968422	
1.2394564766116	-53	0	1031	1130	222018443 22.2273928	
1.27013609236931	-55.5	69.125	1032	1186	222018447 22.2317814	
1.17196132194463	-53	43.125	1033	1130	222018451 22.2357221	
1.26400016921777	-55.5	82.1875	1034	1186	222018459 22.2431921	
1.03697101261069	-55.5	65.0625	1035	1186	222018463 22.2475274	
1.25786424606623	-53	-26	1036	1130	222018479 22.2636481	
1.33149532388474	-53	-65.0625	1037	1130	222018487 22.2709914	
1.12287393673229	-55.5	34.9375	1038	1186	222018488 22.272355	
1.13514578303537	-55.5	13	1039	1186	222018491 22.2755265	
1.25786424606623	-53	-26	1040	1130	222018502 22.2866596	
1.15968947564154	-53	43.125	1041	1130	222018508 22.2924451	
1.16582539879309	-55.5	4.0625	1042	1186	222018511 22.2951922	
1.15968947564154	-53	39	1043	1130	222018516 22.3006663	
1.2824079386724	-55.5	78.0625	1044	1186	222018521 22.3058299	
1.24559239976314	-53	-4.0625	1045	1130	222018692 22.477194	
1.3989904785517	-55.5	-39	1046	1186	222018699 22.4840462	
1.18423316824771	-52.5	34.9375	1047	1130	222018706 22.4909874	
1.17809724509617	-55	-21.9375	1048	1186	222018711 22.4958107	
1.14128170618692	-53	69.125	1049	1130	222018713 22.498128	
1.1965050145508	-55	-26	1050	1186	222018714 22.4990754	
1.1965050145508	-53	30.0625	1051	1130	222018715 22.4998808	
1.04924285891378	-55.5	82.1875	1052	1186	222018715 22.5009853	
1.06151470521686	-55.5	65.0625	1053	1186	222018717 22.5017765	
1.11673801358075	-53	87.0625	1054	1130	222018719 22.5039488	
1.16582539879309	-53	61	1055	1130	222018942 22.7272413	
1.26400016921777	-55.5	74	1056	1186	222018950 22.7353701	
1.15355355249	-53	61	1057	1130	222018953 22.737489	
1.34990309333936	-55.5	8.9375	1058	1186	222018955 22.7399289	
1.36831086279399	-55.5	-21.9375	1059	1186	222018957 22.7417939	
1.25172832291468	-53	-13	1060	1130	222018959 22.7440583	
1.17196132194463	-53	34.9375	1061	1130	222018961 22.745573	
1.24559239976314	-55.5	82.1875	1062	1186	222018962 22.7468898	
1.30695163127857	-56	65.0625	1063	1186	222018962 22.7473265	
1.15968947564154	-52.5	52.0625	1064	1130	222018963 22.74778	
1.15968947564154	-53	43.125	1065	1130	222018964 22.7484155	
1.35603901649091	-55	21.9375	1066	1186	222018964 22.7489459	
1.22718463030851	-53	17.0625	1067	1130	222019193 22.9772107	
1.27013609236931	-55.5	69.125	1068	1186	222019197 22.9817258	
1.42353417115788	-55.5	-43.125	1069	1186	222019199 22.9844197	
1.26400016921777	-53	-30.0625	1070	1130	222019202 22.9871742	
1.38671863224862	-55.5	-34.9375	1071	1186	222019203 22.9884714	
1.14128170618692	-52.5	61	1072	1130	222019206 22.9911439	
1.20264093770234	-52.5	34.9375	1073	1130	222019207 22.992193	
1.27627201552085	-56	74	1074	1186	222019208 22.9929696	
1.21491278400543	-53	-8.9375	1075	1130	222019209 22.993701	
1.15355355249	-55.5	-8.9375	1076	1186	222019211 22.9961355	
1.25172832291468	-53	-17.0625	1077	1130	222019212 22.9970916	
1.07992247467149	-55.5	17.0625	1078	1186	222019212 22.9975361	
1.17196132194463	-53	21.9375	1079	1130	222019442 23.2272411	
1.18423316824771	-55.5	-65.0625	1080	1186	222019448 23.2331573	
1.20877686085389	-55.5	-43.125	1081	1186	222019457 23.241568	
1.27627201552085	-52.5	-26	1082	1130	222019459 23.2443472	
1.1965050145508	-53	21.9375	1083	1130	222019465 23.2503922	
1.06151470521686	-55.5	78.0625	1084	1186	222019469 23.2539197	
1.12900985988383	-52.5	74	1085	1130	222019473 23.2583719	
1.24559239976314	-55.5	65.0625	1086	1186	222019476 23.2605533	
1.1965050145508	-55	-26	1087	1186	222019478 23.2633471	
1.23332055346006	-52.5	-13	1088	1130	222019488 23.2729494	
1.03083508945915	-55	117.125	1089	1186	222019491 23.2755932	
1.28854386182394	-53	-21.9375	1090	1130	222019500 23.2852366	
1.17809724509617	-53	34.9375	1091	1130	222019692 23.4771897	
1.04924285891378	-55	74	1092	1186	222019694 23.4795039	
1.09833024412612	-55	48	1093	1186	222019696 23.4817605	
1.19036909139926	-53	17.0625	1094	1130	222019699 23.4845845	
1.20877686085389	-52.5	0	1095	1130	222019701 23.4866101	
1.39285455540016	-55.5	-21.9375	1096	1186	222019702 23.4877423	
1.25786424606623	-52.5	-52.0625	1097	1130	222019703 23.488592	
1.30695163127857	-55.5	0	1098	1186	222019704 23.4894101	
1.09219432097458	-55.5	56.125	1099	1186	222019705 23.4901288	
1.22104870715697	-53	4.0625	1100	1130	222019706 23.4909971	
1.1106020904292	-55.5	43.125	1101	1186	222019707 23.4923974	
1.22104870715697	-53	-26	1102	1130	222019708 23.4936759	
1.27627201552085	-56	52.0625	1103	1186	222019943 23.7272123	
1.20264093770234	-53	0	1104	1130	222019950 23.7343428	
1.05537878206532	-53	100.0625	1105	1130	222019957 23.7414767	
1.29467978497548	-55.5	39	1106	1186	222019973 23.7579822	
1.33149532388474	-55.5	4.0625	1107	1186	222019976 23.7603101	
1.15968947564154	-53	56.125	1108	1130	222019978 23.7625537	
1.26400016921777	-53	-17.0625	1109	1130	222019979 23.7640199	
1.30695163127857	-55.5	21.9375	1110	1186	222019981 23.7655053	
1.15355355249	-55.5	-4.0625	1111	1186	222019983 23.767107	
1.14128170618692	-53	52.0625	1112	1130	222019984 23.7685752	
1.17809724509617	-55.5	0	1113	1186	222019985 23.7700192	
1.19036909139926	-53	30.0625	1114	1130	222019986 23.7714287	
1.12287393673229	-53	82.1875	1115	1130	222020194 23.9780557	
1.31922347758165	-55.5	21.9375	1116	1186	222020200 23.9842329	
1.39285455540016	-55.5	-13	1117	1186	222020208 23.9930137	
1.27013609236931	-53	-30.0625	1118	1130	222020213 23.9979444	
1.23332055346006	-53	0	1119	1130	222020215 23.9993927	
1.27013609236931	-55.5	48	1120	1186	222020224 24.0083731	
1.15355355249	-53	39	1121	1130	222020230 24.0151822	
1.30081570812702	-55.5	30.0625	1122	1186	222020236 24.0204066	
1.15968947564154	-55.5	8.9375	1123	1186	222020240 24.024297	
1.1106020904292	-53	65.0625	1124	1130	222020243 24.0273662	
1.06151470521686	-55.5	52.0625	1125	1186	222020256 24.0409653	
1.23332055346006	-52.5	-17.0625	1126	1130	222020260 24.0449627	
1.26400016921777	-53	-34.9375	1127	1130	222020443 24.2272039	
1.32535940073319	-55	26	1128	1186	222020449 24.2333057	
1.29467978497548	-56	56.125	1129	1186	222020458 24.24228	
1.17809724509617	-53	26	1130	1130	222020463 24.2472439	
1.2824079386724	-55.5	39	1131	1186	222020464 24.2489334	
1.13514578303537	-53	21.9375	1132	1130	222020473 24.2580408	
1.26400016921777	-55.5	56.125	1133	1186	222020475 24.2598258	
1.22104870715697	-52.5	-8.9375	1134	1130	222020479 24.2640597	
1.16582539879309	-55.5	0	1135	1186	222020486 24.2706697	
1.12287393673229	-53	52.0625	1136	1130	222020490 24.2747366	
1.16582539879309	-55.5	-17.0625	1137	1186	222020495 24.2794913	
1.14741762933846	-53	52.0625	1138	1130	222020499 24.2840131	
1.30695163127857	-55.5	8.9375	1139	1186	222020692 24.477073	
1.24559239976314	-53	-13	1140	1130	222020695 24.4798721	
1.25172832291468	-55.5	48	1141	1186	222020698 24.482311	
1.17196132194463	-53	17.0625	1142	1130	222020700 24.4849343	
1.14128170618692	-55	-21.9375	1143	1186	222020702 24.4865468	
1.21491278400543	-53	13	1144	1130	222020704 24.4883802	
1.1106020904292	-55.5	61	1145	1186	222020706 24.4901961	
1.22718463030851	-53.5	-26	1146	1130	222020707 24.4922191	
1.07992247467149	-53	82.1875	1147	1130	222020709 24.4942266	
1.27627201552085	-55.5	52.0625	1148	1186	222020711 24.4959048	
1.2394564766116	-55.5	52.0625	1149	1186	222020712 24.4967556	
1.22104870715697	-52.5	-4.0625	1150	1130	222020713 24.497565	
1.14741762933846	-53	30.0625	1151	1130	222020942 24.7267839	
1.28854386182394	-55.5	48	1152	1186	222020944 24.7282143	
1.30081570812702	-55.5	4.0625	1153	1186	222020945 24.7292598	
1.10446616727766	-52.5	74	1154	1130	222020946 24.7302574	
1.1965050145508	-52.5	8.9375	1155	1130	222020947 24.7314845	
1.33763124703628	-55.5	17.0625	1156	1186	222020948 24.7322913	
4.36264136074676	-53.5	0.5625	1157	1130	222020949 24.7332818	
4.47922390062607	-56	0.4375	1158	1186	222020950 24.7343921	
1.17196132194463	-52.5	30.0625	1159	1130	222020950 24.735094	
1.34376717018782	-55.5	13	1160	1186	222020952 24.7366764	
1.14741762933846	-52.5	43.125	1161	1130	222020955 24.7401091	
1.39285455540016	-56	-52.0625	1162	1186	222020957 24.7418561	
1.13514578303537	-55.5	4.0625	1163	1186	222021192 24.9766191	
1.20264093770234	-53	8.9375	1164	1130	222021196 24.9815638	
1.1106020904292	-55.5	26	1165	1186	222021206 24.9911397	
1.15355355249	-52.5	30.0625	1166	1130	222021208 24.9931159	
1.13514578303537	-53	61	1167	1130	222021225 25.0099034	
1.08605839782303	-55	34.9375	1168	1186	222021239 25.023946	
1.15968947564154	-55.5	-34.9375	1169	1186	222021244 25.0285722	
1.14128170618692	-53	52.0625	1170	1130	222021247 25.0322715	
1.17809724509617	-53	26	1171	1130	222021252 25.0366432	
1.36217493964245	-56	-26	1172	1186	222021255 25.0393136	
1.09833024412612	-53	69.125	1173	1130	222021259 25.0436689	
1.25786424606623	-55.5	104.125	1174	1186	222021262 25.0465548	
1.34376717018782	-55.5	0	1175	1186	222021442 25.2269408	
1.17196132194463	-53	4.0625	1176	1130	222021445 25.2293943	
1.14128170618692	-53	48	1177	1130	222021446 25.2313289	
1.28854386182394	-55.5	21.9375	1178	1186	222021448 25.2332199	
1.35603901649091	-55.5	-8.9375	1179	1186	222021450 25.2351003	
1.17196132194463	-53	21.9375	1180	1130	222021452 25.2369394	
1.31922347758165	-56	17.0625	1181	1186	222021454 25.2387772	
1.12900985988383	-53	78.0625	1182	1130	222021456 25.2405389	
1.01856324315607	-55.5	74	1183	1186	222021458 25.2425111	
1.17196132194463	-53	43.125	1184	1130	222021460 25.2445492	
1.12287393673229	-55.5	13	1185	1186	222021692 25.4767277	
1.14128170618692	-53	52.0625	1186	1130	222021709 25.4942884	
1.15355355249	-53	30.0625	1187	1130	222021711 25.4963581	
1.11673801358075	-55	34.9375	1188	1186	222021713 25.4978614	
1.09219432097458	-53	78.0625	1189	1130	222021714 25.4993754	
1.05537878206532	-55.5	48	1190	1186	222021716 25.5007552	
1.15355355249	-53	4.0625	1191	1130	222021717 25.5019868	
1.2824079386724	-55.5	48	1192	1186	222021718 25.5034371	
1.34990309333936	-55.5	-17.0625	1193	1186	222021720 25.5047666	
1.13514578303537	-53	30.0625	1194	1130	222021720 25.5052437	
1.17196132194463	-52.5	34.9375	1195	1130	222021721 25.5057207	
1.40512640170325	-56	-82.1875	1196	1186	222021721 25.506447	
1.15968947564154	-53	21.9375	1197	1130	222021942 25.7269019	
1.33149532388474	-55.5	4.0625	1198	1186	222021943 25.7287637	
1.21491278400543	-53	-17.0625	1199	1130	222021946 25.7316689	
1.2824079386724	-55.5	52.0625	1200	1186	222021953 25.7384833	
1.14128170618692	-53	43.125	1201	1130	222021961 25.746704	
1.38671863224862	-55.5	-34.9375	1202	1186	222021963 25.7484305	
1.40512640170325	-55.5	-17.0625	1203	1186	222021965 25.7501309	
1.20877686085389	-53	4.0625	1204	1130	222021967 25.7519989	
1.36217493964245	-55.5	-13	1205	1186	222021969 25.7537599	
1.1106020904292	-52.5	56.125	1206	1130	222021971 25.7555733	
1.17809724509617	-55.5	117.125	1207	1186	222022192 25.9768409	
1.20264093770234	-52.5	13	1208	1130	222022198 25.9820937	
1.25172832291468	-53	-34.9375	1209	1130	222022207 25.9913719	
1.27013609236931	-55.5	48	1210	1186	222022210 25.9948488	
1.15968947564154	-53	34.9375	1211	1130	222022214 25.9985188	
1.24559239976314	-55.5	65.0625	1212	1186	222022217 26.0015328	
1.41126232485479	-55	0	1213	1186	222022220 26.0048714	
1.22104870715697	-53	-4.0625	1214	1130	222022223 26.0079669	
1.3989904785517	-56	-13	1215	1186	222022239 26.0240317	
1.24559239976314	-52.5	-21.9375	1216	1130	222022242 26.0273372	
1.42967009430942	-55.5	-74	1217	1186	222022244 26.0290413	
1.25172832291468	-53	-13	1218	1130	222022248 26.0325836	
1.23332055346006	-55.5	69.125	1219	1186	222022442 26.2268722	
1.21491278400543	-52.5	13	1220	1130	222022444 26.2290596	
1.15968947564154	-53	30.0625	1221	1130	222022446 26.2309185	
1.30081570812702	-55.5	56.125	1222	1186	222022448 26.2333414	
1.15968947564154	-55.5	-30.0625	1223	1186	222022450 26.2353879	
1.17809724509617	-53	26	1224	1130	222022452 26.2370641	
1.06765062836841	-55	43.125	1225	1186	222022454 26.2388005	
1.10446616727766	-53	78.0625	1226	1130	222022455 26.240333	
1.37444678594553	-55.5	-39	1227	1186	222022457 26.241912	
1.15355355249	-52.5	39	1228	1130	222022459 26.2435292	
1.15355355249	-52.5	17.0625	1229	1130	222022460 26.2448089	
1.2394564766116	-55.5	95.1875	1230	1186	222022461 26.2463847	
1.15968947564154	-53	4.0625	1231	1130	222022692 26.4767687	
1.12287393673229	-55.5	0	1232	1186	222022695 26.4803546	
1.07378655151995	-55.5	87.0625	1233	1186	222022698 26.4833112	
1.12900985988383	-53	52.0625	1234	1130	222022700 26.4849396	
1.44807786376405	-56	-87.0625	1235	1186	222022702 26.4869498	
1.15355355249	-52.5	26	1236	1130	222022703 26.4888121	
1.08605839782303	-53	69.125	1237	1130	222022705 26.4898443	
1.23332055346006	-55.5	82.1875	1238	1186	222022706 26.4909946	
1.15355355249	-55.5	-30.0625	1239	1186	222022708 26.4920971	
1.21491278400543	-52.5	-39	1240	1130	222022708 26.4928312	
1.1965050145508	-53	4.0625	1241	1130	222022709 26.4938517	
1.12900985988383	-55.5	0	1242	1186	222022710 26.4947818	
1.14128170618692	-53	48	1243	1130	222022942 26.7266098	
1.04310693576224	-55.5	82.1875	1244	1186	222022956 26.741035	
1.05537878206532	-55.5	78.0625	1245	1186	222022960 26.7449225	
1.10446616727766	-52.5	65.0625	1246	1130	222022966 26.7510982	
1.1965050145508	-55.5	-65.0625	1247	1186	222022970 26.7546699	
1.15968947564154	-53	39	1248	1130	222022973 26.7581985	
1.12287393673229	-55	-13	1249	1186	222022975 26.7596496	
1.1965050145508	-52.5	8.9375	1250	1130	222022978 26.7628763	
1.24559239976314	-55	78.0625	1251	1186	222022984 26.768382	
1.27013609236931	-52.5	-56.125	1252	1130	222022999 26.7841454	
1.24559239976314	-55.5	61	1253	1186	222023004 26.7885708	
1.22104870715697	-53	-17.0625	1254	1130	222023009 26.7934201	
1.17809724509617	-52.5	4.0625	1255	1130	222023191 26.9764568	
1.09219432097458	-55.5	43.125	1256	1186	222023201 26.9864177	
1.21491278400543	-52.5	8.9375	1257	1130	222023205 26.9904606	
1.12900985988383	-55.5	4.0625	1258	1186	222023206 26.9916104	
1.22718463030851	-53	-13	1259	1130	222023208 26.9936068	
1.05537878206532	-55	48	1260	1186	222023216 27.0007132	
1.08605839782303	-55.5	8.9375	1261	1186	222023218 27.0031543	
1.13514578303537	-53	52.0625	1262	1130	222023236 27.020378	
1.06765062836841	-55.5	65.0625	1263	1186	222023239 27.0233785	
1.10446616727766	-53	69.125	1264	1130	222023241 27.0261631	
1.12900985988383	-52.5	52.0625	1265	1130	222023244 27.0291315	
1.14128170618692	-55.5	34.9375	1266	1186	222023248 27.03305	
1.07992247467149	-55.5	43.125	1267	1186	222023442 27.2266174	
1.21491278400543	-53	-4.0625	1268	1130	222023444 27.2288481	
1.08605839782303	-55.5	39	1269	1186	222023450 27.2342744	
1.16582539879309	-52.5	48	1270	1130	222023453 27.237166	
1.21491278400543	-53	26	1271	1130	222023455 27.2395446	
1.09219432097458	-55.5	30.0625	1272	1186	222023457 27.2418104	
1.10446616727766	-55.5	39	1273	1186	222023459 27.2437253	
1.14128170618692	-53	56.125	1274	1130	222023461 27.2450152	
1.12287393673229	-53	52.0625	1275	1130	222023462 27.2463807	
1.15355355249	-55.5	13	1276	1186	222023463 27.2478072	
1.21491278400543	-52.5	-17.0625	1277	1130	222023467 27.251089	
1.16582539879309	-55.5	-13	1278	1186	222023468 27.2529828	
1.25786424606623	-55.5	52.0625	1279	1186	222023692 27.4768586	
1.22718463030851	-52.5	-39	1280	1130	222023694 27.4784028	
1.24559239976314	-53	-21.9375	1281	1130	222023695 27.4799133	
1.2824079386724	-55.5	52.0625	1282	1186	222023697 27.4812649	
1.13514578303537	-52.5	43.125	1283	1130	222023698 27.4828281	
1.09219432097458	-55.5	34.9375	1284	1186	222023700 27.4848549	
1.15968947564154	-53	48	1285	1130	222023702 27.4862235	
1.14741762933846	-55.5	0	1286	1186	222023703 27.4880105	
1.19036909139926	-53	0	1287	1130	222023705 27.4896531	
1.12900985988383	-55	13	1288	1186	222023706 27.490901	
1.09219432097458	-55.5	65.0625	1289	1186	222023707 27.4916565	
1.15968947564154	-53	30.0625	1290	1130	222023708 27.4920663	
