177	-56	922750	C00000000000000000095417	0134	0	000A	105404251 4715986	
174	-57	922750	C00000000000000000095417	0133	1	000B	105404499 7189754	
177	-57	922750	C00000000000000000095417	0133	2	000B	105404592 8126389	
174	-56	922750	C00000000000000000095417	0140	3	000A	105404719 9392937	
177	-56	922750	C00000000000000000095417	0140	4	000A	105404813 0331059	
160	-56	922750	C00000000000000000095417	0140	5	000A	105404906 1267805	
8	-56	922750	C00000000000000000095417	0128	6	000A	105404998 2185818	
0	-56	922750	C00000000000000000095417	0128	7	000A	105405091 311265	
8	-56	922750	C00000000000000000095417	0132	8	000A	105405217 4369671	
174	-56	922750	C00000000000000000095417	0132	9	000A	105405311 531737	
5	-56	922750	C00000000000000000095417	0132	10	000A	105405406 6264688	
0	-56	922750	C00000000000000000095417	0136	11	000A	105405501 721257	
174	-56	922750	C00000000000000000095417	0136	12	000A	105405596 8169679	
160	-56	922750	C00000000000000000095417	0134	13	000A	105405691 9117434	
2	-56	922750	C00000000000000000095417	0134	14	000A	105405818 0383642	
177	-56	922750	C00000000000000000095417	0134	15	000A	105405913 1331478	
171	-56	922750	C00000000000000000095417	0134	16	000A	105406006 2268585	
168	-56	922750	C00000000000000000095417	0134	17	000A	105406101 3216154	
5	-56	922750	C00000000000000000095417	0134	18	000A	105406197 4173201	
171	-56	922750	C00000000000000000095417	0134	19	000A	105406292 5121318	
177	-56	922750	C00000000000000000095417	0134	20	000A	105406417 6378226	
8	-56	922750	C00000000000000000095417	0121	21	000A	105406512 7326734	
2	-56	922750	C00000000000000000095417	0121	22	000A	105406606 82633	
171	-56	922750	C00000000000000000095417	0131	23	000A	105406701 9211242	
177	-56	922750	C00000000000000000095417	0131	24	000A	105406794 0148426	
177	-56	922750	C00000000000000000095417	0131	25	000A	105406920 1400064	
0	-56	922750	C00000000000000000095417	0145	26	000A	105407013 2336993	
2	-56	922750	C00000000000000000095417	0145	27	000A	105407108 3284705	
0	-56	922750	C00000000000000000095417	0149	28	000A	105407201 4212711	
160	-56	922750	C00000000000000000095417	0149	29	000A	105407293 5134877	
165	-56	922750	C00000000000000000095417	0149	30	000A	105407417 6371315	
177	-56	922750	C00000000000000000095417	0131	31	000A	105407511 7318597	
165	-57	922750	C00000000000000000095417	0131	32	000A	105407604 8246522	
177	-56	922750	C00000000000000000095417	0131	33	000A	105407700 9204459	
168	-56	922750	C00000000000000000095417	014B	34	000A	105407795 0156512	
163	-56	922750	C00000000000000000095417	014B	35	000A	105407891 1113744	
2	-56	922750	C00000000000000000095417	0125	36	000A	105408018 2380786	
174	-57	922750	C00000000000000000095417	0125	37	000A	105408112 3327615	
168	-57	922750	C00000000000000000095417	0125	38	000A	105408207 4276006	
0	-56	922750	C00000000000000000095417	0133	39	000A	105408397 6169987	
168	-56	922750	C00000000000000000095417	012F	40	000A	105408490 710858	
171	-56	922750	C00000000000000000095417	012F	41	000A	105408618 8384547	
177	-56	922750	C00000000000000000095417	012F	42	000A	105408713 9332356	
0	-56	922750	C00000000000000000095417	0134	43	000A	105408806 0269164	
0	-57	922750	C00000000000000000095417	0134	44	000A	105408836 0568168	
177	-57	922750	C00000000000000000095417	0134	45	000A	105408841 0624305	
2	-57	922750	C00000000000000000095417	0134	46	000A	105408898 1187403	
0	-56	922750	C00000000000000000095417	012D	47	000A	105408994 2144695	
2	-56	922750	C00000000000000000095417	012D	48	000A	105409089 3091248	
177	-56	922750	C00000000000000000095417	012D	49	000A	105409182 4029426	
0	-56	922750	C00000000000000000095417	0129	50	000A	105409278 4986799	
0	-57	922750	C00000000000000000095417	0129	51	000A	105409371 5914558	
2	-56	922750	C00000000000000000095417	0136	52	000A	105409497 7171035	
0	-56	922750	C00000000000000000095417	0136	53	000A	105409591 8118591	
177	-57	922750	C00000000000000000095417	0136	54	000A	105409686 9066081	
0	-56	922750	C00000000000000000095417	012D	55	000A	105409779 9993456	
177	-57	922750	C00000000000000000095417	012D	56	000A	105409874 0941004	
177	-57	922750	C00000000000000000095417	0127	57	000A	105409998 2187949	
2	-56	922750	C00000000000000000095417	0127	58	000A	105410093 3135468	
2	-57	922750	C00000000000000000095417	0127	59	000A	105410188 4082434	
2	-56	922750	C00000000000000000095417	0135	60	000A	105410279 4999177	
0	-56	922750	C00000000000000000095417	0135	61	000A	105410374 5947497	
8	-56	922750	C00000000000000000095417	0122	62	000A	105410592 8121424	
174	-56	922750	C00000000000000000095417	0122	63	000A	105410686 906967	
171	-56	922750	C00000000000000000095417	0141	64	000A	105410782 0026351	
163	-56	922750	C00000000000000000095417	0141	65	000A	105410878 0983588	
174	-56	922750	C00000000000000000095417	0141	66	000A	105410972 1922051	
0	-56	922750	C00000000000000000095417	0130	67	000B	105411099 3198132	
177	-56	922750	C00000000000000000095417	0130	68	000B	105411192 4125765	
177	-56	922750	C00000000000000000095417	0132	69	000A	105411286 5063333	
174	-56	922750	C00000000000000000095417	0132	70	000A	105411476 6968021	
5	-56	922750	C00000000000000000095417	0126	71	000A	105411572 7925719	
14	-56	922750	C00000000000000000095417	0126	72	000A	105411698 9182908	
168	-56	922750	C00000000000000000095417	013F	73	000A	105411792 0129518	
0	-56	922750	C00000000000000000095417	013F	74	000A	105411886 1067185	
0	-56	922750	C00000000000000000095417	013F	75	000A	105411981 2014482	
2	-56	922750	C00000000000000000095417	0136	76	000A	105412077 2972452	
168	-56	922750	C00000000000000000095417	0136	77	000A	105412170 3899906	
8	-56	922750	C00000000000000000095417	0131	78	000A	105412295 5156273	
5	-56	922750	C00000000000000000095417	0131	79	000A	105412390 6103725	
0	-56	922750	C00000000000000000095417	0131	80	000A	105412484 7040906	
0	-56	922750	C00000000000000000095417	0122	81	000A	105412574 7948501	
2	-56	922750	C00000000000000000095417	0122	82	000A	105412670 8906554	
174	-56	922750	C00000000000000000095417	013B	83	000A	105412795 0153045	
171	-56	922750	C00000000000000000095417	013B	84	000A	105412891 1110538	
2	-56	922750	C00000000000000000095417	013B	85	000A	105412984 2047797	
5	-56	922750	C00000000000000000095417	0126	86	000A	105413080 3005224	
5	-56	922750	C00000000000000000095417	0126	87	000A	105413176 3962919	
171	-56	922750	C00000000000000000095417	0140	88	000A	105413270 4910092	
171	-56	922750	C00000000000000000095417	0140	89	000A	105413397 617684	
171	-56	922750	C00000000000000000095417	0140	90	000A	105413490 7104269	
177	-56	922750	C00000000000000000095417	0123	91	000B	105413584 8042016	
8	-56	922750	C00000000000000000095417	0123	92	000B	105413677 8975681	
2	-56	922750	C00000000000000000095417	0129	93	000B	105413772 9923358	
8	-56	922750	C00000000000000000095417	0129	94	000B	105413836 .0566694	
0	-56	922750	C00000000000000000095417	0129	95	000B	105413900 .1199407	
168	-56	922750	C00000000000000000095417	0129	96	000B	105413994 .2141806	
14	-56	922750	C00000000000000000095417	012E	97	000B	105414088 .3089086	
2	-56	922750	C00000000000000000095417	012E	98	000B	105414184 .4046241	
11	-56	922750	C00000000000000000095417	0122	99	000B	105414280 .500376	
5	-56	922750	C00000000000000000095417	0122	100	000B	105414373 .5931231	
2	-56	922750	C00000000000000000095417	0122	101	000B	105414499 .7193282	
174	-56	922750	C00000000000000000095417	0133	102	000A	105414595 .8150861	
174	-56	922750	C00000000000000000095417	0133	103	000A	105414689 .9097929	
174	-56	922750	C00000000000000000095417	013C	104	000A	105414877 .0978033	
0	-56	922750	C00000000000000000095417	013C	105	000A	105414970 .190138	
174	-56	922750	C00000000000000000095417	0131	106	000B	105415096 .3168849	
0	-56	922750	C00000000000000000095417	0131	107	000B	105415192 .4126054	
168	-56	922750	C00000000000000000095417	0131	108	000B	105415287 .5073642	
174	-56	922750	C00000000000000000095417	0138	109	000A	105415383 .6030595	
0	-56	922750	C00000000000000000095417	0138	110	000A	105415477 .6978196	
0	-56	922750	C00000000000000000095417	012D	111	000B	105415570 .7902038	
5	-57	922750	C00000000000000000095417	012D	112	000B	105415697 .9178631	
177	-56	922750	C00000000000000000095417	012D	113	000B	105415792 .0126716	
0	-56	922750	C00000000000000000095417	012A	114	000A	105415887 .1074195	
8	-56	922750	C00000000000000000095417	012A	115	000A	105415983 .2031437	
5	-56	922750	C00000000000000000095417	013E	116	000A	105416076 .2968889	
168	-56	922750	C00000000000000000095417	013E	117	000A	105416170 .3906591	
0	-56	922750	C00000000000000000095417	013E	118	000A	105416298 .5183512	
171	-56	922750	C00000000000000000095417	0136	119	000B	105416394 .614089	
174	-56	922750	C00000000000000000095417	0136	120	000B	105416487 .7078155	
168	-56	922750	C00000000000000000095417	0121	121	000B	105416580 .8005962	
177	-56	922750	C00000000000000000095417	0121	122	000B	105416675 .8952869	
177	-56	922750	C00000000000000000095417	0121	123	000B	105416770 .9899851	
177	-56	922750	C00000000000000000095417	0120	124	000B	105416897 .1177345	
2	-57	922750	C00000000000000000095417	0120	125	000B	105416993 .2134272	
0	-56	922750	C00000000000000000095417	0127	126	000A	105417087 .3072392	
11	-56	922750	C00000000000000000095417	0127	127	000A	105417181 .4019803	
0	-57	922750	C00000000000000000095417	0127	128	000A	105417277 .4976917	
2	-57	922750	C00000000000000000095417	012A	129	000A	105417370 .5904209	
11	-57	922750	C00000000000000000095417	012A	130	000A	105417497 .7171607	
2	-57	922750	C00000000000000000095417	012A	131	000A	105417590 .8108576	
2	-57	922750	C00000000000000000095417	012E	132	000A	105417683 .9035946	
0	-56	922750	C00000000000000000095417	012E	133	000A	105417777 .9973373	
174	-56	922750	C00000000000000000095417	012E	134	000B	105417870 .0900952	
8	-56	922750	C00000000000000000095417	012E	135	000B	105417996 .2167613	
0	-56	922750	C00000000000000000095417	012E	136	000B	105418089 .3094831	
2	-57	922750	C00000000000000000095417	013E	137	000A	105418183 .4032912	
174	-56	922750	C00000000000000000095417	013E	138	000A	105418279 .4990265	
174	-56	922750	C00000000000000000095417	013D	139	000A	105418370 .5907476	
171	-56	922750	C00000000000000000095417	013D	140	000A	105418496 .7164368	
174	-56	922750	C00000000000000000095417	013D	141	000A	105418590 .8101471	
177	-56	922750	C00000000000000000095417	012D	142	000B	105418683 .9038925	
2	-56	922750	C00000000000000000095417	012D	143	000B	105418779 .9995866	
5	-56	922750	C00000000000000000095417	012C	144	000B	105418841 .0615117	
177	-56	922750	C00000000000000000095417	012C	145	000B	105418873 .0933609	
177	-56	922750	C00000000000000000095417	012C	146	000B	105418999 .2190565	
2	-56	922750	C00000000000000000095417	012C	147	000B	105419092 .3128394	
0	-56	922750	C00000000000000000095417	012D	148	000A	105419184 .4044946	
177	-56	922750	C00000000000000000095417	012D	149	000A	105419280 .5003423	
171	-56	922750	C00000000000000000095417	0131	150	000A	105419375 .5950541	
171	-56	922750	C00000000000000000095417	0131	151	000A	105419499 .7197681	
8	-57	922750	C00000000000000000095417	011E	152	000A	105419686 .9062195	
5	-57	922750	C00000000000000000095417	011E	153	000A	105419781 .0009978	
177	-56	922750	C00000000000000000095417	0130	154	000A	105419873 .0937334	
174	-56	922750	C00000000000000000095417	0130	155	000A	105419999 .2193927	
2	-56	922750	C00000000000000000095417	0130	156	000A	105420092 .3121504	
174	-57	922750	C00000000000000000095417	0125	157	000A	105420183 .4038558	
11	-56	922750	C00000000000000000095417	0125	158	000A	105420279 .4996444	
8	-56	922750	C00000000000000000095417	013A	159	000A	105420373 .5933855	
11	-56	922750	C00000000000000000095417	013A	160	000A	105420499 .7190049	
174	-56	922750	C00000000000000000095417	013A	161	000A	105420593 .8138684	
2	-56	922750	C00000000000000000095417	012F	162	000A	105420688 .9080726	
174	-56	922750	C00000000000000000095417	012F	163	000A	105420783 .0038211	
2	-56	922750	C00000000000000000095417	0120	164	000A	105420878 .0985582	
171	-56	922750	C00000000000000000095417	0120	165	000A	105420972 .1922961	
11	-57	922750	C00000000000000000095417	0120	166	000A	105421099 .3199587	
168	-57	922750	C00000000000000000095417	012F	167	000A	105421194 .4147397	
2	-57	922750	C00000000000000000095417	012F	168	000A	105421290 .5105419	
171	-57	922750	C00000000000000000095417	0142	169	000A	105421384 .604242	
177	-57	922750	C00000000000000000095417	0142	170	000A	105421478 .6989549	
174	-57	922750	C00000000000000000095417	0142	171	000A	105421572 .7927465	
0	-57	922750	C00000000000000000095417	013D	172	000A	105421700 .9203766	
171	-57	922750	C00000000000000000095417	013D	173	000A	105421795 .0153571	
177	-57	922750	C00000000000000000095417	0135	174	000A	105421891 .1111346	
177	-57	922750	C00000000000000000095417	0135	175	000A	105421986 .2069224	
0	-57	922750	C00000000000000000095417	0135	176	000A	105422081 .3017141	
177	-57	922750	C00000000000000000095417	013C	177	000A	105422176 .3964476	
174	-57	922750	C00000000000000000095417	013C	178	000A	105422270 .4901982	
177	-57	922750	C00000000000000000095417	013C	179	000A	105422397 .6172216	
165	-56	922750	C00000000000000000095417	0139	180	000A	105422491 .7119701	
5	-56	922750	C00000000000000000095417	0139	181	000A	105422586 .8067295	
0	-56	922750	C00000000000000000095417	012B	182	000A	105422682 .9024121	
5	-57	922750	C00000000000000000095417	012B	183	000A	105422777 .9972023	
177	-57	922750	C00000000000000000095417	012B	184	000A	105422872 .0929499	
171	-57	922750	C00000000000000000095417	0131	185	000A	105423093 .3133435	
174	-56	922750	C00000000000000000095417	012B	186	000A	105423186 .4061007	
177	-56	922750	C00000000000000000095417	012B	187	000A	105423280 .5008334	
0	-56	922750	C00000000000000000095417	012B	188	000A	105423372 .592628	
177	-56	922750	C00000000000000000095417	0128	189	000A	105423498 .7182831	
11	-56	922750	C00000000000000000095417	0128	190	000A	105423593 .8129583	
177	-56	922750	C00000000000000000095417	0126	191	000B	105423686 .9067516	
0	-56	922750	C00000000000000000095417	0126	192	000B	105423781 .0015401	
0	-56	922750	C00000000000000000095417	0126	193	000B	105423844 .0644567	
2	-56	922750	C00000000000000000095417	0126	194	000B	105423907 .1271604	
5	-56	922750	C00000000000000000095417	013E	195	000A	105424000 .2199847	
174	-56	922750	C00000000000000000095417	013E	196	000A	105424092 .312726	
171	-56	922750	C00000000000000000095417	0134	197	000B	105424186 .4063723	
177	-56	922750	C00000000000000000095417	0134	198	000B	105424282 .5021713	
177	-56	922750	C00000000000000000095417	0134	199	000B	105424408 .6289022	
