0.190213617697819	-57.5	920.625	2216	0000	0	920.625	091303319 0.756779738132933	
5.0744084463257	-63.5	920.625	2215	0000	1	920.625	091303322 0.758698978985011	
0.110446616727766	-57	920.625	2216	0000	2	920.625	091303322 0.758981409076956	
0.196349540849362	-57.5	920.625	2216	0000	3	920.625	091303322 0.759208334859387	
5.04066086899222	-65	920.625	2215	0000	4	920.625	091303322 0.759426953874409	
0.098174770424681	-57	920.625	2216	0000	5	920.625	091303323 0.759661431263576	
4.86578705917325	-64	920.625	2215	0000	6	920.625	091303324 0.760855717868952	
0.205553425576676	-57.5	920.625	2216	0000	7	920.625	091303326 0.76346932896045	
1.89293229225088	-65	920.625	2215	0000	8	920.625	091303329 0.765999117217173	
0.153398078788564	-57	920.625	2216	0000	9	920.625	091303526 0.963808924715389	
4.97623367590102	-64	920.625	2215	0000	10	920.625	091303531 0.96879298516147	
1.85304879176585	-65.5	920.625	2215	0000	11	920.625	091303534 0.971743020333079	
0.199417502425133	-57.5	920.625	2216	0000	12	920.625	091303537 0.974452914410467	
4.98236959905256	-64	920.625	2215	0000	13	920.625	091303542 0.979965964908439	
0.0184077694546277	-57	920.625	2216	0000	14	920.625	091303546 0.983461603666758	
1.89293229225088	-65	920.625	2215	0000	15	920.625	091303549 0.986491685869773	
0.217825271879761	-57.5	920.625	2216	0000	16	920.625	091303555 0.992841076813811	
0.0613592315154256	-57	920.625	2216	0000	17	920.625	091303558 0.995580044577135	
4.79829190450629	-64	920.625	2215	0000	18	920.625	091303565 1.00273594712063	
1.76714586764426	-65.5	920.625	2215	0000	19	920.625	091303787 1.22388965894301	
0.223961195031304	-57.5	920.625	2216	0000	20	920.625	091303799 1.23642419338457	
0.202485464000905	-57	920.625	2216	0000	21	920.625	091303805 1.24232388614745	
4.93941813699176	-66	920.625	2215	0000	22	920.625	091303808 1.24552538982338	
0.23930100291016	-57	920.625	2216	0000	23	920.625	091303815 1.25238564696314	
5.01304921481027	-64.5	920.625	2215	0000	24	920.625	091303818 1.25557808871099	
4.90873852123405	-66	920.625	2215	0000	25	920.625	091303824 1.26147778147387	
0.165669925091649	-57.5	920.625	2216	0000	26	920.625	091303829 1.26645957643793	
4.88419482862788	-65	920.625	2215	0000	27	920.625	091303833 1.27039660661	
0.171805848243192	-57.5	920.625	2216	0000	28	920.625	091303839 1.27666708326364	
5.04372883056799	-65	920.625	2215	0000	29	920.625	091303842 1.27947288274658	
4.97623367590102	-65.5	920.625	2215	0000	30	920.625	091304037 1.47385161772407	
0.147262155637022	-57	920.625	2216	0000	31	920.625	091304042 1.4784905697423	
4.87805890547634	-65	920.625	2215	0000	32	920.625	091304046 1.48309176372684	
0.153398078788564	-57.5	920.625	2216	0000	33	920.625	091304052 1.48901033550656	
4.85351521287017	-64.5	920.625	2215	0000	34	920.625	091304069 1.50593537410471	
0.159534001940107	-57	920.625	2216	0000	35	920.625	091304072 1.50903606383071	
5.10508806208341	-65	920.625	2215	0000	36	920.625	091304075 1.51214015177974	
0.165669925091649	-57	920.625	2216	0000	37	920.625	091304083 1.52006480788901	
4.95168998329485	-65	920.625	2215	0000	38	920.625	091304086 1.52312622925998	
0.110446616727766	-57	920.625	2216	0000	39	920.625	091304088 1.52539813014666	
0.220893233455532	-57	920.625	2216	0000	40	920.625	091304278 1.71487171896847	
4.89033075177942	-64.5	920.625	2215	0000	41	920.625	091304279 1.71676679467899	
5.01304921481027	-65	920.625	2215	0000	42	920.625	091304282 1.71938909011823	
0.184077694546277	-57.5	920.625	2216	0000	43	920.625	091304283 1.72036173706589	
4.89033075177942	-64	920.625	2215	0000	44	920.625	091304284 1.7214518114983	
0.184077694546277	-57	920.625	2216	0000	45	920.625	091304286 1.72344996664078	
0.159534001940107	-57	920.625	2216	0000	46	920.625	091304287 1.72440864311597	
4.85965113602171	-65	920.625	2215	0000	47	920.625	091304291 1.7286118674255	
4.86578705917325	-65	920.625	2215	0000	48	920.625	091304294 1.73123869382879	
0.184077694546277	-57	920.625	2216	0000	49	920.625	091304295 1.73231215472638	
0.128854386182394	-57	920.625	2216	0000	50	920.625	091304527 1.96365147371493	
4.7860200582032	-64	920.625	2215	0000	51	920.625	091304529 1.96626470722609	
4.90260259808251	-64	920.625	2215	0000	52	920.625	091304533 1.96977884742092	
0.171805848243192	-57	920.625	2216	0000	53	920.625	091304536 1.97356257997624	
4.84124336656708	-64.5	920.625	2215	0000	54	920.625	091304543 1.98049193431764	
0.184077694546277	-57	920.625	2216	0000	55	920.625	091304547 1.98442405594532	
0.141126232485479	-57	920.625	2216	0000	56	920.625	091304553 1.9902580497296	
4.95168998329485	-64.5	920.625	2215	0000	57	920.625	091304556 1.99282937182337	
4.93328221384022	-64	920.625	2215	0000	58	920.625	091304559 1.99585076967864	
0.184077694546277	-57.5	920.625	2216	0000	59	920.625	091304565 2.0025060006955	
5.05600067687107	-64.5	920.625	2215	0000	60	920.625	091304776 2.21366893680551	
0.141126232485479	-56.5	920.625	2216	0000	61	920.625	091304780 2.21779098134262	
4.91487444438559	-64.5	920.625	2215	0000	62	920.625	091304781 2.21899584019743	
0.21475731030399	-57	920.625	2216	0000	63	920.625	091304783 2.22096643197532	
4.93941813699176	-64.5	920.625	2215	0000	64	920.625	091304784 2.22198325582238	
0.171805848243192	-57	920.625	2216	0000	65	920.625	091304786 2.22355285728256	
0.159534001940107	-57	920.625	2216	0000	66	920.625	091304790 2.22799055898126	
4.85965113602171	-64	920.625	2215	0000	67	920.625	091304793 2.23079937910689	
5.01918513796182	-64	920.625	2215	0000	68	920.625	091304795 2.232649145177	
0.153398078788564	-57.5	920.625	2216	0000	69	920.625	091304797 2.23444982580331	
4.87805890547634	-65	920.625	2215	0000	70	920.625	091305027 2.46358936174953	
0.110446616727766	-57	920.625	2216	0000	71	920.625	091305029 2.46634154482464	
0.116582539879309	-57	920.625	2216	0000	72	920.625	091305031 2.46847374098669	
4.96396182959793	-64.5	920.625	2215	0000	73	920.625	091305033 2.47050776626116	
0.0797670009700533	-57	920.625	2216	0000	74	920.625	091305036 2.47260031648784	
4.74920451929395	-64	920.625	2215	0000	75	920.625	091305040 2.47688887395349	
0.153398078788564	-57	920.625	2216	0000	76	920.625	091305043 2.48034335645509	
5.09895213893187	-64.5	920.625	2215	0000	77	920.625	091305044 2.48140511236224	
5.05600067687107	-64.5	920.625	2215	0000	78	920.625	091305046 2.48316765737454	
0.147262155637022	-57	920.625	2216	0000	79	920.625	091305047 2.48408819823572	
0.104310693576224	-57	920.625	2216	0000	80	920.625	091305276 2.71402367353196	
4.93941813699176	-64.5	920.625	2215	0000	81	920.625	091305280 2.7181562903185	
0.110446616727766	-57	920.625	2216	0000	82	920.625	091305283 2.7210621485907	
4.97623367590102	-64.5	920.625	2215	0000	83	920.625	091305286 2.72349980724524	
0.153398078788564	-57	920.625	2216	0000	84	920.625	091305292 2.72973214828486	
4.8719229823248	-65	920.625	2215	0000	85	920.625	091305295 2.7326568855739	
0.202485464000905	-56.5	920.625	2216	0000	86	920.625	091305298 2.73565940441233	
4.92714629068868	-64	920.625	2215	0000	87	920.625	091305304 2.7414031564961	
0.177941771394734	-57.5	920.625	2216	0000	88	920.625	091305306 2.7437830453591	
4.93941813699176	-64.5	920.625	2215	0000	89	920.625	091305311 2.74937161192444	
0.104310693576224	-57	920.625	2216	0000	90	920.625	091305316 2.75297788172145	
4.89033075177942	-65	920.625	2215	0000	91	920.625	091305319 2.75570929787804	
0.098174770424681	-57.5	920.625	2216	0000	92	920.625	091305526 2.96359106086104	
4.89033075177942	-65	920.625	2215	0000	93	920.625	091305530 2.96708367897667	
4.8719229823248	-64	920.625	2215	0000	94	920.625	091305531 2.96826172962756	
0.177941771394734	-57	920.625	2216	0000	95	920.625	091305532 2.96979885917877	
4.9885055222041	-64.5	920.625	2215	0000	96	920.625	091305533 2.97081077448146	
0.134990309333936	-57.5	920.625	2216	0000	97	920.625	091305535 2.97276097692116	
0.159534001940107	-57.5	920.625	2216	0000	98	920.625	091305540 2.97734895559391	
5.05600067687107	-64	920.625	2215	0000	99	920.625	091305540 2.97788021112782	
4.92714629068868	-64.5	920.625	2215	0000	100	920.625	091305542 2.97951362366492	
0.147262155637022	-57	920.625	2216	0000	101	920.625	091305542 2.98010038350835	
0.208621387152447	-56.5	920.625	2216	0000	102	920.625	091305776 3.21346315552194	
4.92101036753714	-64.5	920.625	2215	0000	103	920.625	091305779 3.21610055417466	
0.0797670009700533	-57	920.625	2216	0000	104	920.625	091305781 3.21790614334535	
5.01304921481027	-65	920.625	2215	0000	105	920.625	091305782 3.219453845146	
0.147262155637022	-57.5	920.625	2216	0000	106	920.625	091305784 3.22094981844049	
5.46710752802443	-62.5	920.625	2215	0000	107	920.625	091305788 3.22539846996896	
0.0674951546669682	-57	920.625	2216	0000	108	920.625	091305789 3.22596295257251	
4.89646667493097	-65	920.625	2215	0000	109	920.625	091305790 3.2274177696103	
0.122718463030851	-57	920.625	2216	0000	110	920.625	091305794 3.2311173017505	
4.96396182959793	-65.5	920.625	2215	0000	111	920.625	091305796 3.23371807511055	
4.82283559711246	-63.5	920.625	2215	0000	112	920.625	091306026 3.46338886659067	
0.122718463030851	-57	920.625	2216	0000	113	920.625	091306030 3.46777106397986	
5.0744084463257	-64	920.625	2215	0000	114	920.625	091306032 3.46980244619197	
0.0797670009700533	-57.5	920.625	2216	0000	115	920.625	091306033 3.47084796614464	
0.110446616727766	-57.5	920.625	2216	0000	116	920.625	091306036 3.47312024461165	
4.92101036753714	-64.5	920.625	2215	0000	117	920.625	091306042 3.47971657309597	
0.153398078788564	-56.5	920.625	2216	0000	118	920.625	091306046 3.48381294217017	
5.00077736850719	-63.5	920.625	2215	0000	119	920.625	091306048 3.48543200665448	
5.15417544729575	-63.5	920.625	2215	0000	120	920.625	091306051 3.48840998277101	
0.0736310778185108	-57	920.625	2216	0000	121	920.625	091306053 3.49032544781972	
5.06213660002262	-64	920.625	2215	0000	122	920.625	091306276 3.71341010548462	
0.220893233455532	-57	920.625	2216	0000	123	920.625	091306279 3.71669090103129	
0.122718463030851	-57	920.625	2216	0000	124	920.625	091306281 3.71835036661163	
5.08054436947724	-64.5	920.625	2215	0000	125	920.625	091306282 3.71943666524067	
5.1173599083865	-64	920.625	2215	0000	126	920.625	091306283 3.72046557165852	
6.2709134608765	-57	920.625	2216	0000	127	920.625	091306285 3.72229306048875	
0.104310693576224	-57	920.625	2216	0000	128	920.625	091306286 3.7233189462639	
5.19099098620501	-64	920.625	2215	0000	129	920.625	091306290 3.72710947526528	
0.0736310778185108	-57	920.625	2216	0000	130	920.625	091306293 3.72976197713147	
5.04372883056799	-64.5	920.625	2215	0000	131	920.625	091306294 3.73079503693302	
5.01304921481027	-64	920.625	2215	0000	132	920.625	091306536 3.97346591941001	
0.0490873852123405	-57	920.625	2216	0000	133	920.625	091306539 3.97655943510961	
5.08054436947724	-64	920.625	2215	0000	134	920.625	091306541 3.9789125157687	
0.104310693576224	-57	920.625	2216	0000	135	920.625	091306542 3.97988478513602	
0.0736310778185108	-57	920.625	2216	0000	136	920.625	091306544 3.98136338973503	
5.00077736850719	-64	920.625	2215	0000	137	920.625	091306545 3.98236171214559	
5.06213660002262	-63.5	920.625	2215	0000	138	920.625	091306549 3.98683641671729	
0.0490873852123405	-57	920.625	2216	0000	139	920.625	091306552 3.9891332379062	
0.110446616727766	-57	920.625	2216	0000	140	920.625	091306554 3.99147423599451	
5.0314569842649	-64	920.625	2215	0000	141	920.625	091306556 3.99364154712788	
0.00613592315154256	-56.5	920.625	2216	0000	142	920.625	091306562 3.99959372355758	
4.96396182959793	-63.5	920.625	2215	0000	143	920.625	091306563 4.00114255809923	
4.91487444438559	-63.5	920.625	2215	0000	144	920.625	091306776 4.21335441238494	
0.0920388472731385	-57	920.625	2216	0000	145	920.625	091306781 4.21785403725887	
5.10508806208341	-63.5	920.625	2215	0000	146	920.625	091306782 4.21910571607545	
0.159534001940107	-57	920.625	2216	0000	147	920.625	091306783 4.22047029141273	
5.03759290741645	-64	920.625	2215	0000	148	920.625	091306784 4.2215773569603	
0.0674951546669682	-57	920.625	2216	0000	149	920.625	091306785 4.22252621634674	
0.0859029241215959	-57	920.625	2216	0000	150	920.625	091306786 4.22300989675821	
4.93328221384022	-62.5	920.625	2215	0000	151	920.625	091306787 4.22402823092662	
5.1603113704473	-64	920.625	2215	0000	152	920.625	091307026 4.4633235451924	
0.098174770424681	-56	920.625	2216	0000	153	920.625	091307029 4.46675801593616	
0.0920388472731385	-57	920.625	2216	0000	154	920.625	091307031 4.46855718624112	
5.02532106111336	-64	920.625	2215	0000	155	920.625	091307032 4.46984926615374	
5.03759290741645	-64	920.625	2215	0000	156	920.625	091307033 4.47042885197076	
6.24636976827033	-56.5	920.625	2216	0000	157	920.625	091307034 4.47151628334082	
0.0368155389092554	-57	920.625	2216	0000	158	920.625	091307035 4.47286084692025	
5.17258321675038	-63.5	920.625	2215	0000	159	920.625	091307041 4.4789202561656	
0.11965050145508	-57.5	920.625	2216	0000	160	920.625	091307043 4.48029238310962	
1.82236917600814	-64.5	920.625	2215	0000	161	920.625	091307043 4.48089047036315	
0.0797670009700533	-57	920.625	2216	0000	162	920.625	091307276 4.71324850110046	
5.05600067687107	-64.5	920.625	2215	0000	163	920.625	091307280 4.71748533005996	
0.0368155389092554	-57	920.625	2216	0000	164	920.625	091307281 4.71841077946552	
5.01304921481027	-63.5	920.625	2215	0000	165	920.625	091307282 4.7193384943531	
5.09895213893187	-63.5	920.625	2215	0000	166	920.625	091307282 4.71979234591796	
0.098174770424681	-57	920.625	2216	0000	167	920.625	091307283 4.72074422594709	
5.06213660002262	-64	920.625	2215	0000	168	920.625	091307284 4.72174141561665	
0.042951462060798	-57	920.625	2216	0000	169	920.625	091307292 4.72922543547284	
0.042951462060798	-57	920.625	2216	0000	170	920.625	091307295 4.73223059737363	
5.05600067687107	-64	920.625	2215	0000	171	920.625	091307296 4.73345999895033	
1.83464102231123	-65	920.625	2215	0000	172	920.625	091307526 4.96331014109044	
0.138058270909708	-57.5	920.625	2216	0000	173	920.625	091307529 4.96655733198713	
4.9885055222041	-63.5	920.625	2215	0000	174	920.625	091307531 4.96855888535264	
0.0490873852123405	-57	920.625	2216	0000	175	920.625	091307533 4.97015718291842	
5.08054436947724	-64	920.625	2215	0000	176	920.625	091307534 4.97122573527163	
0.0552233083638831	-57	920.625	2216	0000	177	920.625	091307535 4.9722467125024	
0.0490873852123405	-57	920.625	2216	0000	178	920.625	091307540 4.97713826576596	
4.99464144535565	-64.5	920.625	2215	0000	179	920.625	091307542 4.97961028423115	
0.0306796157577128	-57	920.625	2216	0000	180	920.625	091307544 4.98102205711054	
5.04372883056799	-63.5	920.625	2215	0000	181	920.625	091307545 4.98199923502224	
0.0306796157577128	-57	920.625	2216	0000	182	920.625	091307546 4.98293336877554	
4.97009775274948	-64.5	920.625	2215	0000	183	920.625	091307776 5.21324680198894	
0.107378655151995	-57.5	920.625	2216	0000	184	920.625	091307780 5.21685193904494	
4.95168998329485	-63.5	920.625	2215	0000	185	920.625	091307781 5.2179321963886	
0.042951462060798	-57	920.625	2216	0000	186	920.625	091307782 5.21893844798623	
4.95782590644639	-63	920.625	2215	0000	187	920.625	091307783 5.22000775550012	
0.0859029241215959	-57	920.625	2216	0000	188	920.625	091307784 5.22109254380782	
5.14190360099267	-63.5	920.625	2215	0000	189	920.625	091307786 5.22325230333445	
0.0184077694546277	-57	920.625	2216	0000	190	920.625	091307792 5.2289937899362	
0.0951068088489097	-57.5	920.625	2216	0000	191	920.625	091307794 5.23116600961395	
1.84691286861431	-64.5	920.625	2215	0000	192	920.625	091307796 5.23310601738455	
0.0368155389092554	-56.5	920.625	2216	0000	193	920.625	091308026 5.46318723869081	
5.06827252317416	-64.5	920.625	2215	0000	194	920.625	091308029 5.46650541469082	
5.12963175468958	-63.5	920.625	2215	0000	195	920.625	091308031 5.46887661920608	
0.0736310778185108	-56	920.625	2216	0000	196	920.625	091308033 5.47051796093025	
0.042951462060798	-57	920.625	2216	0000	197	920.625	091308036 5.4732633475593	
5.04986475371953	-63.5	920.625	2215	0000	198	920.625	091308042 5.47919513465081	
4.89033075177942	-63.5	920.625	2215	0000	199	920.625	091308044 5.48136282336452	
0.0306796157577128	-57	920.625	2216	0000	200	920.625	091308045 5.48248310422388	
0.0122718463030851	-57	920.625	2216	0000	201	920.625	091308046 5.48342894296762	
5.05600067687107	-64	920.625	2215	0000	202	920.625	091308050 5.48707636902135	
0.0951068088489097	-57.5	920.625	2216	0000	203	920.625	091308276 5.71318922098758	
1.92361190800859	-65	920.625	2215	0000	204	920.625	091308280 5.7168981926362	
6.26477753772496	-57	920.625	2216	0000	205	920.625	091308282 5.71953634644959	
5.13576767784113	-64	920.625	2215	0000	206	920.625	091308285 5.72217638816467	
0.00613592315154256	-57	920.625	2216	0000	207	920.625	091308291 5.72836115408185	
5.08054436947724	-64	920.625	2215	0000	208	920.625	091308294 5.73145391462078	
0.0797670009700533	-57	920.625	2216	0000	209	920.625	091308296 5.73357327305137	
5.05600067687107	-64	920.625	2215	0000	210	920.625	091308297 5.73458367803272	
5.12349583153804	-64	920.625	2215	0000	211	920.625	091308302 5.73885902018658	
0.0552233083638831	-57	920.625	2216	0000	212	920.625	091308304 5.74127817740461	
4.99464144535565	-63.5	920.625	2215	0000	213	920.625	091308526 5.96308699111138	
0.0245436926061703	-57	920.625	2216	0000	214	920.625	091308529 5.96688431655882	
5.08054436947724	-64	920.625	2215	0000	215	920.625	091308532 5.96942543222565	
0.128854386182394	-56.5	920.625	2216	0000	216	920.625	091308534 5.9717996573836	
5.08054436947724	-63.5	920.625	2215	0000	217	920.625	091308540 5.97762609956114	
0.0306796157577128	-57	920.625	2216	0000	218	920.625	091308543 5.98041302002724	
5.09281621578033	-64	920.625	2215	0000	219	920.625	091308545 5.98236171214559	
0.00613592315154256	-57	920.625	2216	0000	220	920.625	091308546 5.98337173954659	
0.0736310778185108	-57	920.625	2216	0000	221	920.625	091308550 5.98715698242326	
5.1173599083865	-64.5	920.625	2215	0000	222	920.625	091308553 5.99026748923802	
0.0736310778185108	-57	920.625	2216	0000	223	920.625	091308776 6.21318525639404	
5.1173599083865	-64	920.625	2215	0000	224	920.625	091308779 6.21636939137448	
5.20939875565964	-64.5	920.625	2215	0000	225	920.625	091308780 6.21757991393434	
0.0490873852123405	-57	920.625	2216	0000	226	920.625	091308783 6.21966377981327	
0.0184077694546277	-57	920.625	2216	0000	227	920.625	091308784 6.22112916910049	
5.12349583153804	-64	920.625	2215	0000	228	920.625	091308785 6.22255415729166	
5.02532106111336	-64	920.625	2215	0000	229	920.625	091308790 6.22683667347192	
0	-57	920.625	2216	0000	230	920.625	091308792 6.22885748343461	
0.0368155389092554	-57	920.625	2216	0000	231	920.625	091308794 6.23082958553384	
5.11122398523496	-64	920.625	2215	0000	232	920.625	091308794 6.23139784394076	
0.0368155389092554	-57	920.625	2216	0000	233	920.625	091309026 6.46303431865439	
5.13576767784113	-64	920.625	2215	0000	234	920.625	091309028 6.46561092687288	
5.01918513796182	-63.5	920.625	2215	0000	235	920.625	091309030 6.46735459286834	
0.0122718463030851	-57	920.625	2216	0000	236	920.625	091309031 6.46872483191067	
0.0368155389092554	-57	920.625	2216	0000	237	920.625	091309033 6.47042243310504	
5.06827252317416	-64	920.625	2215	0000	238	920.625	091309034 6.4713950800527	
0.128854386182394	-57.5	920.625	2216	0000	239	920.625	091309035 6.47194559218379	
5.04372883056799	-64.5	920.625	2215	0000	240	920.625	091309040 6.47771426456979	
0.0306796157577128	-57	920.625	2216	0000	241	920.625	091309042 6.47941639672819	
5.01918513796182	-64	920.625	2215	0000	242	920.625	091309044 6.48144022733357	
0.0951068088489097	-57.5	920.625	2216	0000	243	920.625	091309275 6.71309180526068	
5.07134048474993	-64.5	920.625	2215	0000	244	920.625	091309278 6.71607204685923	
5.12963175468958	-64	920.625	2215	0000	245	920.625	091309280 6.71755102903857	
0.0490873852123405	-56.5	920.625	2216	0000	246	920.625	091309281 6.71902812331623	
5.17258321675038	-63.5	920.625	2215	0000	247	920.625	091309284 6.72139441928711	
0.0736310778185108	-57	920.625	2216	0000	248	920.625	091309285 6.7228462156822	
0.0184077694546277	-57	920.625	2216	0000	249	920.625	091309289 6.72686706868904	
5.04986475371953	-63.5	920.625	2215	0000	250	920.625	091309291 6.72829658784425	
0.0613592315154256	-56.5	920.625	2216	0000	251	920.625	091309292 6.72928396042505	
5.03759290741645	-64	920.625	2215	0000	252	920.625	091309292 6.73024339206092	
0.0306796157577128	-57	920.625	2216	0000	253	920.625	091309294 6.73134554906411	
4.98236959905256	-64.5	920.625	2215	0000	254	920.625	091309294 6.73189304055251	
0.0920388472731385	-57	920.625	2216	0000	255	920.625	091309535 6.97299583189066	
5.01304921481027	-64	920.625	2215	0000	256	920.625	091309540 6.97745543324889	
5.0314569842649	-64	920.625	2215	0000	257	920.625	091309542 6.9796333166317	
0.0368155389092554	-57	920.625	2216	0000	258	920.625	091309543 6.98105830482287	
0.0552233083638831	-57	920.625	2216	0000	259	920.625	091309544 6.98167602625392	
5.03759290741645	-65	920.625	2215	0000	260	920.625	091309545 6.98265433690663	
5.13576767784113	-64	920.625	2215	0000	261	920.625	091309550 6.9881488859681	
0.0859029241215959	-57	920.625	2216	0000	262	920.625	091309553 6.9905933410687	
0.0797670009700533	-57.5	920.625	2216	0000	263	920.625	091309557 6.99433780526898	
4.96089386802216	-65	920.625	2215	0000	264	920.625	091309562 6.9994442017442	
0.0490873852123405	-57	920.625	2216	0000	265	920.625	091309776 7.21302516233123	
5.10508806208341	-63.5	920.625	2215	0000	266	920.625	091309779 7.21667674176865	
5.01611717638605	-65	920.625	2215	0000	267	920.625	091309781 7.21822784179233	
0.107378655151995	-57.5	920.625	2216	0000	268	920.625	091309781 7.21887501448965	
5.14190360099267	-64	920.625	2215	0000	269	920.625	091309783 7.22053296974864	
0.0122718463030851	-57	920.625	2216	0000	270	920.625	091309784 7.22151543378506	
4.93941813699176	-64	920.625	2215	0000	271	920.625	091309785 7.22262249933263	
0.0613592315154256	-56.5	920.625	2216	0000	272	920.625	091309790 7.2273173332407	
0.0184077694546277	-57	920.625	2216	0000	273	920.625	091309793 7.23005252520066	
5.09281621578033	-64	920.625	2215	0000	274	920.625	091309793 7.23056339139638	
5.12349583153804	-63.5	920.625	2215	0000	275	920.625	091310026 7.46288895022472	
0.0245436926061703	-57	920.625	2216	0000	276	920.625	091310029 7.46598208834398	
0.159534001940107	-57	920.625	2216	0000	277	920.625	091310030 7.46717448704767	
5.1603113704473	-64.5	920.625	2215	0000	278	920.625	091310031 7.46886944517968	
5.08668029262879	-64	920.625	2215	0000	279	920.625	091310033 7.4703605099298	
0.098174770424681	-57	920.625	2216	0000	280	920.625	091310034 7.47139772311505	
5.0314569842649	-64	920.625	2215	0000	281	920.625	091310035 7.47242096582785	
0.0859029241215959	-57	920.625	2216	0000	282	920.625	091310041 7.47817113677734	
6.19728238305799	-56.5	920.625	2216	0000	283	920.625	091310043 7.48006734522888	
5.11122398523496	-64	920.625	2215	0000	284	920.625	091310044 7.48199866865173	
0.0245436926061703	-57	920.625	2216	0000	285	920.625	091310275 7.71287318624565	
4.90873852123405	-62	920.625	2215	0000	286	920.625	091310278 7.71598444822109	
5.09895213893187	-64	920.625	2215	0000	287	920.625	091310281 7.71834961145095	
0.0552233083638831	-57	920.625	2216	0000	288	920.625	091310282 7.71940230543002	
0.116582539879309	-57	920.625	2216	0000	289	920.625	091310283 7.72044971328437	
4.9885055222041	-64.5	920.625	2215	0000	290	920.625	091310284 7.72140348121519	
5.06213660002262	-64	920.625	2215	0000	291	920.625	091310289 7.72687537545645	
0.0490873852123405	-57	920.625	2216	0000	292	920.625	091310291 7.72886371351016	
0.0797670009700533	-57	920.625	2216	0000	293	920.625	091310292 7.72976159955113	
5.18485506305347	-64	920.625	2215	0000	294	920.625	091310293 7.73059416419383	
0.00613592315154256	-57	920.625	2216	0000	295	920.625	091310525 7.96283892083009	
5.1173599083865	-64.5	920.625	2215	0000	296	920.625	091310529 7.96611556299305	
0.0736310778185108	-57	920.625	2216	0000	297	920.625	091310530 7.96786413753288	
5.05600067687107	-64	920.625	2215	0000	298	920.625	091310532 7.96979923675911	
0.0613592315154256	-57	920.625	2216	0000	299	920.625	091310533 7.97073525841409	
5.09895213893187	-64	920.625	2215	0000	300	920.625	091310534 7.97130842536539	
5.17871913990192	-64	920.625	2215	0000	301	920.625	091310540 7.9777046362712	
0.0736310778185108	-57	920.625	2216	0000	302	920.625	091310545 7.9820018780846	
5.52846675953985	-61.5	920.625	2215	0000	303	920.625	091310546 7.98352390442233	
0.098174770424681	-57	920.625	2216	0000	304	920.625	091310547 7.98444671076553	
5.19099098620501	-64.5	920.625	2215	0000	305	920.625	091310776 8.21287752841953	
0.0552233083638831	-57	920.625	2216	0000	306	920.625	091310779 8.21599520926069	
0.110446616727766	-57.5	920.625	2216	0000	307	920.625	091310780 8.21703053454426	
4.92714629068868	-66.5	920.625	2215	0000	308	920.625	091310782 8.21943194548646	
0.116582539879309	-57	920.625	2216	0000	309	920.625	091310783 8.22041252162119	
4.84124336656708	-67	920.625	2215	0000	310	920.625	091310785 8.22224756205816	
6.21569015251262	-56.5	920.625	2216	0000	311	920.625	091310791 8.22783386314148	
4.86578705917325	-67.5	920.625	2215	0000	312	920.625	091310791 8.22851275258709	
0.0797670009700533	-57.5	920.625	2216	0000	313	920.625	091311026 8.46272734584056	
4.83510744341554	-67.5	920.625	2215	0000	314	920.625	091311029 8.46590657227662	
0.104310693576224	-57.5	920.625	2216	0000	315	920.625	091311031 8.46812712223748	
0.128854386182394	-57.5	920.625	2216	0000	316	920.625	091311032 8.4691137396576	
0.0920388472731385	-57	920.625	2216	0000	317	920.625	091311034 8.47080945295028	
0.110446616727766	-57.5	920.625	2216	0000	318	920.625	091311039 8.47584977286655	
0.147262155637022	-57.5	920.625	2216	0000	319	920.625	091311276 8.71268326333623	
0.147262155637022	-57	920.625	2216	0000	320	920.625	091311279 8.71577413597348	
0.177941771394734	-57.5	920.625	2216	0000	321	920.625	091311281 8.71758727675091	
0.104310693576224	-57.5	920.625	2216	0000	322	920.625	091311282 8.71846703893571	
0.0306796157577128	-57.5	920.625	2216	0000	323	920.625	091311283 8.71963980346188	
0.0859029241215959	-57	920.625	2216	0000	324	920.625	091311284 8.72133023062985	
0.0490873852123405	-57.5	920.625	2216	0000	325	920.625	091311525 8.9625806558797	
0.0674951546669682	-57.5	920.625	2216	0000	326	920.625	091311529 8.96703648143456	
0.098174770424681	-57.5	920.625	2216	0000	327	920.625	091311532 8.96997783225843	
0.0797670009700533	-57.5	920.625	2216	0000	328	920.625	091311539 8.97657529348376	
0.0122718463030851	-57.5	920.625	2216	0000	329	920.625	091311542 8.98005960483197	
0.0736310778185108	-57.5	920.625	2216	0000	330	920.625	091311545 8.98314481376416	
0.104310693576224	-57.5	920.625	2216	0000	331	920.625	091311775 9.21322641265075	
0.0306796157577128	-57.5	920.625	2216	0000	332	920.625	091311778 9.21624478986333	
0.0552233083638831	-57.5	920.625	2216	0000	333	920.625	091311780 9.21735865185696	
0.0859029241215959	-57.5	920.625	2216	0000	334	920.625	091311782 9.2195410662038	
0.0368155389092554	-57.5	920.625	2216	0000	335	920.625	091311783 9.22096756471633	
0.0368155389092554	-57.5	920.625	2216	0000	336	920.625	091311784 9.22195946826116	
0.0797670009700533	-57.5	920.625	2216	0000	337	920.625	091312025 9.4625196766553	
0.0245436926061703	-57.5	920.625	2216	0000	338	920.625	091312028 9.46553654354653	
0.0306796157577128	-57.5	920.625	2216	0000	339	920.625	091312029 9.46665984504858	
0.122718463030851	-57.5	920.625	2216	0000	340	920.625	091312030 9.46814260303129	
0.122718463030851	-57.5	920.625	2216	0000	341	920.625	091312032 9.46959590974773	
0.0797670009700533	-57.5	920.625	2216	0000	342	920.625	091312275 9.71255450844138	
0.269980618667873	-57	920.625	2216	0000	343	920.625	091312278 9.71601503222837	
0.153398078788564	-57.5	920.625	2216	0000	344	920.625	091312280 9.71751893470994	
0.0736310778185108	-57.5	920.625	2216	0000	345	920.625	091312281 9.71855879095756	
6.18501053675491	-57	920.625	2216	0000	346	920.625	091312283 9.72063623797076	
0.134990309333936	-57.5	920.625	2216	0000	347	920.625	091312284 9.72158698525889	
0.122718463030851	-57.5	920.625	2216	0000	348	920.625	091312525 9.96246851451966	
0.104310693576224	-58	920.625	2216	0000	349	920.625	091312528 9.96552313944457	
0.141126232485479	-57	920.625	2216	0000	350	920.625	091312529 9.96698399776774	
0.116582539879309	-58	920.625	2216	0000	351	920.625	091312531 9.96852339280098	
0.147262155637022	-57.5	920.625	2216	0000	352	920.625	091312532 9.97011942488473	
0.0859029241215959	-57.5	920.625	2216	0000	353	920.625	091312533 9.97074281002083	
0.159534001940107	-57.5	920.625	2216	0000	354	920.625	091312785 10.2224431486726	
0.104310693576224	-57.5	920.625	2216	0000	355	920.625	091312789 10.2268563076494	
0.104310693576224	-57.5	920.625	2216	0000	356	920.625	091312793 10.2306143647419	
0.116582539879309	-57.5	920.625	2216	0000	357	920.625	091312796 10.2333114210878	
0.104310693576224	-57.5	920.625	2216	0000	358	920.625	091312801 10.2385760237241	
0.0797670009700533	-57.5	920.625	2216	0000	359	920.625	091313025 10.4624505794537	
0.0859029241215959	-57.5	920.625	2216	0000	360	920.625	091313028 10.4655807204459	
0.0859029241215959	-57.5	920.625	2216	0000	361	920.625	091313029 10.4665884823649	
0.104310693576224	-57.5	920.625	2216	0000	362	920.625	091313030 10.467746521258	
0.110446616727766	-57.5	920.625	2216	0000	363	920.625	091313032 10.4694463879343	
0.227029156607075	-57.5	920.625	2216	0000	364	920.625	091313034 10.4709140427036	
0.128854386182394	-57.5	920.625	2216	0000	365	920.625	091313275 10.712410650333	
0.116582539879309	-57.5	920.625	2216	0000	366	920.625	091313278 10.715578549359	
0.153398078788564	-57.5	920.625	2216	0000	367	920.625	091313279 10.7161090497322	
0.177941771394734	-57.5	920.625	2216	0000	368	920.625	091313280 10.717419253501	
0.147262155637022	-57.5	920.625	2216	0000	369	920.625	091313281 10.7184175759116	
0.110446616727766	-57.5	920.625	2216	0000	370	920.625	091313282 10.71940230543	
0.0184077694546277	-57.5	920.625	2216	0000	371	920.625	091313525 10.9624020603804	
0.153398078788564	-57.5	920.625	2216	0000	372	920.625	091313528 10.9657700769849	
0.116582539879309	-57.5	920.625	2216	0000	373	920.625	091313530 10.9672464161018	
0.122718463030851	-57.5	920.625	2216	0000	374	920.625	091313531 10.968344042141	
0.0552233083638831	-57.5	920.625	2216	0000	375	920.625	091313531 10.9688224364277	
0.159534001940107	-57.5	920.625	2216	0000	376	920.625	091313533 10.9703909051469	
6.25864161457342	-57.5	920.625	2216	0000	377	920.625	091313785 11.2222785236458	
0.122718463030851	-57.5	920.625	2216	0000	378	920.625	091313790 11.2270726611824	
0.0859029241215959	-57.5	920.625	2216	0000	379	920.625	091313793 11.2306362644014	
0.0674951546669682	-57.5	920.625	2216	0000	380	920.625	091313795 11.2325766497523	
0.165669925091649	-57.5	920.625	2216	0000	381	920.625	091313800 11.2370249237005	
0.0736310778185108	-57	920.625	2216	0000	382	920.625	091313801 11.2383385256923	
0.0490873852123405	-57.5	920.625	2216	0000	383	920.625	091314025 11.4623195590768	
0.122718463030851	-57.5	920.625	2216	0000	384	920.625	091314029 11.465728731938	
0.0613592315154256	-57.5	920.625	2216	0000	385	920.625	091314030 11.4672677493909	
0.104310693576224	-57.5	920.625	2216	0000	386	920.625	091314032 11.4688577401892	
0.134990309333936	-57.5	920.625	2216	0000	387	920.625	091314032 11.4693795562147	
0.147262155637022	-57.5	920.625	2216	0000	388	920.625	091314274 11.7122630164213	
0.0490873852123405	-57.5	920.625	2216	0000	389	920.625	091314277 11.7152753523485	
0.0920388472731385	-57.5	920.625	2216	0000	390	920.625	091314279 11.7167260160026	
0.0797670009700533	-57.5	920.625	2216	0000	391	920.625	091314281 11.7184485374992	
0.0920388472731385	-57.5	920.625	2216	0000	392	920.625	091314282 11.7193713438424	
0.147262155637022	-57	920.625	2216	0000	393	920.625	091314525 11.9625259067309	
0.0613592315154256	-57.5	920.625	2216	0000	394	920.625	091314528 11.9653343492762	
0.098174770424681	-57.5	920.625	2216	0000	395	920.625	091314530 11.9672781328501	
0.245436926061703	-57	920.625	2216	0000	396	920.625	091314531 11.9684014343522	
0.147262155637022	-57.5	920.625	2216	0000	397	920.625	091314531 11.9688987076558	
0.0859029241215959	-57.5	920.625	2216	0000	398	920.625	091314532 11.970040133014	
0.110446616727766	-57.5	920.625	2216	0000	399	920.625	091314775 12.212203169938	
0.165669925091649	-57.5	920.625	2216	0000	400	920.625	091314778 12.2151407449585	
0.153398078788564	-57.5	920.625	2216	0000	401	920.625	091314779 12.2164101700509	
0.141126232485479	-57.5	920.625	2216	0000	402	920.625	091314780 12.2174587106462	
0.0245436926061703	-57	920.625	2216	0000	403	920.625	091314781 12.218552560882	
0.0797670009700533	-57.5	920.625	2216	0000	404	920.625	091314783 12.2208112464569	
0.0859029241215959	-57.5	920.625	2216	0000	405	920.625	091315024 12.4621602201746	
0.141126232485479	-57.5	920.625	2216	0000	406	920.625	091315028 12.4657083425998	
0.128854386182394	-57	920.625	2216	0000	407	920.625	091315029 12.4667908654255	
0.0920388472731385	-57	920.625	2216	0000	408	920.625	091315030 12.4677899429967	
0.0490873852123405	-57.5	920.625	2216	0000	409	920.625	091315032 12.469730705928	
0.0920388472731385	-57.5	920.625	2216	0000	410	920.625	091315032 12.4702370411597	
0.122718463030851	-57.5	920.625	2216	0000	411	920.625	091315285 12.7221031375793	
0.110446616727766	-57.5	920.625	2216	0000	412	920.625	091315288 12.7251177389885	
0.0736310778185108	-57.5	920.625	2216	0000	413	920.625	091315291 12.7281123286399	
0.110446616727766	-57.5	920.625	2216	0000	414	920.625	091315293 12.7304627662366	
0.0920388472731385	-57.5	920.625	2216	0000	415	920.625	091315294 12.7315320737505	
0.104310693576224	-57.5	920.625	2216	0000	416	920.625	091315317 12.7551731337997	
