2.44209741431394	-58.5	-17.0625	0	1186	234836915 0.6917497	
2.1475731030399	-58.5	74	1	1130	234836918 0.6933617	
2.57708772364788	-58.5	-69.125	2	1186	234836919 0.69398	
2.42368964485931	-58	-130.1875	3	1130	234836919 0.6946529	
2.60163141625405	-58	-113.0625	4	1186	234836920 0.6951883	
2.41755372170777	-58.5	-91.125	5	1130	234836921 0.6959475	
2.44823333746548	-58.5	0	6	1186	234836922 0.6967803	
2.37460225964697	-58	-69.125	7	1130	234836922 0.6974948	
2.25188379661612	-58.5	8.9375	8	1130	234836923 0.6984045	
2.4359614911624	-58.5	21.9375	9	1186	234836924 0.6992381	
2.55867995419325	-58	-39	10	1186	234836925 0.6999967	
2.31937895128309	-58	-26	11	1130	234836925 0.7006266	
2.55867995419325	-58.5	-30.0625	12	1186	234837162 0.9374882	
2.33165079758617	-58.5	-30.0625	13	1130	234837163 0.9385485	
2.34392264388926	-58.5	-43.125	14	1130	234837164 0.9397023	
2.53413626158708	-58	-121.25	15	1186	234837165 0.9408135	
2.28869933552538	-58.5	-12.1875	16	1130	234837166 0.9416094	
2.55254403104171	-58.5	-78.0625	17	1186	234837167 0.9422369	
2.44209741431394	-58.5	0	18	1186	234837167 0.9429556	
2.27029156607075	-57.5	30.0625	19	1130	234837168 0.943689	
2.44209741431394	-58	0	20	1186	234837169 0.9443043	
2.34392264388926	-58.5	-43.125	21	1130	234837169 0.9447794	
2.51572849213245	-58	-91.125	22	1186	234837170 0.9451987	
2.25801971976766	-58.5	26	23	1130	234837170 0.945703	
2.54027218473862	-58	-87.875	24	1186	234837412 1.1873736	
2.40528187540469	-58.5	-100.0625	25	1130	234837413 1.1884457	
2.41755372170777	-58	30.0625	26	1186	234837413 1.1892094	
2.39914595225314	-58.5	-52.0625	27	1130	234837414 1.1901904	
2.1905245651007	-58	69.125	28	1130	234837415 1.1910829	
2.46050518376857	-58	-4.0625	29	1186	234837416 1.191854	
2.58935956995096	-58.5	-104.125	30	1186	234837417 1.1924642	
2.33778672073772	-58	8.9375	31	1130	234837417 1.1931577	
2.46664110692011	-58.5	-8.9375	32	1186	234837418 1.1938193	
2.36846633649543	-58	-82.1875	33	1130	234837419 1.1944109	
2.24574787346458	-58	0	34	1130	234837420 1.1952269	
2.49732072267782	-58.5	-13	35	1186	234837420 1.1957542	
2.48504887637474	-58.5	0	36	1186	234837662 1.437371	
2.15984494934298	-58	95.1875	37	1130	234837663 1.4381322	
2.33778672073772	-58.5	74	38	1186	234837663 1.4386878	
2.0616701789183	-58	113.0625	39	1130	234837664 1.4391929	
2.49118479952628	-58	-30.0625	40	1186	234837664 1.4398812	
2.20279641140378	-58	56.125	41	1130	234837665 1.4407188	
2.20893233455532	-58	39	42	1130	234837666 1.4415056	
2.41141779855623	-58.5	17.0625	43	1186	234837667 1.4422237	
2.32551487443463	-58.5	-4.0625	44	1130	234837667 1.4428098	
2.46664110692011	-58.5	-13	45	1186	234837668 1.4434997	
2.33778672073772	-58.5	-39	46	1130	234837670 1.4450814	
2.46664110692011	-58.5	-21.9375	47	1186	234837671 1.4462859	
2.3500585670408	-58	87.0625	48	1186	234837912 1.6875544	
2.36233041334389	-58.5	-34.9375	49	1130	234837914 1.6895639	
2.55254403104171	-58	-100.0625	50	1186	234837916 1.6915711	
2.20893233455532	-58	48	51	1130	234837917 1.6929445	
2.12302941043373	-58	117.125	52	1130	234837918 1.693825	
2.4789129532232	-58.5	-21.9375	53	1186	234837920 1.6956024	
2.17211679564607	-58.5	43.125	54	1130	234837921 1.6967921	
2.41755372170777	-58	48	55	1186	234837922 1.6981863	
2.29483525867692	-58	-26	56	1130	234837924 1.6996883	
2.36846633649543	-58	26	57	1186	234837925 1.7010715	
2.46664110692011	-58.5	-17.0625	58	1186	234837926 1.7018037	
2.28869933552538	-58.5	-43.125	59	1130	234837927 1.7027516	
2.31324302813155	-58.5	-48	60	1130	234838166 1.9412161	
2.27029156607075	-58	113.0625	61	1186	234838232 2.0071988	
2.11689348728218	-58	104.125	62	1130	234838260 2.035775	
2.35619449019234	-58	87.0625	63	1186	234838269 2.0444341	
2.40528187540469	-58.5	0	64	1186	234838269 2.0451143	
2.19666048825224	-58	52.0625	65	1130	234838270 2.0460233	
2.31324302813155	-58	-8.9375	66	1130	234838271 2.0464252	
2.55254403104171	-58	-104.125	67	1186	234838271 2.0468313	
2.27642748922229	-57.5	21.9375	68	1130	234838271 2.047218	
2.50345664582937	-58.5	4.0625	69	1186	234838272 2.0475591	
2.34392264388926	-58	-56.125	70	1130	234838272 2.0480796	
2.58935956995096	-58.5	-78.0625	71	1186	234838273 2.0487068	
2.51572849213245	-58.5	-48	72	1186	234838420 2.1962997	
2.33778672073772	-58.5	-8.9375	73	1130	234838449 2.2237994	
2.47277703007165	-58.5	-17.0625	74	1186	234838479 2.2553048	
2.21506825770687	-58	30.0625	75	1130	234838483 2.2581175	
2.49732072267782	-58.5	-34.9375	76	1186	234838484 2.2589646	
2.11075756413064	-58	126.125	77	1130	234838484 2.2594481	
2.57708772364788	-58	-121.25	78	1186	234838485 2.2602529	
2.30710710498	-58	-4.0625	79	1130	234838504 2.2793721	
2.15984494934298	-58.5	56.125	80	1130	234838504 2.2799391	
2.27029156607075	-58	139.9375	81	1186	234838506 2.2808435	
2.61390326255713	-58.5	-108.1875	82	1186	234838506 2.2814536	
2.37460225964697	-58.5	-95.1875	83	1130	234838507 2.2819641	
2.53413626158708	-58.5	-100.0625	84	1186	234838718 2.493523	
2.31937895128309	-58	-39	85	1130	234838801 2.5762738	
2.33165079758617	-58.5	-61	86	1130	234838802 2.577565	
2.53413626158708	-58.5	-61	87	1186	234838804 2.5798068	
2.46664110692011	-58.5	26	88	1186	234838811 2.5863088	
2.16598087249453	-58	65.0625	89	1130	234838812 2.5873841	
2.41141779855623	-58.5	60.1875	90	1186	234838814 2.5897458	
2.3930100291016	-58	-95.1875	91	1130	234838815 2.5907458	
2.50345664582937	-58.5	-43.125	92	1186	234838816 2.5919943	
2.30097118182846	-58	8.125	93	1130	234838817 2.5930569	
2.1475731030399	-58.5	78.0625	94	1130	234838921 2.6971502	
2.52800033843554	-58.5	-48	95	1186	234839101 2.8767116	
2.3930100291016	-58	-82.1875	96	1130	234839131 2.9065759	
2.38687410595006	-58.5	52.0625	97	1186	234839142 2.918421	
2.4359614911624	-58.5	-4.0625	98	1186	234839144 2.9205912	
2.1475731030399	-58	104.125	99	1130	234839152 2.9272363	
2.30710710498	-58.5	-30.0625	100	1130	234839165 2.94142	
2.44823333746548	-59	-17.0625	101	1186	234839167 2.9431603	
2.34392264388926	-58.5	-56.125	102	1130	234839169 2.9444028	
2.46050518376857	-58.5	17.0625	103	1186	234839170 2.945207	
2.48504887637474	-58	12.1875	104	1186	234839170 2.9460397	
2.38073818279852	-58	-48	105	1130	234839170 2.9465652	
2.5954954931025	-58	-78.0625	106	1186	234839173 2.947907	
2.20279641140378	-58	30.0625	107	1130	234839173 2.9486336	
2.36846633649543	-58.5	-4.0625	108	1186	234839174 2.9493623	
2.33165079758617	-58	-30.0625	109	1130	234839174 2.9497839	
2.27642748922229	-58	8.9375	110	1130	234839175 2.950397	
2.39914595225314	-58	56.125	111	1186	234839176 2.9510338	
2.46664110692011	-58.5	43.125	112	1186	234839177 2.9520899	
2.38073818279852	-58.5	-48	113	1130	234839177 2.9528171	
2.5954954931025	-58.5	-61	114	1186	234839178 2.9536713	
2.27642748922229	-58	-4.0625	115	1130	234839179 2.9548238	
5.48244733590328	-58.5	2	116	1130	234839412 3.1873298	
5.70947649251036	-58.5	10.125	117	1186	234839413 3.1883474	
5.69106872305573	-59	6.0625	118	1186	234839413 3.1893598	
5.45176772014557	-58.5	2.8125	119	1130	234839415 3.1911777	
2.74275764873953	-58.5	-152.125	120	1186	234839416 3.1924309	
2.27029156607075	-58.5	12.1875	121	1130	234839418 3.1937981	
2.4789129532232	-58.5	65.0625	122	1186	234839419 3.1943811	
2.27642748922229	-58.5	30.0625	123	1130	234839419 3.1953283	
2.27642748922229	-58.5	34.9375	124	1130	234839420 3.195654	
2.6384469551633	-58.5	-43.125	125	1186	234839420 3.1961383	
2.4789129532232	-58	-61	126	1130	234839421 3.1965776	
2.69980618667873	-58.5	-78.0625	127	1186	234839421 3.1970965	
2.36233041334389	-58.5	-21.9375	128	1130	234839661 3.4372241	
2.57095180049633	-58.5	26	129	1186	234839664 3.4387228	
2.38687410595006	-58	4.0625	130	1130	234839665 3.4400305	
2.69367026352719	-58	-61	131	1186	234839665 3.4409277	
2.35619449019234	-58.5	0	132	1130	234839666 3.441977	
2.54640810789016	-58.5	43.125	133	1186	234839667 3.4431971	
2.3930100291016	-59	-26	134	1130	234839668 3.4443646	
2.70594210983027	-58	-126.125	135	1186	234839669 3.4453293	
2.53413626158708	-58	61	136	1186	234839670 3.445996	
2.19666048825224	-58	65.0625	137	1130	234839672 3.4472164	
2.58322364679942	-59	61	138	1186	234839673 3.4488126	
2.41141779855623	-58	-26	139	1130	234839674 3.4495896	
2.35619449019234	-58.5	-21.9375	140	1130	234839912 3.687709	
2.44209741431394	-58.5	143.1875	141	1186	234839917 3.6928619	
2.39914595225314	-58	-8.9375	142	1130	234839921 3.6969335	
2.75502949504261	-58.5	-144	143	1186	234839924 3.6989848	
2.36846633649543	-58.5	-17.0625	144	1130	234839926 3.7023154	
2.65071880146639	-58	13	145	1186	234839930 3.7053568	
2.71207803298181	-58.5	-117.125	146	1186	234839931 3.7066667	
2.18438864194915	-58	117.125	147	1130	234839932 3.7075957	
2.55254403104171	-58.5	56.125	148	1186	234839933 3.7088621	
2.33778672073772	-58	8.9375	149	1130	234839934 3.7096845	
2.46664110692011	-58.5	-87.0625	150	1130	234839935 3.71062	
2.69367026352719	-58.5	-26	151	1186	234839936 3.7114852	
2.36233041334389	-58	-61	152	1130	234840162 3.9374986	
2.50959256898091	-58.5	76.4375	153	1186	234840164 3.9395829	
2.70594210983027	-58.5	-43.125	154	1186	234840165 3.9409806	
2.33778672073772	-58.5	26	155	1130	234840167 3.9422316	
2.69367026352719	-58	-91.125	156	1186	234840168 3.9435037	
2.47277703007165	-58.5	-78.0625	157	1130	234840170 3.9453933	
2.30097118182846	-58.5	91.125	158	1130	234840171 3.9471109	
2.65685472461793	-58.5	-8.125	159	1186	234840173 3.9487764	
2.53413626158708	-58	43.125	160	1186	234840175 3.9506113	
2.45436926061703	-58	-69.125	161	1130	234840177 3.9521409	
2.65071880146639	-58.5	-26	162	1186	234840177 3.9531173	
5.50392306693368	-59	1.25	163	1130	234840178 3.9543074	
2.38687410595006	-58.5	-34.9375	164	1130	234840412 4.1880838	
2.67526249407256	-58.5	-4.0625	165	1186	234840426 4.2017996	
2.62617510886022	-58.5	4.0625	166	1186	234840444 4.219479	
2.40528187540469	-58.5	-48	167	1130	234840474 4.2489738	
5.76776776245001	-59.5	0	168	1186	234840486 4.2621597	
5.50392306693368	-59	1.875	169	1130	234840487 4.2629896	
2.63231103201176	-58.5	-17.0625	170	1186	234840488 4.2636971	
2.33165079758617	-58	17.0625	171	1130	234840488 4.2640201	
2.45436926061703	-58.5	-43.125	172	1130	234840489 4.2647423	
2.74889357189107	-58.5	-178.1875	173	1186	234840489 4.265151	
2.49732072267782	-58	82.1875	174	1186	234840491 4.2659439	
2.42368964485931	-58.5	-74	175	1130	234840491 4.2665885	
2.23347602716149	-58	91.125	176	1130	234840662 4.4385555	
2.75502949504261	-58.5	-160.3125	177	1186	234840668 4.4438893	
2.50959256898091	-58.5	65.0625	178	1186	234840669 4.4445401	
2.28869933552538	-58.5	4.0625	179	1130	234840669 4.4452586	
2.23347602716149	-58.5	61	180	1130	234840671 4.4472792	
2.62003918570868	-59	-43.125	181	1186	234840672 4.4484773	
2.74275764873953	-58.5	-130.1875	182	1186	234840675 4.4502162	
2.46664110692011	-58	-117.125	183	1130	234840676 4.4512726	
2.34392264388926	-58.5	-26	184	1130	234840681 4.4563816	
2.55867995419325	-58.5	-17.0625	185	1186	234840682 4.4576295	
2.60776733940559	-58.5	-52.0625	186	1186	234840682 4.4583387	
2.22120418085841	-58.5	26	187	1130	234840684 4.4589517	
2.3930100291016	-58.5	-56.125	188	1130	234840911 4.6870018	
2.6813984172241	-58.5	-87.0625	189	1186	234840914 4.6896996	
2.42982556801086	-58.5	69.125	190	1186	234840916 4.6914811	
2.19666048825224	-58	78.0625	191	1130	234840917 4.6927329	
2.65685472461793	-58.5	-48	192	1186	234840917 4.6936415	
2.20279641140378	-58	121.25	193	1130	234840919 4.6943722	
2.61390326255713	-58.5	-13	194	1186	234840920 4.6949328	
2.38687410595006	-58.5	-52.0625	195	1130	234840920 4.6959788	
2.44823333746548	-58	65.0625	196	1186	234840921 4.6964303	
2.42982556801086	-58.5	-87.0625	197	1130	234840921 4.6970136	
2.40528187540469	-58.5	-34.9375	198	1130	234841162 4.9384998	
2.70594210983027	-58.5	-126.125	199	1186	234841173 4.9490014	
2.67526249407256	-58.5	-61	200	1186	234841177 4.9524611	
2.44209741431394	-58.5	-78.0625	201	1130	234841203 4.9787556	
2.67526249407256	-58.5	-74	202	1186	234841205 4.980761	
2.21506825770687	-58	91.9375	203	1130	234841205 4.9814582	
2.17211679564607	-58	87.0625	204	1130	234841206 4.9824911	
2.62617510886022	-58.5	-48	205	1186	234841207 4.9828485	
2.30710710498	-58.5	17.0625	206	1130	234841207 4.9832819	
2.6813984172241	-58.5	-108.1875	207	1186	234841208 4.9837698	
2.18438864194915	-58.5	91.125	208	1130	234841208 4.9845079	
2.42368964485931	-59	43.9375	209	1186	234841209 4.9853816	
2.31937895128309	-58.5	-4.0625	210	1130	234841413 5.1886992	
2.5954954931025	-58.5	-21.9375	211	1186	234841419 5.1946963	
2.53413626158708	-58	-56.125	212	1130	234841422 5.1981298	
2.56481587734479	-58.5	-74	213	1186	234841424 5.199741	
2.54640810789016	-58	-61	214	1186	234841425 5.2012389	
2.54027218473862	-58.5	-4.0625	215	1130	234841429 5.204798	
2.69980618667873	-58.5	-95.1875	216	1186	234841430 5.2059463	
2.28869933552538	-58.5	21.9375	217	1130	234841431 5.2072569	
2.7243498792849	-58.5	-104.125	218	1186	234841432 5.2080852	
2.17211679564607	-58	95.1875	219	1130	234841433 5.2091076	
2.62003918570868	-58.5	-56.125	220	1186	234841434 5.2100098	
2.39914595225314	-58	-48	221	1130	234841435 5.2108382	
2.49118479952628	-58.5	48	222	1186	234841662 5.4371709	
2.46050518376857	-58.5	-69.125	223	1130	234841667 5.4431191	
2.64458287831485	-58	-21.9375	224	1186	234841670 5.4461381	
2.4359614911624	-58.5	-65.0625	225	1130	234841674 5.4495946	
2.50959256898091	-58	-173.3125	226	1130	234841676 5.4518632	
2.6384469551633	-58	-91.125	227	1186	234841677 5.4536308	
2.41755372170777	-58	-91.125	228	1130	234841679 5.4554648	
2.65071880146639	-58.5	-69.125	229	1186	234841680 5.4568969	
2.42982556801086	-58.5	-69.125	230	1130	234841683 5.4585952	
2.58322364679942	-58.5	-13	231	1186	234841685 5.459908	
2.50345664582937	-58.5	34.9375	232	1186	234841685 5.4607634	
2.41755372170777	-58	-91.125	233	1130	234841685 5.4615944	
2.57095180049633	-58.5	21.9375	234	1186	234841911 5.6869664	
2.20279641140378	-58	117.125	235	1130	234841912 5.6880147	
2.3500585670408	-58.5	-17.0625	236	1130	234841914 5.6891587	
2.53413626158708	-58.5	-56.125	237	1186	234841914 5.6898957	
2.28869933552538	-58	0	238	1130	234841915 5.6910394	
2.42982556801086	-58.5	82.1875	239	1186	234841915 5.6917229	
2.67526249407256	-58.5	-74	240	1186	234841917 5.6926429	
2.41141779855623	-58	-48	241	1130	234841918 5.693186	
2.46050518376857	-58.5	34.9375	242	1186	234841918 5.6937217	
2.39914595225314	-58.5	-72.375	243	1130	234841919 5.6942592	
2.55254403104171	-58.5	-21.9375	244	1186	234841919 5.6947996	
2.42982556801086	-58	-52.0625	245	1130	234841919 5.6953951	
2.47277703007165	-58.5	56.125	246	1186	234842161 5.9369704	
2.41141779855623	-58	-61	247	1130	234842163 5.9387061	
2.60776733940559	-58.5	-24.375	248	1186	234842165 5.9401593	
2.33778672073772	-58	-4.0625	249	1130	234842166 5.941555	
2.35619449019234	-58	-8.9375	250	1130	234842169 5.9447605	
2.57708772364788	-58	-34.9375	251	1186	234842170 5.9462617	
2.30097118182846	-58.5	39	252	1130	234842173 5.9487431	
2.56481587734479	-59	-4.0625	253	1186	234842176 5.9524433	
2.20893233455532	-58.5	39	254	1130	234842177 5.9536634	
2.63231103201176	-58.5	-34.9375	255	1186	234842180 5.955562	
2.22734010400995	-58.5	34.9375	256	1130	234842411 6.1870275	
2.62617510886022	-58.5	-34.9375	257	1186	234842413 6.1888073	
2.66912657092102	-58.5	-78.0625	258	1186	234842414 6.1899864	
2.34392264388926	-58	-4.0625	259	1130	234842415 6.1909855	
2.44823333746548	-58	82.1875	260	1186	234842417 6.19212	
2.4359614911624	-58.5	-87.875	261	1130	234842418 6.1935323	
2.54027218473862	-58.5	21.9375	262	1186	234842419 6.1943463	
2.31324302813155	-58.5	74	263	1130	234842419 6.195033	
2.19666048825224	-58	82.1875	264	1130	234842421 6.1963001	
2.50345664582937	-58	43.125	265	1186	234842421 6.1969619	
2.55254403104171	-58.5	13	266	1186	234842422 6.1977472	
2.41141779855623	-58	-39	267	1130	234842423 6.1986317	
2.42368964485931	-58.5	65.0625	268	1186	234842423 6.1990262	
2.1475731030399	-58.5	95.1875	269	1130	234842423 6.1996661	
2.50345664582937	-58.5	78.0625	270	1186	234842661 6.4369443	
2.32551487443463	-58.5	-4.0625	271	1130	234842663 6.4391394	
2.20279641140378	-58.5	65.0625	272	1130	234842665 6.4413546	
2.6813984172241	-58.5	-112.25	273	1186	234842667 6.443042	
2.54027218473862	-59	-21.9375	274	1186	234842669 6.4449387	
2.26415564291921	-58.5	82.1875	275	1130	234842671 6.446033	
2.40528187540469	-58	134.25	276	1186	234842672 6.4476459	
2.36233041334389	-58	-4.0625	277	1130	234842673 6.4490428	
2.17211679564607	-58.5	100.0625	278	1130	234842674 6.4499958	
2.60776733940559	-58.5	-52.0625	279	1186	234842676 6.4516167	
2.26415564291921	-58.5	43.125	280	1130	234842912 6.6871739	
2.44823333746548	-58.5	17.0625	281	1186	234842919 6.6950237	
2.25188379661612	-58	-8.9375	282	1130	234842921 6.6969712	
2.66299064776947	-58.5	-152.125	283	1186	234842924 6.6988522	
2.3500585670408	-59	-69.125	284	1130	234842927 6.7030299	
2.45436926061703	-58.5	17.0625	285	1186	234842953 6.7291595	
2.40528187540469	-58	-48	286	1130	234842955 6.7301547	
2.57708772364788	-58.5	-30.0625	287	1186	234842955 6.73058	
2.22120418085841	-58	52.0625	288	1130	234842955 6.7312404	
2.39914595225314	-58.5	126.125	289	1186	234842955 6.7315503	
2.42368964485931	-58.5	130.1875	290	1186	234842956 6.73183	
2.29483525867692	-58.5	8.9375	291	1130	234842956 6.7322015	
2.40528187540469	-58	108.1875	292	1186	234843161 6.9367476	
2.29483525867692	-58.5	-13	293	1130	234843165 6.9407889	
2.49732072267782	-58.5	-4.0625	294	1186	234843166 6.9416848	
5.43642791226671	-58.5	15.8125	295	1130	234843167 6.9427314	
2.3500585670408	-58.5	-39	296	1130	234843168 6.9432984	
2.62003918570868	-58.5	-43.125	297	1186	234843168 6.9439029	
2.27642748922229	-58	17.0625	298	1130	234843169 6.9444841	
2.61390326255713	-58.5	-78.0625	299	1186	234843169 6.9450569	
2.44823333746548	-58	-124.5	300	1130	234843170 6.9463716	
2.50959256898091	-58	-17.0625	301	1186	234843172 6.9474699	
2.41755372170777	-58	-87.0625	302	1130	234843172 6.9484322	
2.63231103201176	-58.5	-69.125	303	1186	234843173 6.9491621	
2.5954954931025	-58.5	16.25	304	1186	234843412 7.1869922	
2.22120418085841	-58	39	305	1130	234843430 7.2051618	
2.41755372170777	-58.5	-104.125	306	1130	234843433 7.2090014	
2.62617510886022	-58.5	-91.125	307	1186	234843437 7.2124264	
2.47277703007165	-58.5	39.875	308	1186	234843438 7.2139337	
2.44823333746548	-58	-134.25	309	1130	234843439 7.2154254	
2.27029156607075	-58.5	212.375	310	1186	234843442 7.2171681	
2.21506825770687	-58	74	311	1130	234843442 7.2181371	
2.46664110692011	-58.5	-8.9375	312	1186	234843443 7.2189446	
2.28869933552538	-58.5	8.9375	313	1130	234843444 7.2196929	
2.46050518376857	-58.5	21.9375	314	1186	234843447 7.2228958	
2.15370902619144	-58	68.3125	315	1130	234843449 7.2241725	
2.68753434037564	-58.5	-130.1875	316	1186	234843661 7.4366772	
2.41755372170777	-58	-56.125	317	1130	234843667 7.4429864	
2.62617510886022	-58.5	-80.5625	318	1186	234843668 7.4433665	
2.28256341237383	-58.5	-8.9375	319	1130	234843668 7.443916	
2.61390326255713	-58.5	-69.125	320	1186	234843668 7.4443416	
2.4359614911624	-58.5	-91.125	321	1130	234843669 7.4450348	
2.36233041334389	-58	-60.1875	322	1130	234843670 7.4455187	
2.34392264388926	-58	126.125	323	1186	234843670 7.4458652	
2.38073818279852	-59	121.25	324	1186	234843670 7.446294	
2.38073818279852	-58	-95.1875	325	1130	234843671 7.4467271	
2.63231103201176	-58.5	-61	326	1186	234843671 7.4473039	
2.24574787346458	-58.5	39	327	1130	234843671 7.4476288	
2.57708772364788	-58.5	-60.1875	328	1186	234843911 7.6867704	
2.1905245651007	-58.5	100.0625	329	1130	234843921 7.6972544	
2.1905245651007	-58	87.0625	330	1130	234843942 7.7170928	
2.62003918570868	-58.5	-39	331	1186	234843943 7.7179289	
2.36846633649543	-58.5	-52.0625	332	1130	234843943 7.7187655	
2.52186441528399	-58.5	17.0625	333	1186	234843944 7.7195724	
2.57095180049633	-58.5	-12.1875	334	1186	234843944 7.7202721	
2.20893233455532	-58.5	43.125	335	1130	234843948 7.7239247	
2.50345664582937	-58.5	-17.0625	336	1186	234843950 7.7249053	
2.11689348728218	-58	160.3125	337	1130	234843950 7.7255365	
2.31324302813155	-58	16.25	338	1130	234843951 7.7261436	
2.41141779855623	-58.5	65.0625	339	1186	234843951 7.7266939	
2.36846633649543	-58.5	-39	340	1130	234844161 7.93656	
2.39914595225314	-58.5	61	341	1186	234844165 7.9402457	
2.38073818279852	-58.5	78.0625	342	1186	234844168 7.9434801	
2.20893233455532	-58	56.125	343	1130	234844168 7.94449	
2.38073818279852	-58.5	-113.0625	344	1130	234844172 7.9468072	
2.87161203492192	-59	-74	345	1186	234844172 7.9474604	
2.86547611177038	-59	-65.0625	346	1186	234844172 7.9480256	
2.27642748922229	-58.5	21.9375	347	1130	234844173 7.9485955	
2.25801971976766	-58	30.0625	348	1130	234844173 7.9491891	
2.62617510886022	-58.5	-108.1875	349	1186	234844174 7.9498898	
2.3930100291016	-58	108.1875	350	1186	234844174 7.9503247	
2.36846633649543	-58	-39	351	1130	234844175 7.9510807	
2.31324302813155	-58	-34.9375	352	1130	234844421 8.1965866	
2.3930100291016	-58.5	56.125	353	1186	234844422 8.1986191	
2.33778672073772	-58.5	139.125	354	1186	234844426 8.2013883	
2.19666048825224	-58	69.125	355	1130	234844427 8.2023001	
2.62617510886022	-58.5	-126.125	356	1186	234844428 8.2035296	
2.33778672073772	-58	-4.0625	357	1130	234844429 8.2052762	
2.57708772364788	-58.5	-56.125	358	1186	234844431 8.2060217	
2.20279641140378	-58	56.125	359	1130	234844431 8.2069619	
2.45436926061703	-58.5	26	360	1186	234844431 8.2076624	
2.42368964485931	-58	-69.125	361	1130	234844433 8.2081871	
2.33165079758617	-58	-52.0625	362	1130	234844433 8.208813	
2.44209741431394	-58.5	82.1875	363	1186	234844434 8.2101878	
2.46664110692011	-58.5	17.0625	364	1186	234844661 8.4367864	
2.15370902619144	-58.5	117.125	365	1130	234844675 8.4501228	
2.25188379661612	-58	17.0625	366	1130	234844716 8.4914027	
2.6813984172241	-58.5	-112.25	367	1186	234844716 8.491864	
2.38687410595006	-58	91.125	368	1186	234844717 8.4924286	
2.42368964485931	-58.5	-100.0625	369	1130	234844718 8.492849	
2.20893233455532	-58	69.125	370	1130	234844718 8.4933841	
2.50959256898091	-58.5	-30.0625	371	1186	234844719 8.493849	
2.39914595225314	-58.5	30.0625	372	1186	234844719 8.4942667	
2.36233041334389	-58.5	-30.0625	373	1130	234844719 8.4946532	
2.46664110692011	-58.5	26	374	1186	234844921 8.6964792	
2.18438864194915	-58.5	65.0625	375	1130	234844921 8.6974658	
2.51572849213245	-58	-8.9375	376	1186	234844923 8.6981873	
2.25188379661612	-58.5	74	377	1130	234844923 8.6988208	
2.58322364679942	-58.5	-65.0625	378	1186	234844924 8.6998891	
2.24574787346458	-58	43.125	379	1130	234844924 8.7003655	
2.31324302813155	-58.5	-21.9375	380	1130	234844926 8.7008372	
2.62003918570868	-58.5	-113.0625	381	1186	234844926 8.701358	
2.54640810789016	-58.5	-56.125	382	1186	234844926 8.7019035	
2.51572849213245	-58	-130.1875	383	1130	234844927 8.7023641	
2.57095180049633	-58.5	-87.0625	384	1186	234844927 8.7028259	
2.4359614911624	-58	-69.125	385	1130	234844927 8.7032449	
2.41141779855623	-58.5	64.25	386	1186	234844927 8.7037262	
2.41141779855623	-58.5	-39	387	1130	234844930 8.7052137	
2.21506825770687	-58	17.0625	388	1130	234845162 8.9377283	
2.49732072267782	-58.5	-8.9375	389	1186	234845166 8.9418914	
2.42368964485931	-58.5	-100.0625	390	1130	234845168 8.944367	
2.36233041334389	-58.5	82.1875	391	1186	234845170 8.9454669	
2.34392264388926	-58.5	-30.0625	392	1130	234845170 8.9458739	
2.38073818279852	-58	65.0625	393	1186	234845171 8.9464547	
2.6384469551633	-58.5	-78.0625	394	1186	234845171 8.9472098	
2.41141779855623	-58	-108.1875	395	1130	234845172 8.9476961	
2.30097118182846	-58	-34.9375	396	1130	234845172 8.9482526	
2.6384469551633	-58.5	-113.0625	397	1186	234845172 8.9487619	
2.24574787346458	-58	21.9375	398	1130	234845411 9.1863064	
2.4789129532232	-58.5	0	399	1186	234845413 9.188645	
2.33165079758617	-58.5	-4.0625	400	1130	234845419 9.1942647	
2.46664110692011	-58.5	30.0625	401	1186	234845419 9.1948595	
2.17825271879761	-58.5	65.0625	402	1130	234845420 9.195768	
2.44823333746548	-58.5	30.0625	403	1186	234845421 9.1964069	
2.54640810789016	-58.5	-74	404	1186	234845422 9.1970685	
2.24574787346458	-58	39	405	1130	234845422 9.1977249	
2.50959256898091	-58.5	-4.0625	406	1186	234845423 9.1983104	
2.38687410595006	-58	-69.125	407	1130	234845423 9.1989182	
2.26415564291921	-58.5	34.9375	408	1130	234845424 9.1994601	
2.53413626158708	-58	-30.0625	409	1186	234845425 9.2000177	
2.55867995419325	-58.5	-69.125	410	1186	234845661 9.4367134	
2.25188379661612	-58	30.0625	411	1130	234845664 9.4402939	
2.19666048825224	-58.5	74	412	1130	234845668 9.4435397	
2.55867995419325	-58.5	-61	413	1186	234845669 9.4449638	
2.40528187540469	-58	-108.1875	414	1130	234845670 9.4459027	
2.61390326255713	-58.5	-121.25	415	1186	234845671 9.447271	
2.3930100291016	-58.5	69.125	416	1186	234845672 9.4482134	
2.16598087249453	-58	91.125	417	1130	234845673 9.4492761	
2.60163141625405	-58.5	-95.1875	418	1186	234845674 9.4502099	
2.28256341237383	-58.5	13	419	1130	234845675 9.4511609	
2.20279641140378	-58.5	65.0625	420	1130	234845676 9.4523245	
2.6384469551633	-58	-108.1875	421	1186	234845677 9.4529789	
2.36233041334389	-58.5	-56.125	422	1130	234845911 9.6864536	
2.48504887637474	-59	-17.0625	423	1186	234845912 9.6877996	
2.33778672073772	-58	-28.4375	424	1130	234845914 9.6892635	
2.41755372170777	-58.5	91.125	425	1186	234845915 9.6905806	
2.31937895128309	-58.5	-26	426	1130	234845916 9.6920457	
2.49732072267782	-58.5	-17.0625	427	1186	234845919 9.6937233	
2.61390326255713	-58.5	-52.0625	428	1186	234845920 9.6951182	
2.38687410595006	-58	-56.125	429	1130	234845921 9.6961559	
2.37460225964697	-58.5	-69.125	430	1130	234845922 9.6976048	
2.61390326255713	-58.5	-69.125	431	1186	234845923 9.69861	
2.38073818279852	-58.5	-52.0625	432	1130	234845924 9.6997355	
2.51572849213245	-58.5	-8.9375	433	1186	234845925 9.7006248	
2.45436926061703	-58.5	43.125	434	1186	234846160 9.9362911	
2.31324302813155	-58	8.9375	435	1130	234846162 9.9372892	
2.15984494934298	-58	104.125	436	1130	234846163 9.9379712	
2.42368964485931	-58.5	52.0625	437	1186	234846163 9.9386927	
2.54027218473862	-58	-39	438	1186	234846164 9.9394824	
2.20893233455532	-58	56.125	439	1130	234846168 9.9441326	
2.41755372170777	-58.5	-95.1875	440	1130	234846169 9.9447953	
2.58935956995096	-58.5	-100.0625	441	1186	234846170 9.9453209	
2.29483525867692	-58.5	34.9375	442	1130	234846170 9.9458034	
2.49118479952628	-58.5	-31.6875	443	1186	234846170 9.9461114	
2.45436926061703	-59	39	444	1130	234846170 9.9464577	
2.57708772364788	-58	-82.1875	445	1186	234846172 9.947153	
2.55867995419325	-58.5	-34.9375	446	1130	234846421 10.1967065	
2.36846633649543	-58.5	113.0625	447	1186	234846424 10.1994143	
2.31937895128309	-57.5	-48	448	1130	234846433 10.2086052	
2.60163141625405	-58	-121.25	449	1186	234846434 10.2105219	
2.18438864194915	-58	61	450	1130	234846452 10.2269496	
2.62617510886022	-58.5	-108.1875	451	1186	234846483 10.258837	
2.46050518376857	-58.5	8.9375	452	1186	234846484 10.2593607	
2.20279641140378	-58	61	453	1130	234846485 10.2601433	
2.50959256898091	-58.5	-34.9375	454	1186	234846486 10.2608712	
2.4359614911624	-58	-126.125	455	1130	234846486 10.2614295	
2.6384469551633	-58.5	-121.25	456	1186	234846487 10.2620194	
2.16598087249453	-58	65.0625	457	1130	234846487 10.2627247	
2.33778672073772	-58.5	-30.0625	458	1130	234846661 10.4364133	
2.41141779855623	-58	74	459	1186	234846664 10.4391507	
2.50345664582937	-58.5	4.0625	460	1186	234846666 10.4416087	
2.37460225964697	-58.5	-72.375	461	1130	234846670 10.444831	
2.39914595225314	-58.5	-56.125	462	1130	234846671 10.4460818	
2.40528187540469	-58.5	74	463	1186	234846672 10.4471611	
2.38687410595006	-58.5	82.1875	464	1186	234846673 10.4481918	
2.35619449019234	-58.5	-76.4375	465	1130	234846673 10.4490306	
2.21506825770687	-58.5	13	466	1130	234846674 10.4502609	
2.62003918570868	-58.5	-100.0625	467	1186	234846675 10.4513222	
2.56481587734479	-58.5	-56.125	468	1186	234846911 10.6866258	
2.39914595225314	-58.5	-61	469	1130	234846916 10.6923637	
2.29483525867692	-58.5	-21.9375	470	1130	234846921 10.6971342	
2.60163141625405	-58.5	-87.0625	471	1186	234846923 10.6989095	
2.44209741431394	-59	26	472	1186	234846924 10.7003998	
2.36846633649543	-58	-30.0625	473	1130	234846926 10.7018526	
5.62050560681299	-58.5	24	474	1186	234846927 10.7031473	
5.43949587384248	-58.5	19.125	475	1130	234846929 10.705424	
2.1475731030399	-58.5	108.1875	476	1130	234846938 10.7138811	
2.32551487443463	-58.5	78.0625	477	1186	234846942 10.7177915	
2.61390326255713	-58.5	-100.0625	478	1186	234846944 10.7204288	
2.12302941043373	-58.5	147.25	479	1130	234846946 10.7217	
2.36846633649543	-59	-78.0625	480	1130	234847161 10.9361937	
2.57095180049633	-58.5	-56.125	481	1186	234847187 10.9624044	
2.62003918570868	-58.5	-100.0625	482	1186	234847187 10.9630493	
2.20279641140378	-58.5	65.0625	483	1130	234847188 10.9635809	
2.50345664582937	-58.5	-13	484	1130	234847189 10.9640733	
2.58322364679942	-58	-82.1875	485	1186	234847189 10.9645115	
2.57095180049633	-58.5	-82.1875	486	1186	234847190 10.9649307	
2.50959256898091	-58	13	487	1130	234847190 10.9653471	
2.38687410595006	-58.5	-74	488	1130	234847191 10.9657221	
2.46050518376857	-58.5	4.0625	489	1186	234847191 10.966123	
2.38687410595006	-58.5	-43.125	490	1130	234847191 10.9665083	
2.61390326255713	-58	-100.0625	491	1186	234847192 10.966973	
2.35619449019234	-58	-17.0625	492	1130	234847411 11.186024	
2.45436926061703	-58.5	48	493	1186	234847416 11.1918155	
2.3500585670408	-58.5	-30.0625	494	1130	234847420 11.1950806	
2.46050518376857	-58.5	-21.9375	495	1186	234847420 11.1956866	
2.25188379661612	-58.5	4.0625	496	1130	234847421 11.1964681	
2.5954954931025	-58.5	-21.9375	497	1186	234847422 11.1970609	
2.22120418085841	-58.5	52.0625	498	1130	234847422 11.1976592	
2.52186441528399	-58.5	-4.0625	499	1186	234847423 11.1982059	
2.28256341237383	-58	0	500	1130	234847423 11.1987772	
2.55254403104171	-58.5	-39	501	1186	234847424 11.19938	
2.19666048825224	-58.5	104.125	502	1130	234847424 11.1999042	
2.62003918570868	-58.5	-78.0625	503	1186	234847425 11.200325	
2.21506825770687	-58	56.125	504	1130	234847661 11.4365332	
2.38073818279852	-58.5	91.125	505	1186	234847665 11.4407505	
2.39914595225314	-58	-100.0625	506	1130	234847668 11.4435999	
2.63231103201176	-58.5	-78.0625	507	1186	234847669 11.4447138	
2.35619449019234	-58	-39	508	1130	234847670 11.4457732	
2.55254403104171	-58.5	-34.9375	509	1186	234847670 11.4465965	
2.36846633649543	-58	87.0625	510	1186	234847671 11.4477039	
2.36846633649543	-58.5	-39	511	1130	234847673 11.4487808	
2.44823333746548	-58	-104.125	512	1130	234847673 11.4499158	
2.56481587734479	-58.5	-65.0625	513	1186	234847676 11.4510607	
2.1046216409791	-58	130.1875	514	1130	234847677 11.4522541	
2.55254403104171	-58.5	-78.0625	515	1186	234847678 11.4532237	
2.55867995419325	-59	-82.1875	516	1186	234847928 11.703876	
2.22120418085841	-58	21.9375	517	1130	234848524 12.300007	
2.38687410595006	-58.5	-74	518	1130	234848529 12.3046271	
2.54640810789016	-58.5	-30.0625	519	1186	234848582 12.3576957	
2.37460225964697	-58.5	-78.0625	520	1130	234848582 12.3585885	
2.57708772364788	-58.5	-78.0625	521	1186	234848584 12.3590413	
2.45436926061703	-58.5	-35.75	522	1186	234848584 12.3595132	
2.31937895128309	-58	13	523	1130	234848584 12.3599946	
2.51572849213245	-58.5	-8.9375	524	1186	234848586 12.361265	
2.1905245651007	-58.5	69.125	525	1130	234848587 12.362097	
2.30097118182846	-58.5	-34.9375	526	1130	234848588 12.3629753	
2.54640810789016	-58.5	-48	527	1186	234848588 12.3634995	
2.58322364679942	-58.5	-95.1875	528	1186	234848770 12.545278	
2.1905245651007	-58	39	529	1130	234848830 12.6063302	
2.28256341237383	-58.5	208.3125	530	1186	234848848 12.6233649	
2.30097118182846	-58.5	-34.9375	531	1130	234848856 12.631405	
2.15984494934298	-58.5	113.0625	532	1130	234848858 12.6330011	
2.46050518376857	-58.5	91.125	533	1186	234848859 12.6340253	
2.50959256898091	-58.5	8.9375	534	1186	234848859 12.6345569	
2.39914595225314	-58.5	-74	535	1130	234848862 12.6380482	
2.58935956995096	-58.5	-156.1875	536	1186	234848865 12.6403769	
2.33165079758617	-58	-8.125	537	1130	234848867 12.6423044	
2.58935956995096	-58.5	-104.125	538	1186	234848870 12.6456819	
2.31324302813155	-58	-43.125	539	1130	234848872 12.6486422	
2.27029156607075	-58	8.9375	540	1130	234848875 12.6506618	
2.39914595225314	-59	56.125	541	1186	234848876 12.6519237	
2.65071880146639	-58.5	-139.125	542	1186	234848878 12.6534357	
2.40528187540469	-58.5	-34.9375	543	1130	234848888 12.6638559	
2.40528187540469	-58.5	108.1875	544	1186	234848889 12.664756	
2.16598087249453	-58	78.0625	545	1130	234848890 12.6656315	
2.55867995419325	-58.5	-43.125	546	1186	234848890 12.6664661	
2.27029156607075	-58	-4.0625	547	1130	234848891 12.6675267	
2.21506825770687	-58	69.125	548	1130	234848892 12.6679124	
2.62003918570868	-58.5	-82.1875	549	1186	234848893 12.6688177	
2.58322364679942	-58.5	-82.1875	550	1186	234848893 12.6691482	
2.35619449019234	-58.5	-56.125	551	1130	234848893 12.6695141	
2.38073818279852	-58	-30.0625	552	1130	234848894 12.669822	
2.53413626158708	-58	-48	553	1186	234848894 12.6701329	
2.24574787346458	-58	17.0625	554	1130	234848894 12.6705798	
2.58935956995096	-58.5	-17.0625	555	1186	234848895 12.6714341	
2.51572849213245	-58.5	-30.0625	556	1186	234848896 12.6723494	
2.34392264388926	-58	-69.125	557	1130	234848896 12.6725816	
2.17825271879761	-58.5	61	558	1130	234848897 12.6731902	
2.3930100291016	-58.5	100.0625	559	1186	234848898 12.6737306	
2.25801971976766	-58	13	560	1130	234848898 12.6742711	
2.58935956995096	-58.5	-117.125	561	1186	234848898 12.6745905	
2.55867995419325	-59	-74	562	1186	234848899 12.6749453	
2.32551487443463	-58.5	-4.0625	563	1130	234848899 12.6751765	
2.54640810789016	-58.5	4.0625	564	1186	234848910 12.685849	
2.3930100291016	-58	-78.0625	565	1130	234848911 12.6865907	
2.50959256898091	-58.5	21.9375	566	1186	234848912 12.6869474	
2.23347602716149	-58.5	21.9375	567	1130	234848912 12.6877013	
2.60163141625405	-58.5	-95.1875	568	1186	234848912 12.6881472	
2.31937895128309	-58	-8.9375	569	1130	234848913 12.6889167	
2.41141779855623	-58.5	8.9375	570	1186	234848914 12.6896302	
2.39914595225314	-58.5	-78.0625	571	1130	234848914 12.689949	
2.40528187540469	-58	-69.125	572	1130	234848914 12.6901772	
2.42368964485931	-58.5	30.0625	573	1186	234848915 12.6903732	
2.26415564291921	-58.5	17.0625	574	1130	234848915 12.690702	
2.55867995419325	-58.5	-108.1875	575	1186	234848915 12.6909237	
2.51572849213245	-59	-34.9375	576	1186	234849160 12.9359907	
2.38687410595006	-58.5	-91.125	577	1130	234849162 12.9377869	
2.60163141625405	-58.5	-87.0625	578	1186	234849163 12.9395693	
2.34392264388926	-58.5	-56.125	579	1130	234849166 12.9410096	
2.41141779855623	-58.5	48	580	1186	234849166 12.941749	
2.40528187540469	-58	-82.1875	581	1130	234849166 12.9422765	
2.49732072267782	-58.5	0	582	1186	234849167 12.9431829	
2.38073818279852	-58.5	-65.0625	583	1130	234849169 12.9445333	
2.46664110692011	-58.5	-108.1875	584	1130	234849169 12.9452385	
2.42368964485931	-59	56.125	585	1186	234849171 12.9461684	
2.62003918570868	-59	-26	586	1186	234849171 12.9468962	
2.17825271879761	-58	61	587	1130	234849171 12.9473618	
2.57095180049633	-58.5	-121.25	588	1186	234849417 13.1920519	
2.27029156607075	-58	34.9375	589	1130	234849419 13.1945319	
2.50959256898091	-58	13	590	1186	234849421 13.1962718	
2.3930100291016	-58	-30.0625	591	1130	234849422 13.1972587	
2.52186441528399	-58	-61	592	1186	234849422 13.1977486	
2.25801971976766	-58	8.125	593	1130	234849423 13.1985006	
2.54027218473862	-58.5	-34.9375	594	1186	234849423 13.1990426	
2.28256341237383	-58	21.9375	595	1130	234849424 13.1995378	
2.38073818279852	-58.5	78.0625	596	1186	234849424 13.2000859	
2.36233041334389	-58	-34.9375	597	1130	234849425 13.2005224	
2.40528187540469	-58.5	-121.25	598	1130	234849425 13.2009258	
2.47277703007165	-58.5	21.9375	599	1186	234849426 13.201579	
2.35619449019234	-58	108.1875	600	1186	234849662 13.4379896	
2.46050518376857	-58	-100.0625	601	1130	234849664 13.439672	
2.52800033843554	-59	0	602	1186	234849666 13.4418489	
5.405748296509	-58.5	25.1875	603	1130	234849668 13.4429991	
2.52186441528399	-58.5	-13	604	1186	234849668 13.4434787	
2.25188379661612	-58	-4.0625	605	1130	234849668 13.4439425	
2.49732072267782	-59	-8.9375	606	1186	234849668 13.4444056	
2.30710710498	-58	8.9375	607	1130	234849669 13.4450432	
2.32551487443463	-58	100.0625	608	1186	234849910 13.6857577	
2.50959256898091	-58.5	0	609	1130	234849912 13.6880057	
2.54027218473862	-58.5	-82.1875	610	1186	234849914 13.6900501	
2.65071880146639	-58.5	-60.1875	611	1130	234849915 13.6911449	
2.56481587734479	-58.5	-104.125	612	1186	234849916 13.6926792	
2.18438864194915	-58	48	613	1130	234849919 13.694001	
2.60776733940559	-59	-91.125	614	1186	234849920 13.6947256	
2.20893233455532	-58	43.125	615	1130	234849920 13.6956484	
2.51572849213245	-58.5	-56.125	616	1186	234849921 13.6965692	
2.32551487443463	-58.5	-21.9375	617	1130	234849922 13.6976012	
2.57095180049633	-58.5	-78.0625	618	1186	234849923 13.6981431	
2.23347602716149	-58	43.125	619	1130	234849924 13.6990311	
2.33778672073772	-58	-26	620	1130	234850160 13.9359363	
2.5954954931025	-58.5	-48	621	1186	234850162 13.9380497	
2.56481587734479	-59	-39	622	1186	234850164 13.9397599	
2.19666048825224	-58.5	74	623	1130	234850166 13.9419694	
2.42982556801086	-59	52.0625	624	1186	234850168 13.9431523	
2.36846633649543	-58	-26	625	1130	234850168 13.9442076	
2.48504887637474	-58.5	4.0625	626	1186	234850169 13.9453402	
2.38073818279852	-58.5	-56.125	627	1130	234850171 13.9463667	
2.53413626158708	-59	-69.125	628	1186	234850172 13.9479225	
2.30097118182846	-57.5	-34.9375	629	1130	234850174 13.9493169	
2.1475731030399	-58.5	117.125	630	1130	234850175 13.9507462	
2.46050518376857	-58.5	43.125	631	1186	234850176 13.9516364	
2.41755372170777	-58.5	43.125	632	1186	234850410 14.1856783	
2.38073818279852	-58.5	-56.125	633	1130	234850425 14.2004165	
2.33165079758617	-58.5	-39	634	1130	234850455 14.2301502	
2.60776733940559	-58.5	-104.125	635	1186	234850473 14.2482553	
2.42368964485931	-58	26	636	1186	234850473 14.2490339	
2.30097118182846	-58.5	8.9375	637	1130	234850474 14.2496417	
5.66345706887379	-59.5	0.1875	638	1186	234850474 14.2503998	
5.46097160487288	-59	0.8125	639	1130	234850475 14.2510214	
2.3930100291016	-59	52.0625	640	1186	234850475 14.2515078	
2.25188379661612	-58.5	61	641	1130	234850477 14.2523516	
2.3500585670408	-58	-30.0625	642	1130	234850660 14.4357766	
2.47277703007165	-58.5	-13	643	1186	234850691 14.4667186	
2.3930100291016	-58	48	644	1186	234850693 14.4686829	
2.44823333746548	-58.5	43.125	645	1130	234850694 14.4697088	
2.40528187540469	-57.5	34.9375	646	1130	234850694 14.4704408	
2.38073818279852	-58	61	647	1186	234850695 14.4714456	
2.19666048825224	-58	91.125	648	1130	234850696 14.472301	
2.53413626158708	-58	-52.0625	649	1186	234850697 14.4730607	
2.3930100291016	-58	-72.375	650	1130	234850698 14.4741647	
2.3930100291016	-58.5	87.0625	651	1186	234850700 14.4747822	
