84	-55	922750	C00000000000000000095417	010C	0	000A	104747777 7623852	
78	-56	922750	C00000000000000000095417	0103	1	000A	104748025 0094725	
78	-56	922750	C00000000000000000095417	0103	2	000A	104748115 0996917	
90	-55	922750	C00000000000000000095417	0115	3	000A	104748238 2224164	
73	-55	922750	C00000000000000000095417	0115	4	000A	104748329 3131906	
78	-55	922750	C00000000000000000095417	0115	5	000A	104748425 4089376	
78	-55	922750	C00000000000000000095417	0113	6	000A	104748518 5026832	
78	-55	922750	C00000000000000000095417	0113	7	000A	104748610 5943937	
90	-55	922750	C00000000000000000095417	010E	8	000A	104748736 7200907	
87	-55	922750	C00000000000000000095417	010E	9	000A	104748826 8108002	
87	-55	922750	C00000000000000000095417	010E	10	000A	104748917 9016191	
81	-55	922750	C00000000000000000095417	0107	11	000A	104749039 0231604	
81	-55	922750	C00000000000000000095417	0107	12	000A	104749133 1170686	
87	-55	922750	C00000000000000000095417	0117	13	000A	104749223 2076507	
73	-56	922750	C00000000000000000095417	0117	14	000A	104749314 2985754	
78	-56	922750	C00000000000000000095417	0117	15	000A	104749438 4222099	
84	-55	922750	C00000000000000000095417	010C	16	000A	104749531 5149189	
92	-56	922750	C00000000000000000095417	010C	17	000A	104749624 6086672	
84	-55	922750	C00000000000000000095417	010F	18	000A	104749715 6994174	
87	-55	922750	C00000000000000000095417	010F	19	000A	104749810 7941703	
84	-55	922750	C00000000000000000095417	010F	20	000A	104749935 918859	
87	-55	922750	C00000000000000000095417	010A	21	000A	104750027 0116187	
90	-55	922750	C00000000000000000095417	010A	22	000A	104750122 106329	
78	-55	922750	C00000000000000000095417	0103	23	000A	104750216 2000824	
84	-55	922750	C00000000000000000095417	0103	24	000A	104750309 2928463	
84	-55	922750	C00000000000000000095417	0103	25	000A	104750432 4165022	
81	-56	922750	C00000000000000000095417	0102	26	000A	104750523 507262	
81	-56	922750	C00000000000000000095417	0102	27	000A	104750618 6019592	
90	-55	922750	C00000000000000000095417	0104	28	000A	104750710 6946676	
90	-55	922750	C00000000000000000095417	0104	29	000A	104750838 8224414	
90	-55	922750	C00000000000000000095417	0104	30	000A	104750932 9161005	
81	-55	922750	C00000000000000000095417	0111	31	000A	104751025 0090888	
78	-55	922750	C00000000000000000095417	0111	32	000A	104751119 1036901	
87	-56	922750	C00000000000000000095417	0112	33	000A	104751212 196327	
78	-56	922750	C00000000000000000095417	0112	34	000A	104751333 3171792	
78	-55	922750	C00000000000000000095417	0112	35	000A	104751426 4099518	
84	-55	922750	C00000000000000000095417	0109	36	000A	104751520 5043259	
78	-55	922750	C00000000000000000095417	0109	37	000A	104751614 5980096	
84	-55	922750	C00000000000000000095417	0104	38	000A	104751737 7217593	
78	-55	922750	C00000000000000000095417	0104	39	000A	104751831 8155483	
84	-55	922750	C00000000000000000095417	0104	40	000A	104751925 9088781	
81	-55	922750	C00000000000000000095417	0105	41	000A	104752020 0046514	
78	-55	922750	C00000000000000000095417	0105	42	000A	104752113 0973487	
84	-55	922750	C00000000000000000095417	0105	43	000A	104752144 1283107	
84	-55	922750	C00000000000000000095417	0105	44	000A	104752176 1602609	
78	-55	922750	C00000000000000000095417	0104	45	000A	104752300 2838772	
84	-55	922750	C00000000000000000095417	0104	46	000A	104752392 3765938	
75	-55	922750	C00000000000000000095417	010C	47	000A	104752486 4703454	
87	-55	922750	C00000000000000000095417	010C	48	000A	104752576 5600947	
84	-56	922750	C00000000000000000095417	010C	49	000A	104752670 6538853	
84	-56	922750	C00000000000000000095417	0110	50	000A	104752794 7784733	
84	-56	922750	C00000000000000000095417	0110	51	000A	104752886 8699041	
78	-55	922750	C00000000000000000095417	010A	52	000A	104752977 9615587	
84	-55	922750	C00000000000000000095417	010A	53	000A	104753099 0833689	
75	-55	922750	C00000000000000000095417	010A	54	000A	104753194 1780405	
81	-56	922750	C00000000000000000095417	0116	55	000A	104753287 2717155	
81	-56	922750	C00000000000000000095417	0116	56	000A	104753383 3673747	
90	-55	922750	C00000000000000000095417	00F8	57	000A	104753477 4612276	
81	-55	922750	C00000000000000000095417	00F8	58	000A	104753569 5529617	
81	-55	922750	C00000000000000000095417	00F8	59	000A	104753692 6766457	
81	-55	922750	C00000000000000000095417	0101	60	000A	104753785 7693229	
81	-56	922750	C00000000000000000095417	0101	61	000A	104753876 8601386	
75	-55	922750	C00000000000000000095417	010D	62	000A	104753970 9538839	
81	-55	922750	C00000000000000000095417	010D	63	000A	104754092 0765096	
81	-55	922750	C00000000000000000095417	010D	64	000A	104754184 1687825	
87	-56	922750	C00000000000000000095417	0101	65	000A	104754279 2635197	
84	-56	922750	C00000000000000000095417	0101	66	000A	104754369 3532524	
75	-56	922750	C00000000000000000095417	0118	67	000A	104754493 4769908	
81	-56	922750	C00000000000000000095417	0118	68	000A	104754584 568705	
78	-56	922750	C00000000000000000095417	0118	69	000A	104754676 6604284	
78	-55	922750	C00000000000000000095417	0106	70	000A	104754768 7522374	
84	-56	922750	C00000000000000000095417	0106	71	000A	104754891 8749389	
78	-55	922750	C00000000000000000095417	011F	72	000A	104754983 9676619	
84	-55	922750	C00000000000000000095417	011F	73	000A	104755078 062415	
87	-56	922750	C00000000000000000095417	011F	74	000A	104755172 1561639	
81	-55	922750	C00000000000000000095417	010E	75	000A	104755294 277836	
81	-55	922750	C00000000000000000095417	010E	76	000A	104755387 3715937	
81	-55	922750	C00000000000000000095417	0108	77	000A	104755479 4633534	
73	-56	922750	C00000000000000000095417	0108	78	000A	104755572 5560898	
84	-56	922750	C00000000000000000095417	0108	79	000A	104755694 6777741	
73	-55	922750	C00000000000000000095417	011A	80	000A	104755786 7704588	
84	-55	922750	C00000000000000000095417	011A	81	000A	104755880 864277	
81	-56	922750	C00000000000000000095417	011A	82	000A	104755976 9599504	
78	-55	922750	C00000000000000000095417	00FB	83	000A	104756069 0537337	
87	-55	922750	C00000000000000000095417	00FB	84	000A	104756192 1764815	
78	-55	922750	C00000000000000000095417	0111	85	000A	104756283 2671692	
81	-55	922750	C00000000000000000095417	0111	86	000A	104756374 3579328	
90	-55	922750	C00000000000000000095417	0111	87	000A	104756494 4786748	
78	-55	922750	C00000000000000000095417	010E	88	000A	104756588 5723507	
84	-56	922750	C00000000000000000095417	010E	89	000A	104756684 6681748	
90	-55	922750	C00000000000000000095417	0105	90	000A	104756777 7607941	
90	-55	922750	C00000000000000000095417	0105	91	000A	104756897 8815502	
84	-55	922750	C00000000000000000095417	0105	92	000A	104756988 9722834	
78	-55	922750	C00000000000000000095417	0105	93	000A	104757081 .0650959	
81	-55	922750	C00000000000000000095417	0105	94	000A	104757145 .1289262	
84	-55	922750	C00000000000000000095417	0105	95	000A	104757176 .159799	
78	-55	922750	C00000000000000000095417	0111	96	000A	104757300 .2845139	
87	-56	922750	C00000000000000000095417	0111	97	000A	104757394 .3781847	
84	-55	922750	C00000000000000000095417	0111	98	000A	104757490 .474075	
87	-55	922750	C00000000000000000095417	010D	99	000A	104757582 .5666925	
84	-56	922750	C00000000000000000095417	010D	100	000A	104757675 .6593884	
75	-55	922750	C00000000000000000095417	0115	101	000A	104757800 .7841318	
84	-56	922750	C00000000000000000095417	0115	102	000A	104757893 .8769206	
84	-55	922750	C00000000000000000095417	0115	103	000A	104757983 .9676645	
81	-55	922750	C00000000000000000095417	0104	104	000A	104758076 .0603276	
81	-55	922750	C00000000000000000095417	0104	105	000A	104758199 .183102	
84	-55	922750	C00000000000000000095417	0111	106	000A	104758291 .2748172	
84	-55	922750	C00000000000000000095417	0111	107	000A	104758386 .3705561	
78	-55	922750	C00000000000000000095417	0111	108	000A	104758480 .4642558	
81	-55	922750	C00000000000000000095417	010E	109	000A	104758574 .5580371	
81	-55	922750	C00000000000000000095417	010E	110	000A	104758698 .6817432	
75	-55	922750	C00000000000000000095417	0112	111	000A	104758793 .7774236	
75	-55	922750	C00000000000000000095417	0112	112	000A	104758884 .8681811	
84	-55	922750	C00000000000000000095417	0112	113	000A	104758975 .958923	
81	-55	922750	C00000000000000000095417	0109	114	000A	104759098 .0826801	
90	-55	922750	C00000000000000000095417	0109	115	000A	104759192 .1763797	
81	-56	922750	C00000000000000000095417	0110	116	000A	104759286 .2702329	
81	-56	922750	C00000000000000000095417	0110	117	000A	104759382 .3659022	
87	-56	922750	C00000000000000000095417	0110	118	000A	104759477 .4617049	
81	-56	922750	C00000000000000000095417	010B	119	000A	104759598 .5824032	
87	-56	922750	C00000000000000000095417	010B	120	000A	104759689 .6731353	
81	-55	922750	C00000000000000000095417	0114	121	000A	104759785 .7689042	
75	-56	922750	C00000000000000000095417	0114	122	000A	104759877 .8616796	
84	-56	922750	C00000000000000000095417	0114	123	000A	104759998 .9822916	
73	-55	922750	C00000000000000000095417	0110	124	000A	104800090 .0740832	
78	-55	922750	C00000000000000000095417	0110	125	000A	104800185 .1697873	
81	-55	922750	C00000000000000000095417	010D	126	000A	104800279 .2635878	
84	-55	922750	C00000000000000000095417	010D	127	000A	104800373 .3573168	
81	-55	922750	C00000000000000000095417	010D	128	000A	104800499 .482985	
92	-55	922750	C00000000000000000095417	0102	129	000A	104800592 .5767798	
81	-55	922750	C00000000000000000095417	0102	130	000A	104800684 .6684698	
78	-55	922750	C00000000000000000095417	0113	131	000A	104800778 .7621987	
84	-55	922750	C00000000000000000095417	0113	132	000A	104800872 .8559887	
81	-55	922750	C00000000000000000095417	0113	133	000A	104800997 .9816346	
81	-55	922750	C00000000000000000095417	0112	134	000A	104801091 .0754296	
87	-55	922750	C00000000000000000095417	0112	135	000A	104801182 .166169	
78	-55	922750	C00000000000000000095417	0110	136	000A	104801275 .258949	
81	-56	922750	C00000000000000000095417	0110	137	000A	104801370 .3546852	
78	-56	922750	C00000000000000000095417	0110	138	000A	104801494 .4783381	
78	-55	922750	C00000000000000000095417	0119	139	000A	104801586 .5701563	
73	-55	922750	C00000000000000000095417	0119	140	000A	104801678 .6619476	
81	-55	922750	C00000000000000000095417	0117	141	000A	104801769 .7536707	
78	-55	922750	C00000000000000000095417	0117	142	000A	104801891 .8753774	
81	-55	922750	C00000000000000000095417	0117	143	000A	104801982 .9660653	
84	-55	922750	C00000000000000000095417	010A	144	000A	104802077 .0609174	
78	-55	922750	C00000000000000000095417	010A	145	000A	104802137 .1217953	
84	-55	922750	C00000000000000000095417	010A	146	000A	104802198 .1826551	
84	-55	922750	C00000000000000000095417	010A	147	000A	104802292 .276016	
87	-55	922750	C00000000000000000095417	010F	148	000A	104802384 .368723	
87	-55	922750	C00000000000000000095417	010F	149	000A	104802480 .4643917	
78	-55	922750	C00000000000000000095417	010F	150	000A	104802576 .560226	
84	-55	922750	C00000000000000000095417	010F	151	000A	104802670 .6538766	
87	-55	922750	C00000000000000000095417	010F	152	000A	104802795 .7792834	
90	-55	922750	C00000000000000000095417	010C	153	000A	104802890 .874115	
84	-55	922750	C00000000000000000095417	010C	154	000A	104802980 .9648446	
81	-55	922750	C00000000000000000095417	010A	155	000A	104803073 .0575421	
81	-55	922750	C00000000000000000095417	010A	156	000A	104803197 .18131	
81	-55	922750	C00000000000000000095417	010A	157	000A	104803292 .2759584	
87	-55	922750	C00000000000000000095417	0105	158	000A	104803384 .3687267	
92	-55	922750	C00000000000000000095417	0105	159	000A	104803479 .4634364	
81	-55	922750	C00000000000000000095417	0108	160	000A	104803573 .5572336	
78	-55	922750	C00000000000000000095417	0108	161	000A	104803696 .6799443	
84	-55	922750	C00000000000000000095417	0108	162	000A	104803790 .7747726	
84	-56	922750	C00000000000000000095417	0111	163	000A	104803886 .8704198	
75	-55	922750	C00000000000000000095417	0111	164	000A	104803982 .9662727	
78	-55	922750	C00000000000000000095417	0114	165	000A	104804077 .0610022	
75	-56	922750	C00000000000000000095417	0114	166	000A	104804200 .1838627	
73	-55	922750	C00000000000000000095417	0114	167	000A	104804292 .2765249	
73	-56	922750	C00000000000000000095417	0111	168	000A	104804384 .3681838	
84	-55	922750	C00000000000000000095417	0111	169	000A	104804477 .4609544	
75	-55	922750	C00000000000000000095417	0126	170	000A	104804569 .5536653	
70	-55	922750	C00000000000000000095417	0126	171	000A	104804692 .6764203	
70	-55	922750	C00000000000000000095417	0126	172	000A	104804786 .7702024	
75	-55	922750	C00000000000000000095417	0103	173	000A	104804880 .8639392	
90	-55	922750	C00000000000000000095417	0103	174	000A	104804975 .9596677	
84	-55	922750	C00000000000000000095417	010B	175	000A	104805070 .0544279	
81	-55	922750	C00000000000000000095417	010B	176	000A	104805198 .1821188	
81	-55	922750	C00000000000000000095417	010B	177	000A	104805292 .2758087	
78	-55	922750	C00000000000000000095417	00FE	178	000A	104805386 .3705767	
81	-55	922750	C00000000000000000095417	00FE	179	000A	104805478 .462311	
87	-55	922750	C00000000000000000095417	0104	180	000A	104805570 .5540838	
87	-55	922750	C00000000000000000095417	0104	181	000A	104805693 .6777046	
78	-56	922750	C00000000000000000095417	0104	182	000A	104805785 .7693941	
73	-56	922750	C00000000000000000095417	012B	183	000A	104805878 .8621803	
75	-55	922750	C00000000000000000095417	012B	184	000A	104805973 .9570106	
84	-55	922750	C00000000000000000095417	010C	185	000A	104806096 .0806911	
90	-55	922750	C00000000000000000095417	010C	186	000A	104806190 .174479	
75	-55	922750	C00000000000000000095417	010C	187	000A	104806282 .2661974	
84	-55	922750	C00000000000000000095417	0106	188	000A	104806378 .3619199	
95	-55	922750	C00000000000000000095417	0106	189	000A	104806469 .4536381	
87	-55	922750	C00000000000000000095417	0109	190	000A	104806595 .5793247	
87	-55	922750	C00000000000000000095417	0109	191	000A	104806689 .6731828	
92	-55	922750	C00000000000000000095417	0109	192	000A	104806783 .76687	
75	-55	922750	C00000000000000000095417	00F1	193	000A	104806876 .8605643	
78	-55	922750	C00000000000000000095417	00F1	194	000A	104806999 .9832723	
78	-55	922750	C00000000000000000095417	0116	195	000A	104807094 .0779948	
87	-56	922750	C00000000000000000095417	0116	196	000A	104807154 .1378286	
84	-56	922750	C00000000000000000095417	0116	197	000A	104807158 .1425714	
84	-55	922750	C00000000000000000095417	0116	198	000A	104807183 .167733	
78	-55	922750	C00000000000000000095417	0116	199	000A	104807308 .292391	
