6.09297168948177	-61.5	920.625	2215	0000	0	920.625	075752338 0.731601796983732	
5.94877749542052	-62.5	920.625	2216	0000	1	920.625	075752341 0.733782705126569	
2.90229165067963	-62	920.625	2216	0000	2	920.625	075752342 0.734077973507403	
3.17840819249905	-60.5	920.625	2215	0000	3	920.625	075752342 0.734327177000179	
6.07763188160291	-61.5	920.625	2215	0000	4	920.625	075752342 0.734585820019196	
5.85980660972315	-62.5	920.625	2216	0000	5	920.625	075752342 0.734841819970866	
3.08023342207437	-60.5	920.625	2215	0000	6	920.625	075752343 0.735616993865818	
2.86547611177038	-62.5	920.625	2216	0000	7	920.625	075752346 0.738214373906431	
6.06229207372405	-61.5	920.625	2215	0000	8	920.625	075752349 0.741329417566128	
6.02854449639057	-63.5	920.625	2216	0000	9	920.625	075752357 0.749433439634985	
3.06182565261974	-60.5	920.625	2215	0000	10	920.625	075752546 0.938834135441343	
2.89615572752809	-62	920.625	2216	0000	11	920.625	075752551 0.944031538589916	
6.05002022742097	-61.5	920.625	2215	0000	12	920.625	075752554 0.946890959878993	
5.982525072754	-63.5	920.625	2216	0000	13	920.625	075752560 0.953060634230441	
2.89615572752809	-62	920.625	2216	0000	14	920.625	075752563 0.956505306146491	
2.99433049795277	-60.5	920.625	2215	0000	15	920.625	075752571 0.963077104315827	
5.8966221486324	-63.5	920.625	2216	0000	16	920.625	075752575 0.967482342422213	
6.13285518996679	-60.5	920.625	2215	0000	17	920.625	075752579 0.971357079153826	
3.19068003880213	-60	920.625	2215	0000	18	920.625	075752586 0.978153915628759	
2.87161203492192	-62.5	920.625	2216	0000	19	920.625	075752589 0.981134162853727	
5.93650564911743	-63.5	920.625	2216	0000	20	920.625	075752796 1.18876938029133	
6.07456392002714	-61	920.625	2215	0000	21	920.625	075752806 1.19899314237298	
2.92069942013426	-62.5	920.625	2216	0000	22	920.625	075752810 1.20309895870698	
3.07409749892282	-61	920.625	2215	0000	23	920.625	075752817 1.20995167717726	
6.10217557420908	-61	920.625	2215	0000	24	920.625	075752821 1.21415453184103	
2.78264114922455	-63.5	920.625	2216	0000	25	920.625	075752828 1.22080071347715	
2.94524311274043	-60.5	920.625	2215	0000	26	920.625	075752833 1.22545930846786	
2.7243498792849	-62.5	920.625	2216	0000	27	920.625	075752836 1.22861701878617	
6.0040008037844	-63.5	920.625	2216	0000	28	920.625	075752842 1.23503853969774	
6.05002022742097	-61	920.625	2215	0000	29	920.625	075752846 1.23870598443309	
2.65071880146639	-62	920.625	2216	0000	30	920.625	075753046 1.4387714569871	
2.98205865164969	-60.5	920.625	2215	0000	31	920.625	075753051 1.44373173923649	
5.92116584123858	-63	920.625	2216	0000	32	920.625	075753055 1.4471008949426	
6.06536003529983	-61	920.625	2215	0000	33	920.625	075753060 1.45242101193232	
2.98819457480123	-60.5	920.625	2215	0000	34	920.625	075753063 1.4559419552204	
2.84093241916421	-62.5	920.625	2216	0000	35	920.625	075753067 1.45997640873602	
6.08376780475445	-61	920.625	2215	0000	36	920.625	075753074 1.46647042520912	
5.9395736106932	-63.5	920.625	2216	0000	37	920.625	075753075 1.46715497965216	
3.07409749892282	-61	920.625	2215	0000	38	920.625	075753079 1.47147714992762	
2.99433049795277	-62.5	920.625	2216	0000	39	920.625	075753086 1.47902272962403	
5.85367068657161	-63	920.625	2216	0000	40	920.625	075753296 1.68870443635078	
6.09297168948177	-61	920.625	2215	0000	41	920.625	075753301 1.69430773912774	
2.94524311274043	-60	920.625	2215	0000	42	920.625	075753304 1.69705577400717	
2.71207803298181	-62.5	920.625	2216	0000	43	920.625	075753309 1.70250955468846	
6.089903727906	-61	920.625	2215	0000	44	920.625	075753312 1.70550452757437	
5.92116584123858	-63.5	920.625	2216	0000	45	920.625	075753317 1.71002303999565	
2.85934018861884	-62	920.625	2216	0000	46	920.625	075753325 1.7175810798667	
2.94524311274043	-60.5	920.625	2215	0000	47	920.625	075753329 1.72133197001402	
5.92730176439012	-63.5	920.625	2216	0000	48	920.625	075753336 1.7280272371866	
6.09910761263331	-61	920.625	2215	0000	49	920.625	075753339 1.73113888261685	
2.95137903589197	-60.5	920.625	2215	0000	50	920.625	075753546 1.93868952189932	
2.90229165067963	-63	920.625	2216	0000	51	920.625	075753550 1.9429425948427	
6.10524353578485	-61	920.625	2215	0000	52	920.625	075753553 1.94599647037235	
6.00706876536017	-63.5	920.625	2216	0000	53	920.625	075753559 1.95208798544652	
3.04341788316511	-61	920.625	2215	0000	54	920.625	075753562 1.95525060431847	
2.82252464970958	-62.5	920.625	2216	0000	55	920.625	075753566 1.95900678060049	
5.99172895748131	-63.5	920.625	2216	0000	56	920.625	075753573 1.9659380359291	
6.04388430426943	-61	920.625	2215	0000	57	920.625	075753576 1.96879896754238	
3.04341788316511	-60	920.625	2215	0000	58	920.625	075753579 1.9718328312764	
2.74275764873953	-62	920.625	2216	0000	59	920.625	075753585 1.97792396876952	
5.94877749542052	-63.5	920.625	2216	0000	60	920.625	075753796 2.18877391126392	
6.07456392002714	-61	920.625	2215	0000	61	920.625	075753801 2.19363640002145	
3.07409749892282	-60	920.625	2215	0000	62	920.625	075753804 2.19649619889157	
2.93297126643735	-62	920.625	2216	0000	63	920.625	075753809 2.20192241615624	
5.93650564911743	-63.5	920.625	2216	0000	64	920.625	075753813 2.2051854715874	
6.0254765348148	-61	920.625	2215	0000	65	920.625	075753817 2.20917990151176	
3.12932080728671	-61	920.625	2215	0000	66	920.625	075753822 2.21470126920094	
2.74275764873953	-62.5	920.625	2216	0000	67	920.625	075753825 2.21738851353137	
6.06536003529983	-61	920.625	2215	0000	68	920.625	075753828 2.22023320915951	
5.92116584123858	-63.5	920.625	2216	0000	69	920.625	075753834 2.2268084055583	
2.97592272849814	-60.5	920.625	2215	0000	70	920.625	075754046 2.43862571070193	
2.98819457480123	-63	920.625	2216	0000	71	920.625	075754049 2.44221537374105	
2.89615572752809	-60.5	920.625	2215	0000	72	920.625	075754052 2.44507857084062	
2.86547611177038	-62.5	920.625	2216	0000	73	920.625	075754054 2.4475502163917	
3.06796157577128	-60.5	920.625	2215	0000	74	920.625	075754059 2.45251465203263	
3.00046642110431	-62.5	920.625	2216	0000	75	920.625	075754062 2.45533027391995	
2.79798095710341	-59.5	920.625	2215	0000	76	920.625	075754065 2.45848987214351	
2.90229165067963	-63	920.625	2216	0000	77	920.625	075754071 2.46383075609095	
2.82866057286112	-62	920.625	2216	0000	78	920.625	075754074 2.46661050777855	
3.03728196001357	-60.5	920.625	2215	0000	79	920.625	075754077 2.46932795859295	
5.92423380281435	-63.5	920.625	2216	0000	80	920.625	075754296 2.68863647176185	
6.10217557420908	-61	920.625	2215	0000	81	920.625	075754300 2.69287859485478	
3.03114603686203	-60.5	920.625	2215	0000	82	920.625	075754303 2.69548277135429	
2.91456349698272	-62.5	920.625	2216	0000	83	920.625	075754307 2.70026181469983	
5.92116584123858	-63.5	920.625	2216	0000	84	920.625	075754311 2.70333381411987	
6.05615615057251	-61	920.625	2215	0000	85	920.625	075754314 2.70711679865642	
2.83479649601267	-62.5	920.625	2216	0000	86	920.625	075754319 2.71135212529045	
3.03728196001357	-60.5	920.625	2215	0000	87	920.625	075754322 2.71522233104947	
6.089903727906	-61	920.625	2215	0000	88	920.625	075754326 2.7183551210185	
5.89969011020818	-63.5	920.625	2216	0000	89	920.625	075754330 2.72335467169705	
3.03114603686203	-60.5	920.625	2215	0000	90	920.625	075754546 2.93856303224769	
2.73048580243644	-62	920.625	2216	0000	91	920.625	075754550 2.9429357983838	
6.04388430426943	-61	920.625	2215	0000	92	920.625	075754554 2.94596852937467	
5.90275807178395	-64	920.625	2216	0000	93	920.625	075754556 2.94845452300564	
2.87774795807346	-62.5	920.625	2216	0000	94	920.625	075754561 2.95382712376125	
6.08683576633022	-61.5	920.625	2215	0000	95	920.625	075754565 2.95755989001819	
5.9395736106932	-63.5	920.625	2216	0000	96	920.625	075754571 2.96307861464003	
6.05308818899674	-61	920.625	2215	0000	97	920.625	075754574 2.9667188735398	
2.98819457480123	-60.5	920.625	2215	0000	98	920.625	075754577 2.96952958687347	
2.7673013413457	-62.5	920.625	2216	0000	99	920.625	075754584 2.9766137625272	
6.09297168948177	-61	920.625	2215	0000	100	920.625	075754795 3.18859342752218	
5.982525072754	-64	920.625	2216	0000	101	920.625	075754800 3.19333999889746	
3.03114603686203	-61	920.625	2215	0000	102	920.625	075754803 3.19616959128362	
2.79184503395187	-61	920.625	2216	0000	103	920.625	075754806 3.19905997421877	
5.93036972596589	-64	920.625	2216	0000	104	920.625	075754812 3.20470556607329	
6.07763188160291	-61	920.625	2215	0000	105	920.625	075754815 3.2086320314087	
2.77957318764878	-62.5	920.625	2216	0000	106	920.625	075754820 3.2135224611639	
2.87774795807346	-61	920.625	2215	0000	107	920.625	075754823 3.21592123357239	
5.9610493417236	-63.5	920.625	2216	0000	108	920.625	075754826 3.21839816525816	
6.0469522658452	-61	920.625	2215	0000	109	920.625	075754832 3.22431599304949	
2.82866057286112	-62.5	920.625	2216	0000	110	920.625	075755046 3.43847732134941	
2.85934018861884	-60.5	920.625	2215	0000	111	920.625	075755050 3.44240831765743	
5.8966221486324	-63.5	920.625	2216	0000	112	920.625	075755052 3.44492716083971	
6.01013672693594	-61	920.625	2215	0000	113	920.625	075755055 3.44758231078092	
2.82252464970958	-63	920.625	2216	0000	114	920.625	075755060 3.45275139535077	
3.0556897294682	-60.5	920.625	2215	0000	115	920.625	075755064 3.45648944774241	
5.8966221486324	-63.5	920.625	2216	0000	116	920.625	075755066 3.45909475698506	
6.05002022742097	-61	920.625	2215	0000	117	920.625	075755072 3.46459422497336	
2.98819457480123	-62.5	920.625	2216	0000	118	920.625	075755075 3.46742457252161	
3.08636934522591	-60	920.625	2215	0000	119	920.625	075755077 3.47026398201506	
6.08069984317868	-61.5	920.625	2215	0000	120	920.625	075755296 3.68842880218453	
5.88741826390509	-64	920.625	2216	0000	121	920.625	075755300 3.69229070116046	
3.01887419055894	-60.5	920.625	2215	0000	122	920.625	075755303 3.69530832890934	
3.13545673043825	-62	920.625	2216	0000	123	920.625	075755306 3.69817567940046	
6.0469522658452	-61	920.625	2215	0000	124	920.625	075755311 3.70337836868373	
5.86287457129892	-64	920.625	2216	0000	125	920.625	075755314 3.70672562468897	
2.86547611177038	-62.5	920.625	2216	0000	126	920.625	075755319 3.71183278596667	
3.0127382674074	-60.5	920.625	2215	0000	127	920.625	075755323 3.71580380586595	
6.05922411214828	-61.5	920.625	2215	0000	128	920.625	075755326 3.71886712092184	
5.95798138014783	-64	920.625	2216	0000	129	920.625	075755333 3.72547932026349	
2.90229165067963	-62.5	920.625	2216	0000	130	920.625	075755545 3.93840784643628	
3.23363150086293	-60	920.625	2215	0000	131	920.625	075755549 3.94216628820459	
2.75502949504261	-63.5	920.625	2216	0000	132	920.625	075755552 3.94489733193679	
6.04081634269366	-61	920.625	2215	0000	133	920.625	075755554 3.94728817514324	
2.98205865164969	-61	920.625	2215	0000	134	920.625	075755559 3.95213291759143	
3.32567034813607	-62	920.625	2216	0000	135	920.625	075755562 3.95498440967846	
5.9180978796628	-64	920.625	2216	0000	136	920.625	075755565 3.95846042082163	
6.03774838111788	-61.5	920.625	2215	0000	137	920.625	075755570 3.96324323997768	
2.95751495904352	-60.5	920.625	2215	0000	138	920.625	075755573 3.96597843710142	
2.55254403104171	-62.5	920.625	2216	0000	139	920.625	075755575 3.968491994149	
5.99479691905709	-61.5	920.625	2215	0000	140	920.625	075755796 4.18833365176002	
5.95491341857206	-64	920.625	2216	0000	141	920.625	075755799 4.19211890178286	
2.96365088219506	-60.5	920.625	2215	0000	142	920.625	075755802 4.19471212843193	
2.89001980437655	-62.5	920.625	2216	0000	143	920.625	075755808 4.20079193849356	
6.08069984317868	-61.5	920.625	2215	0000	144	920.625	075755812 4.20434271068456	
5.99172895748131	-64	920.625	2216	0000	145	920.625	075755815 4.20760274546733	
2.6813984172241	-62.5	920.625	2216	0000	146	920.625	075755822 4.21504826618558	
2.93297126643735	-61	920.625	2215	0000	147	920.625	075755826 4.21909329197059	
6.05922411214828	-61	920.625	2215	0000	148	920.625	075755833 4.2260853378482	
2.79491299552764	-63.5	920.625	2216	0000	149	920.625	075755836 4.22889189779032	
2.99433049795277	-60	920.625	2215	0000	150	920.625	075756046 4.43834441281993	
3.0127382674074	-62.5	920.625	2216	0000	151	920.625	075756051 4.44297204616457	
2.86547611177038	-63	920.625	2216	0000	152	920.625	075756053 4.4459383228907	
2.95751495904352	-61	920.625	2215	0000	153	920.625	075756056 4.44854589761965	
3.0127382674074	-60.5	920.625	2215	0000	154	920.625	075756063 4.45555720013079	
2.83479649601267	-62	920.625	2216	0000	155	920.625	075756066 4.45841360077147	
6.07456392002714	-61	920.625	2215	0000	156	920.625	075756071 4.46392515135336	
5.90889399493549	-63.5	920.625	2216	0000	157	920.625	075756074 4.46646778214178	
2.9697868053466	-62.5	920.625	2216	0000	158	920.625	075756077 4.46915464889116	
3.0127382674074	-60.5	920.625	2215	0000	159	920.625	075756083 4.47535188665923	
6.03161245796634	-61	920.625	2215	0000	160	920.625	075756295 4.68829287300666	
5.93343768754166	-64	920.625	2216	0000	161	920.625	075756299 4.69235828816835	
2.84093241916421	-62.5	920.625	2216	0000	162	920.625	075756302 4.69515050003058	
2.98819457480123	-60.5	920.625	2215	0000	163	920.625	075756307 4.70020706544763	
6.08069984317868	-61.5	920.625	2215	0000	164	920.625	075756310 4.70351429786161	
5.95491341857206	-63.5	920.625	2216	0000	165	920.625	075756314 4.70717003758442	
3.28885480922681	-62	920.625	2216	0000	166	920.625	075756320 4.71338993021547	
3.01887419055894	-61	920.625	2215	0000	167	920.625	075756323 4.71665109774139	
5.92730176439012	-64	920.625	2216	0000	168	920.625	075756327 4.72015467230118	
6.05615615057251	-61	920.625	2215	0000	169	920.625	075756334 4.7261933260284	
2.76116541819415	-62.5	920.625	2216	0000	170	920.625	075756545 4.93822509720824	
2.93297126643735	-60.5	920.625	2215	0000	171	920.625	075756549 4.94165806411175	
5.93650564911743	-64	920.625	2216	0000	172	920.625	075756552 4.94444876564979	
6.05615615057251	-61	920.625	2215	0000	173	920.625	075756555 4.94735651731322	
2.87161203492192	-63	920.625	2216	0000	174	920.625	075756560 4.95311915929314	
2.98819457480123	-60.5	920.625	2215	0000	175	920.625	075756564 4.95693688128625	
5.91196195651126	-64	920.625	2216	0000	176	920.625	075756567 4.9596044914021	
6.07149595845137	-61.5	920.625	2215	0000	177	920.625	075756573 4.96563068495468	
3.23976742401447	-61.5	920.625	2216	0000	178	920.625	075756576 4.96859054280297	
2.96365088219506	-60.5	920.625	2215	0000	179	920.625	075756583 4.97536850022542	
5.93343768754166	-63.5	920.625	2216	0000	180	920.625	075756797 5.18918849525645	
6.0469522658452	-61	920.625	2215	0000	181	920.625	075756801 5.19297412286034	
2.89615572752809	-60.5	920.625	2215	0000	182	920.625	075756803 5.19593322554653	
3.03114603686203	-63	920.625	2216	0000	183	920.625	075756806 5.19870806868048	
5.97025322645092	-63.5	920.625	2216	0000	184	920.625	075756812 5.20484980203426	
6.05308818899674	-61	920.625	2215	0000	185	920.625	075756815 5.20774282803675	
3.03114603686203	-60	920.625	2215	0000	186	920.625	075756818 5.21048784226778	
2.78570911080032	-62.5	920.625	2216	0000	187	920.625	075756824 5.21649553434893	
5.93036972596589	-63.5	920.625	2216	0000	188	920.625	075756827 5.21957357506576	
6.03161245796634	-60.5	920.625	2215	0000	189	920.625	075756833 5.22578440575162	
2.69367026352719	-60	920.625	2215	0000	190	920.625	075757045 5.43820055444001	
2.78570911080032	-62.5	920.625	2216	0000	191	920.625	075757049 5.44191142099607	
6.07149595845137	-61.5	920.625	2215	0000	192	920.625	075757052 5.44523791004358	
5.90889399493549	-63.5	920.625	2216	0000	193	920.625	075757055 5.44798443459881	
2.82866057286112	-63.5	920.625	2216	0000	194	920.625	075757062 5.45504746571375	
6.09297168948177	-61.5	920.625	2215	0000	195	920.625	075757065 5.45836564797817	
6.0254765348148	-61	920.625	2215	0000	196	920.625	075757072 5.46509942841781	
5.93036972596589	-63.5	920.625	2216	0000	197	920.625	075757073 5.46585534567923	
2.90842757383118	-60.5	920.625	2215	0000	198	920.625	075757076 5.46951486121253	
2.98205865164969	-63	920.625	2216	0000	199	920.625	075757085 5.4768289837255	
6.05308818899674	-61.5	920.625	2215	0000	200	920.625	075757295 5.68813315622265	
5.93343768754166	-63.5	920.625	2216	0000	201	920.625	075757300 5.69267281318271	
3.03728196001357	-62.5	920.625	2216	0000	202	920.625	075757302 5.69514030534224	
2.96365088219506	-60.5	920.625	2215	0000	203	920.625	075757305 5.69799293017243	
2.82866057286112	-63	920.625	2216	0000	204	920.625	075757310 5.70326698227408	
6.07456392002714	-61.5	920.625	2215	0000	205	920.625	075757314 5.70725990187424	
3.03728196001357	-60.5	920.625	2215	0000	206	920.625	075757319 5.71229532275251	
2.86547611177038	-62.5	920.625	2216	0000	207	920.625	075757324 5.71634865532061	
6.07763188160291	-61	920.625	2215	0000	208	920.625	075757546 5.93873030065269	
5.97025322645092	-63.5	920.625	2216	0000	209	920.625	075757551 5.94358448262712	
3.0556897294682	-60.5	920.625	2215	0000	210	920.625	075757554 5.94664893042616	
2.93297126643735	-63	920.625	2216	0000	211	920.625	075757557 5.9491590892443	
6.09910761263331	-61	920.625	2215	0000	212	920.625	075757563 5.95590193162913	
5.93343768754166	-64	920.625	2216	0000	213	920.625	075757566 5.95857067448813	
5.97025322645092	-63.5	920.625	2216	0000	214	920.625	075757573 5.96524215405458	
6.07456392002714	-61.5	920.625	2215	0000	215	920.625	075757577 5.96970818270996	
2.89308776595232	-63.5	920.625	2216	0000	216	920.625	075757584 5.97637588646591	
6.05922411214828	-61.5	920.625	2215	0000	217	920.625	075757587 5.97980243449158	
2.85934018861884	-60.5	920.625	2215	0000	218	920.625	075757795 6.18799005300483	
2.92069942013426	-62.5	920.625	2216	0000	219	920.625	075757799 6.19191953898864	
5.95491341857206	-63.5	920.625	2216	0000	220	920.625	075757801 6.19455090132372	
6.08069984317868	-60.5	920.625	2215	0000	221	920.625	075757804 6.19731894799878	
2.82866057286112	-62.5	920.625	2216	0000	222	920.625	075757809 6.20245140720681	
2.95137903589197	-61	920.625	2215	0000	223	920.625	075757813 6.20568689922135	
5.97638914960246	-63.5	920.625	2216	0000	224	920.625	075757815 6.20805470998377	
6.03774838111788	-60.5	920.625	2215	0000	225	920.625	075757820 6.21334273258426	
2.93910718958889	-63	920.625	2216	0000	226	920.625	075758045 6.43803555152131	
3.08023342207437	-60	920.625	2215	0000	227	920.625	075758049 6.44142018805047	
6.10217557420908	-61.5	920.625	2215	0000	228	920.625	075758051 6.44422183943894	
2.80411688025495	-63.5	920.625	2216	0000	229	920.625	075758054 6.44671274162355	
2.96365088219506	-63	920.625	2216	0000	230	920.625	075758059 6.45193393237825	
3.09250526837745	-61	920.625	2215	0000	231	920.625	075758063 6.45575203195242	
5.92116584123858	-63.5	920.625	2216	0000	232	920.625	075758065 6.45829617306503	
6.05002022742097	-61.5	920.625	2215	0000	233	920.625	075758070 6.46329459100043	
2.79798095710341	-62.5	920.625	2216	0000	234	920.625	075758074 6.46706587052444	
3.02501011371048	-60.5	920.625	2215	0000	235	920.625	075758077 6.47001742158963	
6.03774838111788	-61.5	920.625	2215	0000	236	920.625	075758296 6.68797230669549	
2.85013630389152	-63.5	920.625	2216	0000	237	920.625	075758300 6.69282120253523	
2.82252464970958	-60.5	920.625	2215	0000	238	920.625	075758304 6.69598759721768	
2.95751495904352	-62	920.625	2216	0000	239	920.625	075758309 6.70148782036808	
5.982525072754	-64	920.625	2216	0000	240	920.625	075758313 6.70583981954646	
6.07763188160291	-61.5	920.625	2215	0000	241	920.625	075758318 6.71002757096825	
2.79184503395187	-62	920.625	2216	0000	242	920.625	075758324 6.71658804170609	
2.98819457480123	-60.5	920.625	2215	0000	243	920.625	075758327 6.71981598209964	
6.0684279968756	-61.5	920.625	2215	0000	244	920.625	075758333 6.72587502520354	
5.98559303432977	-63.5	920.625	2216	0000	245	920.625	075758336 6.72872387422322	
2.98205865164969	-60.5	920.625	2215	0000	246	920.625	075758545 6.93798382291751	
2.95137903589197	-62.5	920.625	2216	0000	247	920.625	075758549 6.94246306690963	
6.08683576633022	-61.5	920.625	2215	0000	248	920.625	075758552 6.9451034911899	
2.81945668813381	-63.5	920.625	2216	0000	249	920.625	075758555 6.94770049364946	
3.00660234425586	-63	920.625	2216	0000	250	920.625	075758560 6.95317579645059	
2.98205865164969	-60.5	920.625	2215	0000	251	920.625	075758563 6.95617832095749	
6.05002022742097	-61.5	920.625	2215	0000	252	920.625	075758569 6.96222528146779	
2.79184503395187	-63.5	920.625	2216	0000	253	920.625	075758573 6.96603205361047	
2.96365088219506	-60.5	920.625	2215	0000	254	920.625	075758576 6.96953336268397	
2.98205865164969	-62.5	920.625	2216	0000	255	920.625	075758583 6.97568491314503	
6.05308818899674	-61.5	920.625	2215	0000	256	920.625	075758805 7.19803975022258	
5.90889399493549	-63.5	920.625	2216	0000	257	920.625	075758809 7.20212291169361	
2.99433049795277	-60.5	920.625	2215	0000	258	920.625	075758812 7.20499743622467	
2.86547611177038	-62.5	920.625	2216	0000	259	920.625	075758816 7.2089650578945	
6.07456392002714	-61.5	920.625	2215	0000	260	920.625	075758822 7.21471297421348	
5.94877749542052	-63.5	920.625	2216	0000	261	920.625	075758825 7.21793940428283	
3.0127382674074	-60.5	920.625	2215	0000	262	920.625	075758831 7.22397881317214	
2.82866057286112	-63.5	920.625	2216	0000	263	920.625	075758835 7.22750655291912	
5.90889399493549	-62.5	920.625	2216	0000	264	920.625	075758837 7.23005182677488	
6.0469522658452	-61	920.625	2215	0000	265	920.625	075758842 7.2350245691989	
3.00046642110431	-62.5	920.625	2216	0000	266	920.625	075758845 7.23753435043599	
2.90842757383118	-60.5	920.625	2215	0000	267	920.625	075758848 7.24109720522059	
5.95184545699629	-63.5	920.625	2216	0000	268	920.625	075759046 7.43798004710701	
6.04081634269366	-61.5	920.625	2215	0000	269	920.625	075759050 7.44233280144749	
2.9268353432858	-60.5	920.625	2215	0000	270	920.625	075759053 7.44517258852199	
2.90229165067963	-63	920.625	2216	0000	271	920.625	075759056 7.44811960861459	
5.99172895748131	-63	920.625	2216	0000	272	920.625	075759061 7.45367609134139	
6.06229207372405	-61.5	920.625	2215	0000	273	920.625	075759064 7.45643885188175	
3.00660234425586	-61	920.625	2215	0000	274	920.625	075759069 7.4617144143076	
2.82866057286112	-62	920.625	2216	0000	275	920.625	075759073 7.46528368797004	
3.01887419055894	-60.5	920.625	2215	0000	276	920.625	075759295 7.68789943355291	
2.93297126643735	-62.5	920.625	2216	0000	277	920.625	075759299 7.69163371013405	
2.92069942013426	-61	920.625	2215	0000	278	920.625	075759302 7.69466002224708	
2.90229165067963	-62.5	920.625	2216	0000	279	920.625	075759304 7.69715130201273	
6.0684279968756	-61	920.625	2215	0000	280	920.625	075759310 7.70271344845528	
2.83786445758844	-63.5	920.625	2216	0000	281	920.625	075759313 7.7057488225135	
3.02501011371048	-60.5	920.625	2215	0000	282	920.625	075759318 7.71162247332201	
2.91456349698272	-62.5	920.625	2216	0000	283	920.625	075759322 7.71523856703461	
6.06536003529983	-61	920.625	2215	0000	284	920.625	075759326 7.71936364000215	
5.93036972596589	-63.5	920.625	2216	0000	285	920.625	075759334 7.72662414600606	
3.0556897294682	-60.5	920.625	2215	0000	286	920.625	075759545 7.93780522708102	
2.82252464970958	-62.5	920.625	2216	0000	287	920.625	075759550 7.94264543855661	
6.04081634269366	-61	920.625	2215	0000	288	920.625	075759553 7.94558452944717	
5.97945711117823	-63.5	920.625	2216	0000	289	920.625	075759557 7.95018648728043	
2.9697868053466	-60.5	920.625	2215	0000	290	920.625	075759561 7.9537172476758	
5.93036972596589	-63.5	920.625	2216	0000	291	920.625	075759564 7.95645093447534	
6.0684279968756	-61.5	920.625	2215	0000	292	920.625	075759570 7.96284300406504	
2.99433049795277	-61	920.625	2215	0000	293	920.625	075759573 7.96611965241399	
2.87161203492192	-63	920.625	2216	0000	294	920.625	075759576 7.96908970495062	
6.04081634269366	-61.5	920.625	2215	0000	295	920.625	075759796 8.1879107609844	
5.92116584123858	-64	920.625	2216	0000	296	920.625	075759799 8.19127500813687	
3.03114603686203	-60.5	920.625	2215	0000	297	920.625	075759802 8.19484428179931	
2.81638872655804	-63	920.625	2216	0000	298	920.625	075759806 8.19797669418729	
5.93650564911743	-63.5	920.625	2216	0000	299	920.625	075759811 8.20386695856199	
2.94524311274043	-60.5	920.625	2215	0000	300	920.625	075759814 8.20672147129742	
6.07456392002714	-61.5	920.625	2215	0000	301	920.625	075759821 8.21363913370825	
2.83479649601267	-63.5	920.625	2216	0000	302	920.625	075759824 8.21673945170701	
6.05615615057251	-61.5	920.625	2215	0000	303	920.625	075800045 8.43775425363932	
2.79184503395187	-63.5	920.625	2216	0000	304	920.625	075800049 8.44224180441453	
3.14159265358979	-60.5	920.625	2215	0000	305	920.625	075800052 8.44533494837334	
2.88388388122501	-62.5	920.625	2216	0000	306	920.625	075800055 8.44804069417521	
6.07456392002714	-61.5	920.625	2215	0000	307	920.625	075800060 8.45359113560521	
2.79491299552764	-63.5	920.625	2216	0000	308	920.625	075800063 8.45637504068436	
2.93297126643735	-60	920.625	2215	0000	309	920.625	075800069 8.46198023136656	
2.85934018861884	-63.5	920.625	2216	0000	310	920.625	075800072 8.46515417767001	
6.07456392002714	-61.5	920.625	2215	0000	311	920.625	075800075 8.46801284379699	
5.97332118802669	-63.5	920.625	2216	0000	312	920.625	075800080 8.47356404038909	
3.02501011371048	-60.5	920.625	2215	0000	313	920.625	075800295 8.68777747487387	
2.82252464970958	-63	920.625	2216	0000	314	920.625	075800300 8.69232543861703	
5.90275807178395	-64	920.625	2216	0000	315	920.625	075800302 8.69511576257402	
6.10217557420908	-61.5	920.625	2215	0000	316	920.625	075800307 8.69982759649272	
3.13545673043825	-62.5	920.625	2216	0000	317	920.625	075800310 8.70284484666056	
3.04341788316511	-61	920.625	2215	0000	318	920.625	075800313 8.70590891687855	
6.12058334366371	-61.5	920.625	2215	0000	319	920.625	075800320 8.71271368255553	
2.84400038073998	-63	920.625	2216	0000	320	920.625	075800323 8.71579172327236	
3.12318488413517	-60.5	920.625	2215	0000	321	920.625	075800326 8.71889846014896	
2.90229165067963	-62.5	920.625	2216	0000	322	920.625	075800333 8.72537284240749	
6.09910761263331	-61.5	920.625	2215	0000	323	920.625	075800545 8.93774292620783	
5.92423380281435	-63.5	920.625	2216	0000	324	920.625	075800549 8.94144661872394	
3.08023342207437	-61.5	920.625	2216	0000	325	920.625	075800552 8.94429622290573	
2.98205865164969	-61	920.625	2215	0000	326	920.625	075800555 8.94743656449575	
6.09297168948177	-61	920.625	2215	0000	327	920.625	075800561 8.9537750175764	
5.90582603335972	-63	920.625	2216	0000	328	920.625	075800565 8.95713284585103	
3.06796157577128	-60.5	920.625	2215	0000	329	920.625	075800572 8.96453003619492	
2.9268353432858	-62	920.625	2216	0000	330	920.625	075800575 8.96769869636367	
6.11751538208794	-61.5	920.625	2215	0000	331	920.625	075800578 8.97092701433826	
5.93343768754166	-63.5	920.625	2216	0000	332	920.625	075800584 8.97698190405061	
2.44209741431394	-62	920.625	2216	0000	333	920.625	075800795 9.18795342764301	
2.96365088219506	-60.5	920.625	2215	0000	334	920.625	075800799 9.19253688400484	
5.93650564911743	-63.5	920.625	2216	0000	335	920.625	075800802 9.19541254127905	
6.0684279968756	-61.5	920.625	2215	0000	336	920.625	075800805 9.19796574433685	
2.90842757383118	-63	920.625	2216	0000	337	920.625	075800810 9.20304723010318	
3.01887419055894	-61	920.625	2215	0000	338	920.625	075800813 9.20576581366073	
6.0469522658452	-61.5	920.625	2215	0000	339	920.625	075800816 9.20895675111141	
5.9180978796628	-63.5	920.625	2216	0000	340	920.625	075800822 9.2152514047903	
3.00660234425586	-60.5	920.625	2215	0000	341	920.625	075800825 9.21840080832551	
2.79798095710341	-62.5	920.625	2216	0000	342	920.625	075800832 9.22494315517297	
6.07149595845137	-61	920.625	2215	0000	343	920.625	075801055 9.44764536681621	
5.85673864814738	-63.5	920.625	2216	0000	344	920.625	075801059 9.45141966698862	
3.0127382674074	-60.5	920.625	2215	0000	345	920.625	075801061 9.45412881101993	
2.79798095710341	-62.5	920.625	2216	0000	346	920.625	075801065 9.45749872188815	
6.10217557420908	-61	920.625	2215	0000	347	920.625	075801070 9.46299667955225	
5.87207845602623	-63	920.625	2216	0000	348	920.625	075801073 9.46596484418363	
2.93910718958889	-60.5	920.625	2215	0000	349	920.625	075801076 9.46887410617126	
2.87774795807346	-62.5	920.625	2216	0000	350	920.625	075801083 9.47536245892862	
6.08683576633022	-61	920.625	2215	0000	351	920.625	075801085 9.47813692448153	
5.85060272499584	-63.5	920.625	2216	0000	352	920.625	075801088 9.48055344319935	
2.85934018861884	-62.5	920.625	2216	0000	353	920.625	075801093 9.48592302330657	
3.0556897294682	-60	920.625	2215	0000	354	920.625	075801096 9.48850681042939	
5.87821437917778	-63.5	920.625	2216	0000	355	920.625	075801295 9.68753771090734	
6.0684279968756	-61	920.625	2215	0000	356	920.625	075801299 9.69173792250375	
2.68753434037564	-63	920.625	2216	0000	357	920.625	075801302 9.69435644708315	
3.06182565261974	-60.5	920.625	2215	0000	358	920.625	075801305 9.69723625774891	
6.05002022742097	-61	920.625	2215	0000	359	920.625	075801310 9.70233133643302	
5.86901049445046	-63.5	920.625	2216	0000	360	920.625	075801312 9.70484602622376	
3.09250526837745	-60.5	920.625	2215	0000	361	920.625	075801315 9.70785006105486	
2.7673013413457	-63	920.625	2216	0000	362	920.625	075801321 9.71340012490381	
6.06229207372405	-61	920.625	2215	0000	363	920.625	075801545 9.937607374611	
5.88128234075355	-63.5	920.625	2216	0000	364	920.625	075801549 9.94160784583215	
2.69980618667873	-62.5	920.625	2216	0000	365	920.625	075801551 9.94453258864282	
2.93910718958889	-60.5	920.625	2215	0000	366	920.625	075801554 9.94741013382228	
5.87514641760201	-63.5	920.625	2216	0000	367	920.625	075801559 9.9522703570935	
6.089903727906	-61	920.625	2215	0000	368	920.625	075801562 9.9546630882052	
3.04955380631665	-60.5	920.625	2215	0000	369	920.625	075801565 9.95813570111892	
2.98205865164969	-62.5	920.625	2216	0000	370	920.625	075801570 9.96356191838359	
5.85673864814738	-63.5	920.625	2216	0000	371	920.625	075801573 9.96610719223935	
6.07149595845137	-61	920.625	2215	0000	372	920.625	075801577 9.97013145106663	
2.82866057286112	-62.5	920.625	2216	0000	373	920.625	075801795 10.1875328023537	
6.11137945893639	-61.5	920.625	2215	0000	374	920.625	075801800 10.1923341229812	
6.08069984317868	-61	920.625	2215	0000	375	920.625	075801802 10.1949960693813	
2.75502949504261	-63	920.625	2216	0000	376	920.625	075801805 10.1978362340368	
2.99433049795277	-60.5	920.625	2215	0000	377	920.625	075801810 10.202817660825	
2.84706834231575	-63	920.625	2216	0000	378	920.625	075801813 10.2056026986473	
5.85673864814738	-63.5	920.625	2216	0000	379	920.625	075801819 10.2114261311762	
6.04388430426943	-61	920.625	2215	0000	380	920.625	075801822 10.2150867794526	
2.82252464970958	-62.5	920.625	2216	0000	381	920.625	075801825 10.2182414691226	
2.98819457480123	-60	920.625	2215	0000	382	920.625	075801831 10.2241445712529	
6.07456392002714	-61	920.625	2215	0000	383	920.625	075802055 10.4474214612538	
5.89969011020818	-63	920.625	2216	0000	384	920.625	075802059 10.4514751714029	
2.96365088219506	-60	920.625	2215	0000	385	920.625	075802062 10.4541269231147	
2.71821395613336	-62	920.625	2216	0000	386	920.625	075802065 10.4569938960248	
5.85673864814738	-63.5	920.625	2216	0000	387	920.625	075802070 10.4621731752829	
6.05922411214828	-61	920.625	2215	0000	388	920.625	075802073 10.4652500832566	
2.98205865164969	-60	920.625	2215	0000	389	920.625	075802076 10.4683942006571	
2.76116541819415	-62.5	920.625	2216	0000	390	920.625	075802083 10.4750120637145	
5.82299107081389	-63.5	920.625	2216	0000	391	920.625	075802294 10.6875158112065	
6.0684279968756	-61	920.625	2215	0000	392	920.625	075802299 10.6916457927276	
3.00046642110431	-60.5	920.625	2215	0000	393	920.625	075802301 10.6943624883799	
2.77957318764878	-63	920.625	2216	0000	394	920.625	075802304 10.6967669245042	
2.73048580243644	-63.5	920.625	2216	0000	395	920.625	075802308 10.7014972598943	
6.05615615057251	-61	920.625	2215	0000	396	920.625	075802311 10.7040844452466	
2.9268353432858	-59.5	920.625	2215	0000	397	920.625	075802314 10.7068842087298	
2.73048580243644	-63	920.625	2216	0000	398	920.625	075802319 10.7119407741469	
6.12365130523948	-61	920.625	2215	0000	399	920.625	075802321 10.7144792515437	
5.89969011020818	-63.5	920.625	2216	0000	400	920.625	075802324 10.7170505784919	
2.94524311274043	-63	920.625	2216	0000	401	920.625	075802328 10.7213670850516	
2.95751495904352	-60.5	920.625	2215	0000	402	920.625	075802333 10.7257070016364	
5.9610493417236	-63.5	920.625	2216	0000	403	920.625	075802545 10.9374299115177	
6.04388430426943	-61	920.625	2215	0000	404	920.625	075802549 10.9416384298972	
3.0127382674074	-60.5	920.625	2215	0000	405	920.625	075802552 10.9444782169717	
2.6813984172241	-62.5	920.625	2216	0000	406	920.625	075802554 10.9469294731461	
5.82912699396544	-63.5	920.625	2216	0000	407	920.625	075802559 10.9521204574168	
6.08683576633022	-61	920.625	2215	0000	408	920.625	075802562 10.9548616958373	
3.09250526837745	-60	920.625	2215	0000	409	920.625	075802568 10.9612103436063	
2.57708772364788	-61.5	920.625	2216	0000	410	920.625	075802572 10.9652466850272	
6.06536003529983	-61	920.625	2215	0000	411	920.625	075802795 11.1874410501586	
5.88435030232932	-64	920.625	2216	0000	412	920.625	075802800 11.1925161170471	
2.77957318764878	-62.5	920.625	2216	0000	413	920.625	075802803 11.1956768480138	
2.95137903589197	-60.5	920.625	2215	0000	414	920.625	075802808 11.200688481286	
6.03161245796634	-61.5	920.625	2215	0000	415	920.625	075802812 11.2041271119052	
5.85367068657161	-63.5	920.625	2216	0000	416	920.625	075802815 11.2072663207521	
3.00660234425586	-60.5	920.625	2215	0000	417	920.625	075802821 11.2134008800659	
2.91456349698272	-62.5	920.625	2216	0000	418	920.625	075802823 11.2158245728237	
5.89048622548086	-63.5	920.625	2216	0000	419	920.625	075802827 11.2192526311735	
6.08069984317868	-61.5	920.625	2215	0000	420	920.625	075802834 11.22599245291	
2.90229165067963	-62.5	920.625	2216	0000	421	920.625	075802836 11.2289364523542	
3.08023342207437	-60	920.625	2215	0000	422	920.625	075802841 11.233823861461	
5.89969011020818	-63.5	920.625	2216	0000	423	920.625	075803044 11.4373358938363	
6.03161245796634	-61	920.625	2215	0000	424	920.625	075803049 11.4421104062092	
2.89001980437655	-62.5	920.625	2216	0000	425	920.625	075803052 11.4450223112642	
2.96365088219506	-60.5	920.625	2215	0000	426	920.625	075803057 11.4496865699707	
6.02240857323903	-61	920.625	2215	0000	427	920.625	075803060 11.452798970563	
5.84753476342006	-63.5	920.625	2216	0000	428	920.625	075803062 11.4552962916255	
2.99433049795277	-63	920.625	2216	0000	429	920.625	075803065 11.4585151700738	
3.17840819249905	-60	920.625	2215	0000	430	920.625	075803071 11.4643695642488	
6.08376780475445	-61	920.625	2215	0000	431	920.625	075803295 11.6873549616793	
5.94264157226897	-63	920.625	2216	0000	432	920.625	075803299 11.6920785006105	
2.7243498792849	-63	920.625	2216	0000	433	920.625	075803302 11.6949873850171	
2.95137903589197	-60	920.625	2215	0000	434	920.625	075803308 11.7008587703393	
5.90275807178395	-64	920.625	2216	0000	435	920.625	075803312 11.7045809643269	
6.03468041954211	-61	920.625	2215	0000	436	920.625	075803315 11.7076084091831	
2.86547611177038	-63	920.625	2216	0000	437	920.625	075803322 11.7147639476552	
2.93297126643735	-60	920.625	2215	0000	438	920.625	075803325 11.7181127139846	
5.85060272499584	-63.5	920.625	2216	0000	439	920.625	075803332 11.7252807126314	
6.0254765348148	-61	920.625	2215	0000	440	920.625	075803335 11.7282258448187	
2.74889357189107	-63	920.625	2216	0000	441	920.625	075803341 11.7333839795381	
3.03114603686203	-60.5	920.625	2215	0000	442	920.625	075803344 11.7367127340719	
5.90889399493549	-63.5	920.625	2216	0000	443	920.625	075803545 11.937257356978	
6.03161245796634	-61	920.625	2215	0000	444	920.625	075803549 11.9416542883013	
3.0127382674074	-60.5	920.625	2215	0000	445	920.625	075803552 11.9443203880929	
2.77957318764878	-62.5	920.625	2216	0000	446	920.625	075803555 11.9473055438715	
6.09910761263331	-61	920.625	2215	0000	447	920.625	075803560 11.9524206343513	
5.87207845602623	-63.5	920.625	2216	0000	448	920.625	075803563 11.9552808108024	
3.0127382674074	-60.5	920.625	2215	0000	449	920.625	075803569 11.9612707565743	
3.03728196001357	-62.5	920.625	2216	0000	450	920.625	075803573 11.9652338472715	
5.97025322645092	-62.5	920.625	2216	0000	451	920.625	075803794 12.1873187138985	
6.089903727906	-61	920.625	2215	0000	452	920.625	075803800 12.1928582054781	
2.81638872655804	-63.5	920.625	2216	0000	453	920.625	075803803 12.1960166709585	
6.08683576633022	-61.5	920.625	2215	0000	454	920.625	075803809 12.2016558439352	
6.06536003529983	-61	920.625	2215	0000	455	920.625	075803811 12.2042970233776	
5.9180978796628	-63.5	920.625	2216	0000	456	920.625	075803815 12.2082072527278	
2.96365088219506	-60	920.625	2215	0000	457	920.625	075803822 12.2150848915474	
3.09250526837745	-62	920.625	2216	0000	458	920.625	075803826 12.2189834158851	
6.08683576633022	-61	920.625	2215	0000	459	920.625	075803833 12.226289231615	
5.89355418705663	-63.5	920.625	2216	0000	460	920.625	075803836 12.2294337265966	
3.04341788316511	-60	920.625	2215	0000	461	920.625	075804045 12.4373162596217	
2.81638872655804	-63	920.625	2216	0000	462	920.625	075804048 12.4409187604165	
6.08376780475445	-61	920.625	2215	0000	463	920.625	075804051 12.4436094029764	
5.88741826390509	-63.5	920.625	2216	0000	464	920.625	075804054 12.4463797151378	
2.81025280340649	-62	920.625	2216	0000	465	920.625	075804059 12.4519943453462	
3.20295188510522	-60	920.625	2215	0000	466	920.625	075804062 12.4544535307226	
6.07456392002714	-61	920.625	2215	0000	467	920.625	075804065 12.4579903324148	
5.88128234075355	-63	920.625	2216	0000	468	920.625	075804070 12.4629147444645	
3.06796157577128	-60.5	920.625	2215	0000	469	920.625	075804073 12.4657900241576	
2.52186441528399	-61.5	920.625	2216	0000	470	920.625	075804076 12.4689409380171	
3.01887419055894	-60.5	920.625	2215	0000	471	920.625	075804295 12.6872209204067	
2.86547611177038	-62.5	920.625	2216	0000	472	920.625	075804299 12.6912138400068	
2.9697868053466	-60.5	920.625	2215	0000	473	920.625	075804301 12.6937757274288	
2.69980618667873	-62	920.625	2216	0000	474	920.625	075804304 12.6966910307132	
3.09250526837745	-60	920.625	2215	0000	475	920.625	075804309 12.7016286580996	
2.73662172558798	-62.5	920.625	2216	0000	476	920.625	075804312 12.704284940784	
2.83479649601267	-62.5	920.625	2216	0000	477	920.625	075804315 12.7076733531236	
3.098641191529	-60	920.625	2215	0000	478	920.625	075804321 12.7129557120084	
6.07149595845137	-61	920.625	2215	0000	479	920.625	075804324 12.7165008204836	
5.89048622548086	-63.5	920.625	2216	0000	480	920.625	075804327 12.7195456340681	
2.95137903589197	-60	920.625	2215	0000	481	920.625	075804544 12.9371082124633	
2.85934018861884	-63	920.625	2216	0000	482	920.625	075804548 12.9410999993204	
2.74275764873953	-63.5	920.625	2216	0000	483	920.625	075804551 12.9443706063725	
6.08683576633022	-61	920.625	2215	0000	484	920.625	075804554 12.9469381575102	
2.87161203492192	-62.5	920.625	2216	0000	485	920.625	075804559 12.9519297789867	
2.98205865164969	-60.5	920.625	2215	0000	486	920.625	075804562 12.95498856307	
6.05922411214828	-61	920.625	2215	0000	487	920.625	075804565 12.9580734002457	
5.88741826390509	-63.5	920.625	2216	0000	488	920.625	075804571 12.9639640422015	
2.83479649601267	-62.5	920.625	2216	0000	489	920.625	075804573 12.9665100712193	
3.01887419055894	-60.5	920.625	2215	0000	490	920.625	075804576 12.9693494807128	
6.09603965105754	-61	920.625	2215	0000	491	920.625	075804794 13.1871586195335	
5.8966221486324	-63.5	920.625	2216	0000	492	920.625	075804798 13.1911915627249	
2.74275764873953	-62.5	920.625	2216	0000	493	920.625	075804801 13.1939788660335	
2.98205865164969	-60.5	920.625	2215	0000	494	920.625	075804804 13.1968824643054	
6.09603965105754	-61	920.625	2215	0000	495	920.625	075804809 13.2018706875524	
5.89355418705663	-63.5	920.625	2216	0000	496	920.625	075804812 13.2047134952753	
2.62003918570868	-61.5	920.625	2216	0000	497	920.625	075804815 13.208208763052	
2.99433049795277	-60.5	920.625	2215	0000	498	920.625	075804823 13.2155874519245	
5.87514641760201	-63.5	920.625	2216	0000	499	920.625	075804826 13.21870098526	
6.089903727906	-61	920.625	2215	0000	500	920.625	075804833 13.2255031078696	
2.73048580243644	-62	920.625	2216	0000	501	920.625	075805045 13.4371316224884	
2.99433049795277	-60.5	920.625	2215	0000	502	920.625	075805049 13.4416308782762	
6.03468041954211	-61	920.625	2215	0000	503	920.625	075805052 13.4447251549781	
5.88128234075355	-63.5	920.625	2216	0000	504	920.625	075805057 13.4498270301212	
2.69980618667873	-62.5	920.625	2216	0000	505	920.625	075805060 13.4528654248278	
3.02501011371048	-60.5	920.625	2215	0000	506	920.625	075805064 13.4560144507819	
2.77650522607301	-63.5	920.625	2216	0000	507	920.625	075805069 13.4617925735849	
6.0469522658452	-61	920.625	2215	0000	508	920.625	075805072 13.4646278296868	
3.04955380631665	-60.5	920.625	2215	0000	509	920.625	075805076 13.4682726195592	
2.82866057286112	-63	920.625	2216	0000	510	920.625	075805083 13.4754855503508	
6.06229207372405	-61	920.625	2215	0000	511	920.625	075805294 13.6870589381364	
5.89048622548086	-63.5	920.625	2216	0000	512	920.625	075805298 13.6912066659669	
3.01887419055894	-60	920.625	2215	0000	513	920.625	075805301 13.6938825828658	
2.78570911080032	-62.5	920.625	2216	0000	514	920.625	075805306 13.6991139683089	
6.07456392002714	-61	920.625	2215	0000	515	920.625	075805309 13.7022546874799	
5.86901049445046	-63.5	920.625	2216	0000	516	920.625	075805313 13.7055751352307	
3.0127382674074	-60.5	920.625	2215	0000	517	920.625	075805318 13.7110972580819	
2.69980618667873	-62.5	920.625	2216	0000	518	920.625	075805321 13.7141496232874	
5.88741826390509	-63.5	920.625	2216	0000	519	920.625	075805324 13.7168255401863	
6.06229207372405	-61	920.625	2215	0000	520	920.625	075805330 13.7233437218466	
2.70594210983027	-62	920.625	2216	0000	521	920.625	075805544 13.9370783835604	
2.96365088219506	-60.5	920.625	2215	0000	522	920.625	075805548 13.9409610494941	
6.06536003529983	-61	920.625	2215	0000	523	920.625	075805551 13.9435969428018	
5.84446680184429	-63.5	920.625	2216	0000	524	920.625	075805554 13.9462237741642	
2.9268353432858	-60.5	920.625	2215	0000	525	920.625	075805559 13.9515231241962	
2.76116541819415	-62	920.625	2216	0000	526	920.625	075805561 13.9541790292995	
5.89048622548086	-63.5	920.625	2216	0000	527	920.625	075805565 13.9575957602179	
6.08683576633022	-61	920.625	2215	0000	528	920.625	075805571 13.9638813519516	
2.85934018861884	-62.5	920.625	2216	0000	529	920.625	075805574 13.9667985431413	
2.9697868053466	-60.5	920.625	2215	0000	530	920.625	075805578 13.9710433093016	
5.86594253287469	-63.5	920.625	2216	0000	531	920.625	075805795 14.1873013451702	
6.0684279968756	-61	920.625	2215	0000	532	920.625	075805799 14.1910624300059	
2.90229165067963	-60	920.625	2215	0000	533	920.625	075805801 14.1937768601719	
2.77343726449724	-64	920.625	2216	0000	534	920.625	075805804 14.1965264053755	
2.7243498792849	-63.5	920.625	2216	0000	535	920.625	075805809 14.2013099796937	
6.02854449639057	-61	920.625	2215	0000	536	920.625	075805812 14.2040410234259	
2.97592272849814	-60.5	920.625	2215	0000	537	920.625	075805815 14.2072814239941	
2.73662172558798	-63	920.625	2216	0000	538	920.625	075805818 14.2106252817699	
5.87207845602623	-64	920.625	2216	0000	539	920.625	075806044 14.4370062655799	
6.089903727906	-61	920.625	2215	0000	540	920.625	075806048 14.4408791144063	
2.84093241916421	-59.5	920.625	2215	0000	541	920.625	075806051 14.4437864884887	
2.73662172558798	-63.5	920.625	2216	0000	542	920.625	075806054 14.4466757386807	
6.09297168948177	-61	920.625	2215	0000	543	920.625	075806059 14.4522443040011	
5.89355418705663	-64	920.625	2216	0000	544	920.625	075806063 14.4560004802831	
2.77343726449724	-62.5	920.625	2216	0000	545	920.625	075806070 14.4630351928193	
3.00660234425586	-60.5	920.625	2215	0000	546	920.625	075806073 14.4661128559551	
2.70901007140604	-63.5	920.625	2216	0000	547	920.625	075806078 14.4714005009745	
6.0469522658452	-61	920.625	2215	0000	548	920.625	075806083 14.4762947065402	
2.73048580243644	-62.5	920.625	2216	0000	549	920.625	075806089 14.481904050614	
3.01887419055894	-60.5	920.625	2215	0000	550	920.625	075806103 14.4956193046618	
6.10831149736062	-61	920.625	2215	0000	551	920.625	075806106 14.4985920002658	
5.90582603335972	-64	920.625	2216	0000	552	920.625	075806111 14.5035156571534	
