0.325203927031756	-64	920.625	2215	0000	0	920.625	091518733 0.704630805025453	
1.51864098000678	-64	920.625	2216	0000	1	920.625	091518735 0.706048621866927	
1.46648563321867	-63.5	920.625	2216	0000	2	920.625	091518736 0.70633407314047	
0.355883542789469	-63.5	920.625	2215	0000	3	920.625	091518736 0.706596114388934	
1.31308755443011	-62.5	920.625	2216	0000	4	920.625	091518736 0.706908751498053	
0.337475773334841	-63.5	920.625	2215	0000	5	920.625	091518737 0.707154179180332	
1.4848934026733	-63.5	920.625	2216	0000	6	920.625	091518737 0.707997317664223	
0.343611696486384	-64	920.625	2215	0000	7	920.625	091518740 0.710732892369011	
0.355883542789469	-64	920.625	2215	0000	8	920.625	091518743 0.714069198523809	
4.66943751832389	-64	920.625	2216	0000	9	920.625	091518751 0.721919108546245	
0.392699081698724	-64	920.625	2215	0000	10	920.625	091518940 0.910421916616511	
1.4848934026733	-64	920.625	2216	0000	11	920.625	091518944 0.915159803627648	
3.54042765844006	-64	920.625	2215	0000	12	920.625	091518948 0.918215944643597	
4.62648605626309	-64	920.625	2216	0000	13	920.625	091518954 0.924961052514728	
4.65716567202081	-64.5	920.625	2216	0000	14	920.625	091518959 0.929461441045628	
0.319068003880213	-64.5	920.625	2215	0000	15	920.625	091518962 0.93231444345686	
0.377359273819868	-64	920.625	2215	0000	16	920.625	091518969 0.939986135223857	
1.44807786376405	-64.5	920.625	2216	0000	17	920.625	091518972 0.942772305789299	
0.269980618667873	-63.5	920.625	2215	0000	18	920.625	091518979 0.949303325205272	
1.5707963267949	-63.5	920.625	2216	0000	19	920.625	091518981 0.952090628513864	
1.49716524897639	-64	920.625	2216	0000	20	920.625	091519189 1.16036207002014	
0.331339850183298	-63	920.625	2215	0000	21	920.625	091519199 1.17089960195406	
1.5707963267949	-63.5	920.625	2216	0000	22	920.625	091519204 1.17517948315196	
0.411106851153352	-63	920.625	2215	0000	23	920.625	091519212 1.18340546389985	
0.398835004850267	-63.5	920.625	2215	0000	24	920.625	091519215 1.18645178780851	
1.54625263418873	-64.5	920.625	2216	0000	25	920.625	091519223 1.19400378638277	
1.49102932582484	-63.5	920.625	2216	0000	26	920.625	091519225 1.19685792153715	
0.220893233455532	-63.5	920.625	2215	0000	27	920.625	091519231 1.20272930685936	
0.368155389092554	-63	920.625	2215	0000	28	920.625	091519439 1.4104309785617	
1.52170894158256	-63.5	920.625	2216	0000	29	920.625	091519445 1.41612527837163	
1.51557301843101	-64	920.625	2216	0000	30	920.625	091519450 1.4211569234394	
0.282252464970958	-63.5	920.625	2215	0000	31	920.625	091519456 1.42740400190603	
1.55238855734027	-64.5	920.625	2216	0000	32	920.625	091519460 1.43077391277425	
0.276116541819415	-62.5	920.625	2215	0000	33	920.625	091519467 1.43767231855154	
0.42951462060798	-63.5	920.625	2215	0000	34	920.625	091519470 1.44083455984244	
1.50330117212793	-63.5	920.625	2216	0000	35	920.625	091519473 1.44390542651933	
0.447922390062607	-63	920.625	2215	0000	36	920.625	091519479 1.44987536049551	
1.51557301843101	-63.5	920.625	2216	0000	37	920.625	091519483 1.45378105887319	
0.355883542789469	-63.5	920.625	2215	0000	38	920.625	091519489 1.45973286895899	
1.54011671103718	-64	920.625	2216	0000	39	920.625	091519492 1.46338823110075	
0.26384469551633	-63	920.625	2215	0000	40	920.625	091519689 1.66039680747671	
1.54011671103718	-64	920.625	2216	0000	41	920.625	091519691 1.66215482484393	
0.269980618667873	-63	920.625	2215	0000	42	920.625	091519695 1.66615000993038	
1.49716524897639	-63.5	920.625	2216	0000	43	920.625	091519696 1.66719779734319	
0.294524311274043	-63.5	920.625	2215	0000	44	920.625	091519697 1.66823539006765	
1.52170894158256	-64	920.625	2216	0000	45	920.625	091519699 1.67030415663874	
1.60147594255261	-64	920.625	2216	0000	46	920.625	091519703 1.67388324740847	
0.362019465941011	-63	920.625	2215	0000	47	920.625	091519705 1.67579229719555	
1.46648563321867	-63.5	920.625	2216	0000	48	920.625	091519706 1.67687293415968	
0.392699081698724	-63	920.625	2215	0000	49	920.625	091519708 1.67908895734014	
0.398835004850267	-63.5	920.625	2215	0000	50	920.625	091519940 1.91032903167829	
1.5278448647341	-63.5	920.625	2216	0000	51	920.625	091519944 1.91484074764068	
0.386563158547182	-63.5	920.625	2215	0000	52	920.625	091519948 1.91858597407226	
1.54625263418873	-63.5	920.625	2216	0000	53	920.625	091519955 1.92540131201863	
1.43580601746096	-63.5	920.625	2216	0000	54	920.625	091519958 1.92917070363739	
0.325203927031756	-63	920.625	2215	0000	55	920.625	091519964 1.93458408314637	
0.355883542789469	-63.5	920.625	2215	0000	56	920.625	091519968 1.93920831826156	
1.51557301843101	-62	920.625	2216	0000	57	920.625	091519971 1.94215269528681	
0.282252464970958	-63	920.625	2215	0000	58	920.625	091519977 1.94728175626539	
1.55852448049181	-64	920.625	2216	0000	59	920.625	091519980 1.95031713032361	
0.159534001940107	-63.5	920.625	2215	0000	60	920.625	091520190 2.16038774553152	
1.58920409624952	-63.5	920.625	2216	0000	61	920.625	091520192 2.16335553258185	
1.61988371200724	-63.5	920.625	2216	0000	62	920.625	091520194 2.16472350872477	
0.349747619637926	-63.5	920.625	2215	0000	63	920.625	091520196 2.16642564409663	
1.45421378691559	-64	920.625	2216	0000	64	920.625	091520197 2.16776605682293	
0.42951462060798	-63.5	920.625	2215	0000	65	920.625	091520204 2.1747981262918	
0.374291312244096	-63.5	920.625	2215	0000	66	920.625	091520208 2.17848105185019	
1.60761186570415	-64	920.625	2216	0000	67	920.625	091520209 2.18001516365495	
0.466330159517235	-63	920.625	2215	0000	68	920.625	091520210 2.1812366383506	
1.5707963267949	-64	920.625	2216	0000	69	920.625	091520212 2.18266729294777	
0.368155389092554	-63.5	920.625	2215	0000	70	920.625	091520217 2.18756187609451	
1.53398078788564	-64	920.625	2216	0000	71	920.625	091520220 2.19111906716336	
0.288388388122501	-63	920.625	2215	0000	72	920.625	091520439 2.41032412312465	
1.5278448647341	-64.5	920.625	2216	0000	73	920.625	091520442 2.41366760331939	
1.53398078788564	-64	920.625	2216	0000	74	920.625	091520445 2.4160969597929	
0.269980618667873	-63	920.625	2215	0000	75	920.625	091520446 2.41765297129855	
1.51557301843101	-63.5	920.625	2216	0000	76	920.625	091520451 2.42259135384706	
0.343611696486384	-63	920.625	2215	0000	77	920.625	091520454 2.42527633269119	
1.63215555831032	-64	920.625	2216	0000	78	920.625	091520455 2.42646344751133	
0.398835004850267	-63	920.625	2215	0000	79	920.625	091520456 2.42757013756788	
1.58306817309798	-64	920.625	2216	0000	80	920.625	091520690 2.66034583403501	
0.423378697456437	-63.5	920.625	2215	0000	81	920.625	091520693 2.66376634076388	
0.312932080728671	-63.5	920.625	2215	0000	82	920.625	091520695 2.66568067668565	
1.49716524897639	-63	920.625	2216	0000	83	920.625	091520700 2.67083843382401	
1.45421378691559	-63.5	920.625	2216	0000	84	920.625	091520704 2.6750216542732	
0.300660234425586	-63.5	920.625	2215	0000	85	920.625	091520706 2.67708362438539	
1.52170894158256	-63.5	920.625	2216	0000	86	920.625	091520708 2.67834738815861	
0.546097160487288	-63	920.625	2215	0000	87	920.625	091520709 2.68003593061269	
0.276116541819415	-63.5	920.625	2215	0000	88	920.625	091520710 2.68102330505755	
1.82850509915968	-63.5	920.625	2216	0000	89	920.625	091520716 2.68667871401936	
1.58920409624952	-64.5	920.625	2216	0000	90	920.625	091520717 2.68762379938666	
0.417242774304894	-63	920.625	2215	0000	91	920.625	091520717 2.6881274925069	
0.337475773334841	-63.5	920.625	2215	0000	92	920.625	091520939 2.9102720169398	
1.53398078788564	-64	920.625	2216	0000	93	920.625	091520941 2.91282786306495	
0.343611696486384	-63	920.625	2215	0000	94	920.625	091520943 2.91435744389712	
1.5707963267949	-64	920.625	2216	0000	95	920.625	091520943 2.91487699542145	
0.386563158547182	-63.5	920.625	2215	0000	96	920.625	091520946 2.91614302468096	
1.47262155637022	-64	920.625	2216	0000	97	920.625	091520947 2.91793766741	
0.386563158547182	-63.5	920.625	2215	0000	98	920.625	091520950 2.92016350769774	
1.42353417115788	-64	920.625	2216	0000	99	920.625	091520954 2.92508414393692	
0.300660234425586	-63	920.625	2215	0000	100	920.625	091520955 2.92565127067351	
1.52170894158256	-64	920.625	2216	0000	101	920.625	091520955 2.92612437972873	
1.84077694546277	-63	920.625	2216	0000	102	920.625	091521189 3.16025974555568	
0.411106851153352	-63.5	920.625	2215	0000	103	920.625	091521192 3.16366816969097	
0.331339850183298	-63.5	920.625	2215	0000	104	920.625	091521198 3.16976459331878	
1.4419419406125	-64.5	920.625	2216	0000	105	920.625	091521202 3.17319869296544	
0.435650543759522	-63	920.625	2215	0000	106	920.625	091521205 3.17636735313419	
1.56466040364335	-64	920.625	2216	0000	107	920.625	091521208 3.17979692180825	
0.447922390062607	-62.5	920.625	2215	0000	108	920.625	091521215 3.18658696182429	
1.61988371200724	-64.5	920.625	2216	0000	109	920.625	091521219 3.19040430623636	
0.411106851153352	-63.5	920.625	2215	0000	110	920.625	091521221 3.19288161550318	
1.51557301843101	-64	920.625	2216	0000	111	920.625	091521226 3.19711354390777	
1.61988371200724	-63.5	920.625	2216	0000	112	920.625	091521439 3.41030297858587	
0.368155389092554	-61.5	920.625	2215	0000	113	920.625	091521442 3.41308650608396	
1.55238855734027	-64	920.625	2216	0000	114	920.625	091521444 3.41494684791564	
0.331339850183298	-63.5	920.625	2215	0000	115	920.625	091521448 3.41925089430072	
1.49102932582484	-63.5	920.625	2216	0000	116	920.625	091521453 3.42457931807352	
0.423378697456437	-64	920.625	2215	0000	117	920.625	091521455 3.42633922334599	
1.51557301843101	-64	920.625	2216	0000	118	920.625	091521456 3.42741721724277	
0.184077694546277	-63	920.625	2215	0000	119	920.625	091521458 3.42911029066944	
0.42951462060798	-63.5	920.625	2215	0000	120	920.625	091521459 3.4299896769341	
1.55238855734027	-64.5	920.625	2216	0000	121	920.625	091521464 3.43531356973431	
1.53398078788564	-64.5	920.625	2216	0000	122	920.625	091521689 3.66008605827284	
0.435650543759522	-64	920.625	2215	0000	123	920.625	091521692 3.66299947365202	
0.45405831321415	-64	920.625	2215	0000	124	920.625	091521693 3.66470576241543	
1.53398078788564	-63.5	920.625	2216	0000	125	920.625	091521695 3.66636070015609	
1.5278448647341	-63.5	920.625	2216	0000	126	920.625	091521698 3.6694058913216	
0.355883542789469	-63.5	920.625	2215	0000	127	920.625	091521703 3.67409091698579	
1.4848934026733	-62.5	920.625	2216	0000	128	920.625	091521704 3.67508810853794	
0.355883542789469	-63.5	920.625	2215	0000	129	920.625	091521707 3.67881483349808	
0.423378697456437	-63	920.625	2215	0000	130	920.625	091521713 3.6844109622351	
1.40512640170325	-61.5	920.625	2216	0000	131	920.625	091521716 3.68745879646796	
4.66943751832389	-64.5	920.625	2216	0000	132	920.625	091521940 3.9102629549946	
3.51588396583389	-64.5	920.625	2215	0000	133	920.625	091521942 3.91285957987312	
4.70625305723315	-64.5	920.625	2216	0000	134	920.625	091521943 3.91387074192411	
0.374291312244096	-64	920.625	2215	0000	135	920.625	091521944 3.91487057654361	
0.392699081698724	-64	920.625	2215	0000	136	920.625	091521945 3.91540447614783	
4.72466082668778	-64	920.625	2216	0000	137	920.625	091521948 3.91896582060822	
4.73693267299086	-64	920.625	2216	0000	138	920.625	091521949 3.92006835727323	
0.380427235395639	-64	920.625	2215	0000	139	920.625	091521955 3.92568563054903	
1.60761186570415	-63.5	920.625	2216	0000	140	920.625	091522189 4.16009965119063	
0.460194236365692	-63.5	920.625	2215	0000	141	920.625	091522192 4.16267324362511	
0.368155389092554	-63.5	920.625	2215	0000	142	920.625	091522194 4.16530196289284	
1.53398078788564	-63	920.625	2216	0000	143	920.625	091522198 4.16930998573499	
0.362019465941011	-63.5	920.625	2215	0000	144	920.625	091522202 4.17332782568442	
1.49102932582484	-63.5	920.625	2216	0000	145	920.625	091522203 4.17428952461791	
0.233165079758617	-63.5	920.625	2215	0000	146	920.625	091522204 4.17544039165727	
1.49102932582484	-64	920.625	2216	0000	147	920.625	091522206 4.17707796066965	
0.355883542789469	-64.5	920.625	2215	0000	148	920.625	091522209 4.17972820205721	
1.55238855734027	-64.5	920.625	2216	0000	149	920.625	091522209 4.18025455004044	
1.55238855734027	-64	920.625	2216	0000	150	920.625	091522439 4.41060995197924	
0.251572849213245	-64	920.625	2215	0000	151	920.625	091522443 4.41444088930909	
1.56466040364335	-64	920.625	2216	0000	152	920.625	091522447 4.41788858187354	
0.368155389092554	-64.5	920.625	2215	0000	153	920.625	091522452 4.42289681691623	
0.355883542789469	-63.5	920.625	2215	0000	154	920.625	091522455 4.4267103855178	
1.42353417115788	-63.5	920.625	2216	0000	155	920.625	091522459 4.43009011349331	
0.319068003880213	-63	920.625	2215	0000	156	920.625	091522466 4.43751033628123	
1.49716524897639	-64.5	920.625	2216	0000	157	920.625	091522468 4.43934235953419	
0.0122718463030851	-63	920.625	2215	0000	158	920.625	091522469 4.44074431797157	
1.63215555831032	-64	920.625	2216	0000	159	920.625	091522470 4.44165391072021	
1.54625263418873	-63.5	920.625	2216	0000	160	920.625	091522689 4.66005358630257	
6.25864161457342	-62	920.625	2215	0000	161	920.625	091522692 4.6632943644518	
1.42353417115788	-64	920.625	2216	0000	162	920.625	091522694 4.66454378014513	
0.312932080728671	-63.5	920.625	2215	0000	163	920.625	091522695 4.66580301294574	
0.398835004850267	-63.5	920.625	2215	0000	164	920.625	091522702 4.67267234498221	
1.54625263418873	-63.5	920.625	2216	0000	165	920.625	091522705 4.6756329579926	
0.355883542789469	-63	920.625	2215	0000	166	920.625	091522708 4.67854675095283	
1.53398078788564	-64	920.625	2216	0000	167	920.625	091522709 4.67984600734471	
0.294524311274043	-62.5	920.625	2215	0000	168	920.625	091522714 4.68510457862332	
1.53398078788564	-64.5	920.625	2216	0000	169	920.625	091522715 4.68606665513786	
1.31308755443011	-63	920.625	2216	0000	170	920.625	091522939 4.90995333853388	
1.27627201552085	-63	920.625	2216	0000	171	920.625	091522941 4.91259678346255	
1.51557301843101	-65	920.625	2216	0000	172	920.625	091523188 5.15998222348418	
0.423378697456437	-65	920.625	2215	0000	173	920.625	091523191 5.16254524364928	
0.47860200582032	-63	920.625	2215	0000	174	920.625	091523192 5.16311350312901	
1.4419419406125	-63.5	920.625	2216	0000	175	920.625	091523195 5.16678434609381	
0.42951462060798	-63.5	920.625	2215	0000	176	920.625	091523197 5.16897960231654	
1.53398078788564	-64	920.625	2216	0000	177	920.625	091523202 5.17345431533606	
0.392699081698724	-63	920.625	2215	0000	178	920.625	091523202 5.17395385506476	
1.5278448647341	-64	920.625	2216	0000	179	920.625	091523204 5.17570507597308	
0.368155389092554	-63.5	920.625	2215	0000	180	920.625	091523205 5.17621027941753	
1.49716524897639	-64	920.625	2216	0000	181	920.625	091523208 5.17955338203122	
1.41126232485479	-63.5	920.625	2216	0000	182	920.625	091523440 5.41043060098065	
0.466330159517235	-63.5	920.625	2215	0000	183	920.625	091523442 5.41303628780436	
1.55852448049181	-63	920.625	2216	0000	184	920.625	091523446 5.41663161455922	
0.417242774304894	-63.5	920.625	2215	0000	185	920.625	091523447 5.4178806526715	
0.368155389092554	-63	920.625	2215	0000	186	920.625	091523449 5.41951142522498	
1.60761186570415	-62.5	920.625	2216	0000	187	920.625	091523453 5.42357646280562	
1.57693224994644	-64	920.625	2216	0000	188	920.625	091523454 5.42481039767591	
0.368155389092554	-63.5	920.625	2215	0000	189	920.625	091523455 5.42596843875522	
1.38671863224862	-64	920.625	2216	0000	190	920.625	091523456 5.42707210816338	
0.325203927031756	-63.5	920.625	2215	0000	191	920.625	091523457 5.42822108729749	
0.208621387152447	-63.5	920.625	2215	0000	192	920.625	091523458 5.4291046269537	
1.46648563321867	-64	920.625	2216	0000	193	920.625	091523459 5.43002781262012	
0.380427235395639	-64.5	920.625	2215	0000	194	920.625	091523689 5.65981608782233	
1.4848934026733	-64.5	920.625	2216	0000	195	920.625	091523693 5.66353677148568	
1.54625263418873	-64.5	920.625	2216	0000	196	920.625	091523696 5.6671894905601	
0.386563158547182	-64.5	920.625	2215	0000	197	920.625	091523704 5.6744598136713	
1.54625263418873	-64.5	920.625	2216	0000	198	920.625	091523949 5.91987239270846	
0.374291312244096	-64.5	920.625	2215	0000	199	920.625	091523952 5.92311921215448	
0.417242774304894	-64	920.625	2215	0000	200	920.625	091523955 5.92591029127357	
1.58920409624952	-63.5	920.625	2216	0000	201	920.625	091523957 5.92818559467883	
0.423378697456437	-63.5	920.625	2215	0000	202	920.625	091523959 5.92923338209163	
1.5707963267949	-64	920.625	2216	0000	203	920.625	091523962 5.93300768226404	
1.51557301843101	-64	920.625	2216	0000	204	920.625	091523963 5.93350269102014	
0.490873852123405	-63	920.625	2215	0000	205	920.625	091523965 5.93608874362926	
0.362019465941011	-63.5	920.625	2215	0000	206	920.625	091523967 5.93791170493702	
1.60147594255261	-62.5	920.625	2216	0000	207	920.625	091523969 5.93959684916166	
1.65669925091649	-63	920.625	2216	0000	208	920.625	091524189 6.15983874268531	
0.319068003880213	-63.5	920.625	2215	0000	209	920.625	091524192 6.16352959744574	
1.52170894158256	-64.5	920.625	2216	0000	210	920.625	091524194 6.16532763840422	
0.319068003880213	-63.5	920.625	2215	0000	211	920.625	091524195 6.16647133140364	
1.60761186570415	-64	920.625	2216	0000	212	920.625	091524198 6.16960978508842	
0.411106851153352	-63.5	920.625	2215	0000	213	920.625	091524202 6.17372579611076	
1.58920409624952	-62.5	920.625	2216	0000	214	920.625	091524205 6.17605584876822	
0.312932080728671	-64	920.625	2215	0000	215	920.625	091524207 6.17832850910612	
0.337475773334841	-63.5	920.625	2215	0000	216	920.625	091524439 6.40979135626358	
1.63829148146186	-63.5	920.625	2216	0000	217	920.625	091524441 6.41162791048913	
1.41126232485479	-65	920.625	2216	0000	218	920.625	091524444 6.41466064148	
0.447922390062607	-63.5	920.625	2215	0000	219	920.625	091524445 6.41601049373253	
0.42951462060798	-63.5	920.625	2215	0000	220	920.625	091524449 6.41997773782131	
1.61988371200724	-63	920.625	2216	0000	221	920.625	091524452 6.42321700564635	
1.56466040364335	-64	920.625	2216	0000	222	920.625	091524454 6.42497351268937	
0.423378697456437	-63	920.625	2215	0000	223	920.625	091524455 6.42614930007801	
1.55238855734027	-63.5	920.625	2216	0000	224	920.625	091524456 6.42687123504496	
0.423378697456437	-63.5	920.625	2215	0000	225	920.625	091524458 6.42872742348509	
0.386563158547182	-63.5	920.625	2215	0000	226	920.625	091524689 6.65973150966721	
1.55238855734027	-63.5	920.625	2216	0000	227	920.625	091524691 6.66242970384808	
1.49716524897639	-63.5	920.625	2216	0000	228	920.625	091524694 6.66539409266896	
0.417242774304894	-63.5	920.625	2215	0000	229	920.625	091524696 6.66747267634734	
0.282252464970958	-63.5	920.625	2215	0000	230	920.625	091524698 6.66852499473274	
1.54011671103718	-64	920.625	2216	0000	231	920.625	091524704 6.67502618524579	
0.447922390062607	-63.5	920.625	2215	0000	232	920.625	091524707 6.67753105792924	
1.5278448647341	-64.5	920.625	2216	0000	233	920.625	091524711 6.68199821932777	
0.411106851153352	-64.5	920.625	2215	0000	234	920.625	091524716 6.68713407676525	
1.55852448049181	-65	920.625	2216	0000	235	920.625	091524718 6.68937011174134	
0.404970928001809	-63	920.625	2215	0000	236	920.625	091524938 6.90969356277172	
1.5707963267949	-64	920.625	2216	0000	237	920.625	091524941 6.91234040592984	
0.349747619637926	-63.5	920.625	2215	0000	238	920.625	091524945 6.91630878276176	
1.49102932582484	-64	920.625	2216	0000	239	920.625	091524946 6.91748305982621	
0.306796157577128	-63	920.625	2215	0000	240	920.625	091524947 6.91806000367009	
1.54011671103718	-64	920.625	2216	0000	241	920.625	091524947 6.91870831033235	
1.58306817309798	-64.5	920.625	2216	0000	242	920.625	091524948 6.91943817450135	
0.398835004850267	-62.5	920.625	2215	0000	243	920.625	091524953 6.92483305253889	
0.441786466911065	-63.5	920.625	2215	0000	244	920.625	091524954 6.9258200494027	
1.59534001940107	-64	920.625	2216	0000	245	920.625	091524956 6.92702981908582	
1.50943709527947	-64.5	920.625	2216	0000	246	920.625	091525189 7.15974585774709	
0.294524311274043	-63	920.625	2215	0000	247	920.625	091525191 7.16274724951084	
1.57693224994644	-64.5	920.625	2216	0000	248	920.625	091525194 7.16584718992855	
0.521553467881118	-63.5	920.625	2215	0000	249	920.625	091525197 7.16830864079129	
0.269980618667873	-63	920.625	2215	0000	250	920.625	091525200 7.17188622123682	
1.55852448049181	-63.5	920.625	2216	0000	251	920.625	091525202 7.1737998019965	
0.490873852123405	-63	920.625	2215	0000	252	920.625	091525204 7.17504770736562	
1.51557301843101	-64.5	920.625	2216	0000	253	920.625	091525204 7.17575151844219	
1.5278448647341	-64	920.625	2216	0000	254	920.625	091525205 7.17692579550663	
0.337475773334841	-64	920.625	2215	0000	255	920.625	091525208 7.17938007232943	
1.59534001940107	-64	920.625	2216	0000	256	920.625	091525213 7.18406811864201	
0.362019465941011	-63	920.625	2215	0000	257	920.625	091525215 7.18700456646522	
1.57693224994644	-64	920.625	2216	0000	258	920.625	091525449 7.41966396796904	
0.355883542789469	-64.5	920.625	2215	0000	259	920.625	091525452 7.42286887591856	
1.58306817309798	-64.5	920.625	2216	0000	260	920.625	091525454 7.42491800827507	
0.472466082668777	-63.5	920.625	2215	0000	261	920.625	091525456 7.42684631469568	
0.47860200582032	-63.5	920.625	2215	0000	262	920.625	091525457 7.42836985423106	
1.55852448049181	-63.5	920.625	2216	0000	263	920.625	091525462 7.43285816016837	
0.269980618667873	-63.5	920.625	2215	0000	264	920.625	091525464 7.43479590611523	
1.53398078788564	-63.5	920.625	2216	0000	265	920.625	091525466 7.4367672567755	
1.56466040364335	-63.5	920.625	2216	0000	266	920.625	091525468 7.43863175199873	
0.269980618667873	-63.5	920.625	2215	0000	267	920.625	091525470 7.44075375749782	
0.374291312244096	-63.5	920.625	2215	0000	268	920.625	091525688 7.6596333385943	
1.54625263418873	-64	920.625	2216	0000	269	920.625	091525691 7.66288884240447	
0.294524311274043	-63	920.625	2215	0000	270	920.625	091525693 7.66472275356267	
1.49716524897639	-64	920.625	2216	0000	271	920.625	091525696 7.66708565577144	
0.300660234425586	-64	920.625	2215	0000	272	920.625	091525697 7.66810625734867	
1.49716524897639	-64.5	920.625	2216	0000	273	920.625	091525699 7.67039024511807	
0.404970928001809	-63.5	920.625	2215	0000	274	920.625	091525704 7.67567486948911	
1.59534001940107	-64.5	920.625	2216	0000	275	920.625	091525706 7.67805400768302	
1.56466040364335	-64.5	920.625	2216	0000	276	920.625	091525709 7.68095496288756	
0.319068003880213	-62.5	920.625	2215	0000	277	920.625	091525715 7.68688638359667	
0.509281621578033	-63	920.625	2215	0000	278	920.625	091525939 7.90950854805738	
1.56466040364335	-64.5	920.625	2216	0000	279	920.625	091525942 7.91247822301296	
1.63829148146186	-62.5	920.625	2216	0000	280	920.625	091525945 7.91616190373345	
0.411106851153352	-63.5	920.625	2215	0000	281	920.625	091525949 7.91995923634988	
1.58306817309798	-64	920.625	2216	0000	282	920.625	091525954 7.92492404957186	
0.552233083638831	-63	920.625	2215	0000	283	920.625	091525955 7.9259963797529	
0.398835004850267	-64.5	920.625	2215	0000	284	920.625	091525956 7.92704378958465	
1.54011671103718	-65	920.625	2216	0000	285	920.625	091525957 7.92801908143593	
0.355883542789469	-63.5	920.625	2215	0000	286	920.625	091526189 8.15949816457852	
1.5278448647341	-64.5	920.625	2216	0000	287	920.625	091526193 8.16358019330639	
1.47875747952176	-64	920.625	2216	0000	288	920.625	091526196 8.16682663517137	
0.343611696486384	-63.5	920.625	2215	0000	289	920.625	091526198 8.16919822174429	
0.45405831321415	-63	920.625	2215	0000	290	920.625	091526205 8.17537167190623	
1.49102932582484	-64	920.625	2216	0000	291	920.625	091526208 8.17910481574422	
1.49716524897639	-64.5	920.625	2216	0000	292	920.625	091526215 8.18553917441148	
0.398835004850267	-63.5	920.625	2215	0000	293	920.625	091526217 8.18832798804427	
1.55238855734027	-64.5	920.625	2216	0000	294	920.625	091526221 8.19138677212757	
0.625864161457342	-61.5	920.625	2215	0000	295	920.625	091526225 8.19620508390229	
1.55852448049181	-64	920.625	2216	0000	296	920.625	091526439 8.40960898461659	
0.466330159517235	-63.5	920.625	2215	0000	297	920.625	091526441 8.41258885426051	
1.58920409624952	-64	920.625	2216	0000	298	920.625	091526443 8.41475654706661	
0.546097160487288	-63.5	920.625	2215	0000	299	920.625	091526446 8.41761634593674	
1.56466040364335	-64	920.625	2216	0000	300	920.625	091526451 8.42227984948109	
0.466330159517235	-63.5	920.625	2215	0000	301	920.625	091526452 8.42383548340569	
0.362019465941011	-63.5	920.625	2215	0000	302	920.625	091526453 8.4248855363048	
1.42967009430942	-64.5	920.625	2216	0000	303	920.625	091526455 8.426324120104	
0.47860200582032	-63.5	920.625	2215	0000	304	920.625	091526455 8.42678703447088	
1.49716524897639	-64	920.625	2216	0000	305	920.625	091526458 8.42908612548227	
0.368155389092554	-63	920.625	2215	0000	306	920.625	091526688 8.65948872505228	
1.54011671103718	-64	920.625	2216	0000	307	920.625	091526691 8.66181349157503	
0.349747619637926	-63.5	920.625	2215	0000	308	920.625	091526694 8.6649107889254	
1.5707963267949	-64.5	920.625	2216	0000	309	920.625	091526695 8.66643395087973	
1.49716524897639	-64	920.625	2216	0000	310	920.625	091526699 8.66962149010096	
1.50943709527947	-64.5	920.625	2216	0000	311	920.625	091526703 8.67436013227419	
0.595184545699629	-61.5	920.625	2215	0000	312	920.625	091526704 8.67542755390158	
1.58920409624952	-63.5	920.625	2216	0000	313	920.625	091526705 8.67627824400647	
0.355883542789469	-63.5	920.625	2215	0000	314	920.625	091526708 8.67916183048272	
0.558369006790373	-63.5	920.625	2215	0000	315	920.625	091526713 8.68404735168428	
1.56466040364335	-64.5	920.625	2216	0000	316	920.625	091526715 8.68595036017456	
1.59534001940107	-64	920.625	2216	0000	317	920.625	091526938 8.90944398169789	
0.319068003880213	-62.5	920.625	2215	0000	318	920.625	091526943 8.91399345576525	
1.64442740461341	-64.5	920.625	2216	0000	319	920.625	091526947 8.91837490626551	
0.337475773334841	-61.5	920.625	2215	0000	320	920.625	091526954 8.92520081648126	
1.53398078788564	-63.5	920.625	2216	0000	321	920.625	091526957 8.92865870373405	
0.374291312244096	-64	920.625	2215	0000	322	920.625	091526959 8.92976312830431	
0.50314569842649	-61.5	920.625	2215	0000	323	920.625	091526962 8.93342981787756	
1.53398078788564	-63.5	920.625	2216	0000	324	920.625	091526964 8.93480836628987	
1.47875747952176	-64	920.625	2216	0000	325	920.625	091526965 8.93576477908866	
0.374291312244096	-62.5	920.625	2215	0000	326	920.625	091526965 8.93667625974254	
0.380427235395639	-64.5	920.625	2215	0000	327	920.625	091527188 9.15956763949166	
1.54011671103718	-65	920.625	2216	0000	328	920.625	091527191 9.16212235287366	
1.41739824800633	-64	920.625	2216	0000	329	920.625	091527193 9.16404801622692	
0.349747619637926	-63	920.625	2215	0000	330	920.625	091527194 9.16511279478697	
1.53398078788564	-64	920.625	2216	0000	331	920.625	091527195 9.1660193668872	
0.699495239275852	-63	920.625	2215	0000	332	920.625	091527196 9.16691914252854	
1.61988371200724	-64	920.625	2216	0000	333	920.625	091527196 9.16745379729486	
0.539961237335746	-63	920.625	2215	0000	334	920.625	091527202 9.17344223274247	
0.423378697456437	-63.5	920.625	2215	0000	335	920.625	091527205 9.17618233841985	
1.57693224994644	-64.5	920.625	2216	0000	336	920.625	091527205 9.17672076899667	
1.50330117212793	-64.5	920.625	2216	0000	337	920.625	091527438 9.40941717344337	
0.374291312244096	-64	920.625	2215	0000	338	920.625	091527441 9.41233096640359	
1.64442740461341	-64	920.625	2216	0000	339	920.625	091527443 9.41384808706113	
0.404970928001809	-63.5	920.625	2215	0000	340	920.625	091527445 9.41599463532845	
1.38671863224862	-64.5	920.625	2216	0000	341	920.625	091527446 9.4175476261857	
0.404970928001809	-63	920.625	2215	0000	342	920.625	091527450 9.4214389764835	
0.441786466911065	-63	920.625	2215	0000	343	920.625	091527452 9.42347640382746	
1.61374778885569	-64.5	920.625	2216	0000	344	920.625	091527453 9.42401407924218	
1.55852448049181	-64	920.625	2216	0000	345	920.625	091527455 9.42610852132464	
0.521553467881118	-63.5	920.625	2215	0000	346	920.625	091527456 9.42726278659346	
1.55238855734027	-64	920.625	2216	0000	347	920.625	091527688 9.65935694926594	
0.404970928001809	-63.5	920.625	2215	0000	348	920.625	091527691 9.66243121417228	
0.374291312244096	-63	920.625	2215	0000	349	920.625	091527693 9.66396457081495	
1.4419419406125	-61.5	920.625	2216	0000	350	920.625	091527695 9.66608619873299	
1.57693224994644	-61	920.625	2216	0000	351	920.625	091527697 9.66820858181313	
0.00613592315154256	-61	920.625	2215	0000	352	920.625	091527702 9.67326061625758	
0.558369006790373	-61	920.625	2215	0000	353	920.625	091527705 9.67614760096328	
1.54625263418873	-65	920.625	2216	0000	354	920.625	091527708 9.67942613721748	
0.312932080728671	-63.5	920.625	2215	0000	355	920.625	091527711 9.6826325554912	
1.33149532388474	-61	920.625	2216	0000	356	920.625	091527713 9.6840741599388	
0.42951462060798	-61	920.625	2215	0000	357	920.625	091527938 9.90931975753255	
1.55852448049181	-64	920.625	2216	0000	358	920.625	091527941 9.9123203941342	
1.71805848243192	-63	920.625	2216	0000	359	920.625	091527944 9.9148758626783	
0.26384469551633	-62.5	920.625	2215	0000	360	920.625	091527947 9.91825710097801	
1.41126232485479	-62.5	920.625	2216	0000	361	920.625	091527954 9.92507470441068	
0.564504929941916	-62	920.625	2215	0000	362	920.625	091527957 9.9277109752994	
0.276116541819415	-62	920.625	2215	0000	363	920.625	091527963 9.93420234870516	
1.49102932582484	-64	920.625	2216	0000	364	920.625	091527966 9.93711878473274	
1.61988371200724	-63	920.625	2216	0000	365	920.625	091527969 9.9403788195155	
0.570640853093458	-62.5	920.625	2215	0000	366	920.625	091527976 9.94736633442051	
1.63215555831032	-62.5	920.625	2216	0000	367	920.625	091528188 10.1592708607866	
0.362019465941011	-63	920.625	2215	0000	368	920.625	091528191 10.1622001345699	
1.71192255928038	-64	920.625	2216	0000	369	920.625	091528194 10.1659106235449	
0.47860200582032	-64	920.625	2215	0000	370	920.625	091528197 10.1686775374768	
0.435650543759522	-63.5	920.625	2215	0000	371	920.625	091528201 10.172473359769	
1.62601963515878	-63.5	920.625	2216	0000	372	920.625	091528204 10.175377713203	
0.460194236365692	-64	920.625	2215	0000	373	920.625	091528206 10.1780139840918	
1.55852448049181	-64.5	920.625	2216	0000	374	920.625	091528212 10.183748685074	
1.59534001940107	-64	920.625	2216	0000	375	920.625	091528215 10.1861357524699	
0.423378697456437	-63.5	920.625	2215	0000	376	920.625	091528216 10.1874886253709	
1.52170894158256	-64	920.625	2216	0000	377	920.625	091528439 10.4092661410235	
0.490873852123405	-63.5	920.625	2215	0000	378	920.625	091528441 10.4122486537348	
1.50330117212793	-63.5	920.625	2216	0000	379	920.625	091528445 10.4156242283187	
0.42951462060798	-63.5	920.625	2215	0000	380	920.625	091528446 10.4171485230162	
1.58920409624952	-63.5	920.625	2216	0000	381	920.625	091528448 10.4183522514025	
0.435650543759522	-63.5	920.625	2215	0000	382	920.625	091528451 10.4219271887807	
1.55852448049181	-64	920.625	2216	0000	383	920.625	091528453 10.4241145158014	
0.294524311274043	-64	920.625	2215	0000	384	920.625	091528456 10.4266915064653	
1.61374778885569	-64	920.625	2216	0000	385	920.625	091528457 10.4281787982199	
0.484737928971863	-63.5	920.625	2215	0000	386	920.625	091528458 10.4290000370029	
1.53398078788564	-64	920.625	2216	0000	387	920.625	091528688 10.6592153563723	
0.441786466911065	-63.5	920.625	2215	0000	388	920.625	091528690 10.6610919341891	
1.50330117212793	-64	920.625	2216	0000	389	920.625	091528692 10.6637708717365	
0.404970928001809	-63	920.625	2215	0000	390	920.625	091528694 10.6651841576054	
0.515417544729575	-63.5	920.625	2215	0000	391	920.625	091528694 10.6657101280075	
1.60147594255261	-64	920.625	2216	0000	392	920.625	091528696 10.667553478692	
1.50330117212793	-64.5	920.625	2216	0000	393	920.625	091528701 10.6722736193938	
0.343611696486384	-63.5	920.625	2215	0000	394	920.625	091528704 10.6752006276907	
1.50943709527947	-63	920.625	2216	0000	395	920.625	091528707 10.678631706689	
0.282252464970958	-63.5	920.625	2215	0000	396	920.625	091528712 10.683238950657	
1.55852448049181	-64.5	920.625	2216	0000	397	920.625	091528938 10.9091830731926	
0.460194236365692	-64	920.625	2215	0000	398	920.625	091528941 10.9122056094951	
0.521553467881118	-63.5	920.625	2215	0000	399	920.625	091528946 10.9169910717185	
1.58920409624952	-63.5	920.625	2216	0000	400	920.625	091528947 10.9180524520491	
0.319068003880213	-63	920.625	2215	0000	401	920.625	091528950 10.9213596844631	
1.56466040364335	-64.5	920.625	2216	0000	402	920.625	091528954 10.9248972413173	
1.64442740461341	-64	920.625	2216	0000	403	920.625	091528956 10.9269429754444	
0.374291312244096	-63.5	920.625	2215	0000	404	920.625	091528957 10.928110833631	
1.61988371200724	-64.5	920.625	2216	0000	405	920.625	091528958 10.92897738214	
0.404970928001809	-63.5	920.625	2215	0000	406	920.625	091528958 10.9294520015194	
1.5707963267949	-63.5	920.625	2216	0000	407	920.625	091529188 11.1594098106129	
0.404970928001809	-64	920.625	2215	0000	408	920.625	091529192 11.1624587775889	
0.386563158547182	-63	920.625	2215	0000	409	920.625	091529196 11.1668232369419	
1.68737886667421	-62	920.625	2216	0000	410	920.625	091529198 11.1692310712956	
0.484737928971863	-65	920.625	2215	0000	411	920.625	091529202 11.1729170175024	
1.56466040364335	-65.5	920.625	2216	0000	412	920.625	091529203 11.1743537133963	
0.417242774304894	-64	920.625	2215	0000	413	920.625	091529204 11.1748109640475	
1.65669925091649	-64.5	920.625	2216	0000	414	920.625	091529205 11.1758783856749	
0.362019465941011	-64	920.625	2215	0000	415	920.625	091529206 11.1770001789734	
1.58920409624952	-64	920.625	2216	0000	416	920.625	091529208 11.1792917183638	
1.63829148146186	-64.5	920.625	2216	0000	417	920.625	091529448 11.4190802276663	
0.441786466911065	-63.5	920.625	2215	0000	418	920.625	091529450 11.4216753422206	
1.60147594255261	-64.5	920.625	2216	0000	419	920.625	091529453 11.4242757429096	
0.411106851153352	-63.5	920.625	2215	0000	420	920.625	091529454 11.4257252765592	
0.466330159517235	-63	920.625	2215	0000	421	920.625	091529457 11.4285242848804	
1.55852448049181	-65	920.625	2216	0000	422	920.625	091529461 11.4327505495692	
1.53398078788564	-64.5	920.625	2216	0000	423	920.625	091529462 11.4336163429161	
0.570640853093458	-64	920.625	2215	0000	424	920.625	091529463 11.4341770507748	
1.54625263418873	-64.5	920.625	2216	0000	425	920.625	091529463 11.4347033987581	
0.447922390062607	-64	920.625	2215	0000	426	920.625	091529464 11.4352244606066	
0.411106851153352	-63.5	920.625	2215	0000	427	920.625	091529688 11.6591421056487	
1.59534001940107	-64	920.625	2216	0000	428	920.625	091529691 11.6623621168402	
0.42951462060798	-63.5	920.625	2215	0000	429	920.625	091529693 11.6645056444591	
1.61374778885569	-64	920.625	2216	0000	430	920.625	091529694 11.6655628713982	
4.67557344147543	-65	920.625	2216	0000	431	920.625	091529697 11.6688259268293	
3.62633058256166	-64	920.625	2215	0000	432	920.625	091529703 11.6742528992561	
4.79829190450629	-64.5	920.625	2216	0000	433	920.625	091529704 11.6757488753748	
0.411106851153352	-64	920.625	2215	0000	434	920.625	091529707 11.6789692641474	
4.76147636559703	-64.5	920.625	2216	0000	435	920.625	091529831 11.8013115655341	
0.386563158547182	-64.5	920.625	2215	0000	436	920.625	091529835 11.8060562490041	
3.62633058256166	-64	920.625	2215	0000	437	920.625	091529861 11.8323374003847	
4.70625305723315	-65	920.625	2216	0000	438	920.625	091529863 11.8334735417631	
0.546097160487288	-63	920.625	2215	0000	439	920.625	091529864 11.8344707333153	
1.59534001940107	-64	920.625	2216	0000	440	920.625	091529865 11.8357016475372	
