4.42400059226219	-59	920.625	2215	0000	0	920.625	091738628 0.698863632072943	
0.423378697456437	-63	920.625	2216	0000	1	920.625	091738636 0.706361258976046	
1.29467978497548	-58.5	920.625	2215	0000	2	920.625	091738636 0.706630096683404	
0.380427235395639	-63	920.625	2216	0000	3	920.625	091738637 0.706981247059588	
0.276116541819415	-62	920.625	2216	0000	4	920.625	091738637 0.707308609829643	
1.30695163127857	-58.5	920.625	2215	0000	5	920.625	091738637 0.707609164345173	
0.355883542789469	-62	920.625	2216	0000	6	920.625	091738638 0.708877459090981	
1.29467978497548	-58.5	920.625	2215	0000	7	920.625	091738641 0.711843735817112	
0.21475731030399	-62.5	920.625	2216	0000	8	920.625	091738644 0.714820207231583	
1.25172832291468	-58	920.625	2215	0000	9	920.625	091738654 0.724044512274782	
1.27627201552085	-58.5	920.625	2215	0000	10	920.625	091738820 0.890707654851652	
0.251572849213245	-62	920.625	2216	0000	11	920.625	091738826 0.896022863287719	
1.31922347758165	-58.5	920.625	2215	0000	12	920.625	091738831 0.900528160372265	
0.288388388122501	-61.5	920.625	2216	0000	13	920.625	091738837 0.907007073603384	
0.269980618667873	-62	920.625	2216	0000	14	920.625	091738841 0.911148760137107	
1.29467978497548	-58	920.625	2215	0000	15	920.625	091738847 0.917006552541536	
0.26384469551633	-62	920.625	2216	0000	16	920.625	091738851 0.920699295207213	
1.28854386182394	-58.5	920.625	2215	0000	17	920.625	091738854 0.923889099914742	
1.30695163127857	-58	920.625	2215	0000	18	920.625	091738861 0.931030290306966	
0.355883542789469	-63	920.625	2216	0000	19	920.625	091738865 0.935364543176015	
0.288388388122501	-62	920.625	2216	0000	20	920.625	091739060 1.13074650039004	
1.26400016921777	-58	920.625	2215	0000	21	920.625	091739067 1.13774987369914	
1.25786424606623	-58	920.625	2215	0000	22	920.625	091739076 1.14639043843956	
0.368155389092554	-62	920.625	2216	0000	23	920.625	091739080 1.15072280340336	
0.355883542789469	-62	920.625	2216	0000	24	920.625	091739084 1.15454618911222	
1.30081570812702	-58.5	920.625	2215	0000	25	920.625	091739092 1.16227678352297	
0.294524311274043	-61.5	920.625	2216	0000	26	920.625	091739095 1.16532650566107	
1.29467978497548	-58.5	920.625	2215	0000	27	920.625	091739101 1.17172725961491	
0.282252464970958	-62.5	920.625	2216	0000	28	920.625	091739321 1.39096101173597	
1.2394564766116	-58.5	920.625	2215	0000	29	920.625	091739325 1.39543081620185	
1.25786424606623	-57.5	920.625	2215	0000	30	920.625	091739328 1.3984854468936	
0.343611696486384	-62	920.625	2216	0000	31	920.625	091739334 1.40380745178856	
1.2824079386724	-58.5	920.625	2215	0000	32	920.625	091739337 1.40768747465487	
0.269980618667873	-61.5	920.625	2216	0000	33	920.625	091739340 1.41066696671774	
0.404970928001809	-62	920.625	2216	0000	34	920.625	091739346 1.41629858807342	
1.20877686085389	-58	920.625	2215	0000	35	920.625	091739349 1.41940721285528	
1.22718463030851	-58	920.625	2215	0000	36	920.625	091739352 1.42262797920888	
0.331339850183298	-62	920.625	2216	0000	37	920.625	091739359 1.42927302810185	
1.2394564766116	-58.5	920.625	2215	0000	38	920.625	091739362 1.4325466558024	
0.343611696486384	-62	920.625	2216	0000	39	920.625	091739368 1.43871557499175	
0.312932080728671	-62	920.625	2216	0000	40	920.625	091739560 1.63069288388099	
1.24559239976314	-58	920.625	2215	0000	41	920.625	091739564 1.6351819449804	
1.25786424606623	-58	920.625	2215	0000	42	920.625	091739567 1.63834909482495	
0.288388388122501	-62.5	920.625	2216	0000	43	920.625	091739578 1.64789811957086	
0.208621387152447	-61.5	920.625	2216	0000	44	920.625	091739582 1.65229656121835	
1.2394564766116	-58	920.625	2215	0000	45	920.625	091739589 1.65915192275598	
1.25172832291468	-58.5	920.625	2215	0000	46	920.625	091739593 1.66271251205427	
0.257708772364788	-62	920.625	2216	0000	47	920.625	091739597 1.66725707756799	
1.22104870715697	-58	920.625	2215	0000	48	920.625	091739600 1.66966566708377	
0.411106851153352	-62	920.625	2216	0000	49	920.625	091739601 1.67148862839153	
1.17809724509617	-58	920.625	2215	0000	50	920.625	091739820 1.89063666961432	
0.257708772364788	-62	920.625	2216	0000	51	920.625	091739824 1.89371886372269	
1.07378655151995	-58.5	920.625	2215	0000	52	920.625	091739826 1.89635211396302	
0.312932080728671	-62	920.625	2216	0000	53	920.625	091739828 1.89867197193214	
1.2394564766116	-57.5	920.625	2215	0000	54	920.625	091739829 1.89935010749732	
0.306796157577128	-62	920.625	2216	0000	55	920.625	091739833 1.90364169370776	
1.2824079386724	-58	920.625	2215	0000	56	920.625	091739836 1.90594418294859	
0.196349540849362	-62	920.625	2216	0000	57	920.625	091739838 1.90856950398688	
1.2824079386724	-58	920.625	2215	0000	58	920.625	091739840 1.91035017621708	
0.202485464000905	-61.5	920.625	2216	0000	59	920.625	091739841 1.91160714353139	
0.423378697456437	-62	920.625	2216	0000	60	920.625	091740070 2.14060136578617	
1.23332055346006	-57.5	920.625	2215	0000	61	920.625	091740073 2.14421066303987	
0.368155389092554	-62	920.625	2216	0000	62	920.625	091740076 2.14686090442744	
1.23332055346006	-58	920.625	2215	0000	63	920.625	091740077 2.14825455608174	
1.22104870715697	-57.5	920.625	2215	0000	64	920.625	091740080 2.15075603053573	
0.251572849213245	-62	920.625	2216	0000	65	920.625	091740083 2.15370493853358	
1.20264093770234	-58	920.625	2215	0000	66	920.625	091740086 2.15719416501349	
0.177941771394734	-61.5	920.625	2216	0000	67	920.625	091740087 2.15811206454521	
1.22104870715697	-58	920.625	2215	0000	68	920.625	091740088 2.15863614704214	
0.282252464970958	-61.5	920.625	2216	0000	69	920.625	091740088 2.15912096110991	
0.116582539879309	-62.5	920.625	2216	0000	70	920.625	091740089 2.1601321231609	
1.2394564766116	-58	920.625	2215	0000	71	920.625	091740091 2.16165037656158	
1.25172832291468	-58	920.625	2215	0000	72	920.625	091740320 2.39067593804348	
0.251572849213245	-62	920.625	2216	0000	73	920.625	091740324 2.39455407300454	
0.184077694546277	-61	920.625	2216	0000	74	920.625	091740326 2.39621240897465	
1.17809724509617	-58	920.625	2215	0000	75	920.625	091740328 2.39881356482576	
1.23332055346006	-57.5	920.625	2215	0000	76	920.625	091740333 2.40388787655214	
0.233165079758617	-61.5	920.625	2216	0000	77	920.625	091740336 2.40681677275436	
1.1965050145508	-58	920.625	2215	0000	78	920.625	091740338 2.40863369276532	
0.23930100291016	-62	920.625	2216	0000	79	920.625	091740339 2.40947230027662	
1.23332055346006	-57.5	920.625	2215	0000	80	920.625	091740560 2.63069741485359	
0.355883542789469	-62	920.625	2216	0000	81	920.625	091740564 2.63430746726939	
0.251572849213245	-61.5	920.625	2216	0000	82	920.625	091740565 2.6355697207184	
1.09833024412612	-57.5	920.625	2215	0000	83	920.625	091740566 2.63648271169648	
0.116582539879309	-62	920.625	2216	0000	84	920.625	091740571 2.64161215025611	
1.1965050145508	-58	920.625	2215	0000	85	920.625	091740579 2.64928648509046	
0.337475773334841	-61.5	920.625	2216	0000	86	920.625	091740582 2.65219234884864	
1.19036909139926	-58	920.625	2215	0000	87	920.625	091740588 2.65881889627018	
0.257708772364788	-62	920.625	2216	0000	88	920.625	091740591 2.66164169219744	
1.20877686085389	-57.5	920.625	2215	0000	89	920.625	091740593 2.66309802230598	
0.288388388122501	-61.5	920.625	2216	0000	90	920.625	091740820 2.89043919472534	
1.17809724509617	-58	920.625	2215	0000	91	920.625	091740822 2.89249210289235	
0.288388388122501	-62	920.625	2216	0000	92	920.625	091740824 2.89463072195762	
1.18423316824771	-58	920.625	2215	0000	93	920.625	091740825 2.89579216126638	
1.17809724509617	-58	920.625	2215	0000	94	920.625	091740826 2.89675423778091	
0.349747619637926	-61.5	920.625	2216	0000	95	920.625	091740829 2.89930857358186	
4.36877728389831	-58.5	920.625	2215	0000	96	920.625	091740830 2.90041148782792	
0.288388388122501	-62	920.625	2216	0000	97	920.625	091740834 2.90442781745316	
4.4117287459591	-58.5	920.625	2215	0000	98	920.625	091741070 3.140295902717	
0.331339850183298	-62.5	920.625	2216	0000	99	920.625	091741074 3.14520596668678	
0.294524311274043	-62.5	920.625	2216	0000	100	920.625	091741078 3.14910486860557	
1.24559239976314	-58.5	920.625	2215	0000	101	920.625	091741086 3.15630269615524	
0.233165079758617	-62	920.625	2216	0000	102	920.625	091741088 3.15916664841692	
1.1965050145508	-57.5	920.625	2215	0000	103	920.625	091741094 3.1644622226384	
1.21491278400543	-58	920.625	2215	0000	104	920.625	091741097 3.16800166739792	
0.251572849213245	-62	920.625	2216	0000	105	920.625	091741100 3.17088147806367	
0.21475731030399	-61	920.625	2216	0000	106	920.625	091741320 3.3904335310096	
1.1965050145508	-58	920.625	2215	0000	107	920.625	091741323 3.39384497579328	
1.1965050145508	-58	920.625	2215	0000	108	920.625	091741325 3.39585559488272	
0.411106851153352	-61.5	920.625	2216	0000	109	920.625	091741327 3.39770234379661	
1.25172832291468	-58	920.625	2215	0000	110	920.625	091741329 3.40012414864913	
0.257708772364788	-62	920.625	2216	0000	111	920.625	091741335 3.40608615342326	
0.190213617697819	-62	920.625	2216	0000	112	920.625	091741337 3.40763536847002	
1.20264093770234	-58	920.625	2215	0000	113	920.625	091741338 3.40899654815404	
1.22104870715697	-58	920.625	2215	0000	114	920.625	091741339 3.40950212917954	
0.257708772364788	-61.5	920.625	2216	0000	115	920.625	091741339 3.41002205828492	
1.18423316824771	-58	920.625	2215	0000	116	920.625	091741560 3.63043348569987	
0.288388388122501	-61.5	920.625	2216	0000	117	920.625	091741563 3.63347980960853	
1.09219432097458	-57	920.625	2215	0000	118	920.625	091741564 3.63459291854293	
0.294524311274043	-62	920.625	2216	0000	119	920.625	091741566 3.63629392117165	
0.0552233083638831	-61	920.625	2216	0000	120	920.625	091741569 3.63930550762374	
1.18423316824771	-57.5	920.625	2215	0000	121	920.625	091741573 3.64361521772456	
1.21491278400543	-58	920.625	2215	0000	122	920.625	091741576 3.6460751582631	
0.134990309333936	-61.5	920.625	2216	0000	123	920.625	091741578 3.64833649116951	
1.18423316824771	-58	920.625	2215	0000	124	920.625	091741580 3.65031237280238	
0.153398078788564	-62	920.625	2216	0000	125	920.625	091741586 3.65596740418315	
1.1965050145508	-57.5	920.625	2215	0000	126	920.625	091741820 3.89064761946476	
0.319068003880213	-61	920.625	2216	0000	127	920.625	091741825 3.89626262725425	
1.13514578303537	-58	920.625	2215	0000	128	920.625	091741828 3.89923192462878	
0.159534001940107	-61.5	920.625	2216	0000	129	920.625	091741831 3.90177870880874	
0.386563158547182	-60	920.625	2216	0000	130	920.625	091741837 3.90780074896977	
1.17196132194463	-58	920.625	2215	0000	131	920.625	091741838 3.90932730915355	
1.17196132194463	-59	920.625	2215	0000	132	920.625	091742071 4.14077127725852	
0.294524311274043	-63	920.625	2216	0000	133	920.625	091742073 4.14343095817233	
0.23930100291016	-62	920.625	2216	0000	134	920.625	091742075 4.14469736501289	
1.15355355249	-58	920.625	2215	0000	135	920.625	091742077 4.14729210198615	
1.25172832291468	-58	920.625	2215	0000	136	920.625	091742078 4.14808615493359	
0.159534001940107	-61.5	920.625	2216	0000	137	920.625	091742079 4.14920870339423	
1.22104870715697	-57.5	920.625	2215	0000	138	920.625	091742320 4.39038255756789	
0.245436926061703	-61.5	920.625	2216	0000	139	920.625	091742323 4.39314833875666	
0.251572849213245	-62	920.625	2216	0000	140	920.625	091742325 4.39499055669795	
1.1965050145508	-58	920.625	2215	0000	141	920.625	091742327 4.39735345890672	
0.325203927031756	-61.5	920.625	2216	0000	142	920.625	091742328 4.39839444986063	
1.1965050145508	-57	920.625	2215	0000	143	920.625	091742330 4.40019928727801	
0.312932080728671	-61.5	920.625	2216	0000	144	920.625	091742336 4.40647921529596	
1.15355355249	-57.5	920.625	2215	0000	145	920.625	091742337 4.40740542161078	
0.251572849213245	-61.5	920.625	2216	0000	146	920.625	091742338 4.40791591118992	
1.16582539879309	-58	920.625	2215	0000	147	920.625	091742338 4.4083810910431	
1.20877686085389	-58	920.625	2215	0000	148	920.625	091742560 4.63038024677187	
0.190213617697819	-62.5	920.625	2216	0000	149	920.625	091742564 4.63387740245382	
1.44807786376405	-58	920.625	2215	0000	150	920.625	091742565 4.63511813378301	
0.380427235395639	-61.5	920.625	2216	0000	151	920.625	091742566 4.63564410418518	
1.2394564766116	-58	920.625	2215	0000	152	920.625	091742566 4.63615610408852	
0.319068003880213	-61.5	920.625	2216	0000	153	920.625	091742569 4.63876103575013	
1.22104870715697	-58	920.625	2215	0000	154	920.625	091742569 4.6391812834584	
0.282252464970958	-62.5	920.625	2216	0000	155	920.625	091742574 4.64383610263861	
0.319068003880213	-62.5	920.625	2216	0000	156	920.625	091742820 4.89010465791535	
1.22718463030851	-58	920.625	2215	0000	157	920.625	091742823 4.89362597878448	
0.306796157577128	-63	920.625	2216	0000	158	920.625	091742824 4.89464355971331	
1.2394564766116	-58.5	920.625	2215	0000	159	920.625	091742825 4.89567473355993	
1.20877686085389	-58.5	920.625	2215	0000	160	920.625	091742828 4.89840615487317	
6.2709134608765	-61.5	920.625	2216	0000	161	920.625	091742835 4.90597212394627	
1.18423316824771	-58.5	920.625	2215	0000	162	920.625	091742839 4.90935864838067	
0.26384469551633	-61.5	920.625	2216	0000	163	920.625	091742841 4.9112125713345	
1.27013609236931	-57.5	920.625	2215	0000	164	920.625	091743070 5.14023095877646	
0.153398078788564	-61	920.625	2216	0000	165	920.625	091743074 5.14351176051695	
0.343611696486384	-61.5	920.625	2216	0000	166	920.625	091743075 5.14516896374391	
1.30081570812702	-57.5	920.625	2215	0000	167	920.625	091743077 5.14732948251007	
0.098174770424681	-61	920.625	2216	0000	168	920.625	091743080 5.15004013686558	
1.26400016921777	-58	920.625	2215	0000	169	920.625	091743085 5.15543199425473	
1.21491278400543	-58.5	920.625	2215	0000	170	920.625	091743087 5.15693099102188	
0.202485464000905	-62	920.625	2216	0000	171	920.625	091743088 5.15781755132648	
0.245436926061703	-62	920.625	2216	0000	172	920.625	091743089 5.15874602312759	
1.18423316824771	-57.5	920.625	2215	0000	173	920.625	091743089 5.15925575754464	
1.17809724509617	-57.5	920.625	2215	0000	174	920.625	091743094 5.16400270650096	
0.251572849213245	-61.5	920.625	2216	0000	175	920.625	091743095 5.1650202874298	
0.306796157577128	-62.5	920.625	2216	0000	176	920.625	091743320 5.39022057529759	
1.20877686085389	-58	920.625	2215	0000	177	920.625	091743323 5.39349722364654	
1.22718463030851	-58	920.625	2215	0000	178	920.625	091743326 5.39575817897191	
0.23930100291016	-61.5	920.625	2216	0000	179	920.625	091743327 5.39729682174927	
0.282252464970958	-62	920.625	2216	0000	180	920.625	091743330 5.39989420178988	
1.21491278400543	-58	920.625	2215	0000	181	920.625	091743335 5.40551789394352	
1.22104870715697	-58	920.625	2215	0000	182	920.625	091743336 5.40640294392393	
0.380427235395639	-62	920.625	2216	0000	183	920.625	091743337 5.40732612959035	
1.22718463030851	-58	920.625	2215	0000	184	920.625	091743560 5.63014690168318	
0.147262155637022	-62	920.625	2216	0000	185	920.625	091743562 5.63266574486546	
0.257708772364788	-62	920.625	2216	0000	186	920.625	091743564 5.63457479465255	
1.27627201552085	-58	920.625	2215	0000	187	920.625	091743567 5.63715480596487	
1.22104870715697	-58	920.625	2215	0000	188	920.625	091743569 5.63908990884438	
0.331339850183298	-62	920.625	2216	0000	189	920.625	091743573 5.64339773103996	
1.22104870715697	-58	920.625	2215	0000	190	920.625	091743575 5.6452943206524	
0.251572849213245	-61.5	920.625	2216	0000	191	920.625	091743576 5.64639761247951	
0.269980618667873	-62	920.625	2216	0000	192	920.625	091743577 5.64743898101447	
1.25786424606623	-58	920.625	2215	0000	193	920.625	091743578 5.64793965348632	
1.03083508945915	-57.5	920.625	2215	0000	194	920.625	091743579 5.64913356476534	
0.23930100291016	-62	920.625	2216	0000	195	920.625	091743580 5.65016851442246	
1.20877686085389	-58	920.625	2215	0000	196	920.625	091743819 5.89000648684243	
0.337475773334841	-62	920.625	2216	0000	197	920.625	091743823 5.89380268671572	
0.349747619637926	-61.5	920.625	2216	0000	198	920.625	091743825 5.89552256839692	
1.25172832291468	-58	920.625	2215	0000	199	920.625	091743826 5.89657413162022	
1.2394564766116	-58	920.625	2215	0000	200	920.625	091743828 5.89866328756799	
0.190213617697819	-62	920.625	2216	0000	201	920.625	091743829 5.89974014872162	
0.276116541819415	-62	920.625	2216	0000	202	920.625	091743834 5.90472006518559	
1.21491278400543	-58	920.625	2215	0000	203	920.625	091743837 5.90759421213561	
0.208621387152447	-61	920.625	2216	0000	204	920.625	091743837 5.90804466632785	
1.21491278400543	-58	920.625	2215	0000	205	920.625	091743838 5.90902902012431	
1.20877686085389	-58	920.625	2215	0000	206	920.625	091744069 6.13992889393673	
0.257708772364788	-62	920.625	2216	0000	207	920.625	091744075 6.14578064504436	
0.245436926061703	-61.5	920.625	2216	0000	208	920.625	091744077 6.14820433780213	
1.2394564766116	-57.5	920.625	2215	0000	209	920.625	091744082 6.15239435471021	
0.337475773334841	-61.5	920.625	2216	0000	210	920.625	091744086 6.1568535869067	
1.22718463030851	-58.5	920.625	2215	0000	211	920.625	091744088 6.15831709105518	
1.1106020904292	-58	920.625	2215	0000	212	920.625	091744090 6.16047609949714	
0.0552233083638831	-61	920.625	2216	0000	213	920.625	091744093 6.16400950295986	
1.21491278400543	-58	920.625	2215	0000	214	920.625	091744095 6.16570068848129	
0.484737928971863	-61.5	920.625	2216	0000	215	920.625	091744096 6.16671826941012	
1.21491278400543	-58	920.625	2215	0000	216	920.625	091744320 6.39008238063342	
0.0736310778185108	-62	920.625	2216	0000	217	920.625	091744321 6.39143600869645	
0.306796157577128	-61.5	920.625	2216	0000	218	920.625	091744324 6.39421689312719	
1.14128170618692	-57.5	920.625	2215	0000	219	920.625	091744326 6.395713246827	
0.282252464970958	-62	920.625	2216	0000	220	920.625	091744327 6.39756565945663	
1.20877686085389	-58	920.625	2215	0000	221	920.625	091744329 6.39940674465477	
1.19036909139926	-58.5	920.625	2215	0000	222	920.625	091744335 6.40548202374381	
0.355883542789469	-61.5	920.625	2216	0000	223	920.625	091744336 6.40635159290117	
1.15968947564154	-58	920.625	2215	0000	224	920.625	091744337 6.4068794512086	
0.319068003880213	-62	920.625	2216	0000	225	920.625	091744338 6.40855817655539	
1.22104870715697	-58	920.625	2215	0000	226	920.625	091744560 6.63004797544817	
0.300660234425586	-61.5	920.625	2216	0000	227	920.625	091744563 6.6330127418501	
0.319068003880213	-62	920.625	2216	0000	228	920.625	091744564 6.63392120185558	
1.27013609236931	-58	920.625	2215	0000	229	920.625	091744565 6.63525821635243	
0.300660234425586	-62.5	920.625	2216	0000	230	920.625	091744568 6.63850579096056	
1.2394564766116	-58.5	920.625	2215	0000	231	920.625	091744572 6.64239072238051	
0.392699081698724	-62	920.625	2216	0000	232	920.625	091744575 6.64514630888093	
1.2394564766116	-58	920.625	2215	0000	233	920.625	091744576 6.64629944140659	
1.12287393673229	-57.5	920.625	2215	0000	234	920.625	091744577 6.64700778345576	
0.355883542789469	-62	920.625	2216	0000	235	920.625	091744578 6.64815638500882	
0.177941771394734	-61.5	920.625	2216	0000	236	920.625	091744820 6.89018961365152	
1.13514578303537	-58	920.625	2215	0000	237	920.625	091744823 6.89365240945795	
1.2824079386724	-58	920.625	2215	0000	238	920.625	091744825 6.89550633241178	
0.227029156607075	-61.5	920.625	2216	0000	239	920.625	091744827 6.8974301078598	
1.23332055346006	-57.5	920.625	2215	0000	240	920.625	091744828 6.89854812534785	
0.190213617697819	-61.5	920.625	2216	0000	241	920.625	091744830 6.90051494503553	
0.276116541819415	-62	920.625	2216	0000	242	920.625	091744835 6.90564136294676	
1.14128170618692	-58	920.625	2215	0000	243	920.625	091744836 6.9065449143986	
1.22718463030851	-58	920.625	2215	0000	244	920.625	091744837 6.90791138021732	
0.171805848243192	-61	920.625	2216	0000	245	920.625	091744839 6.9092714271582	
1.25172832291468	-58	920.625	2215	0000	246	920.625	091744839 6.91019914379721	
0.312932080728671	-62	920.625	2216	0000	247	920.625	091744840 6.91119860083566	
1.2394564766116	-58	920.625	2215	0000	248	920.625	091745060 7.12995433534785	
0.300660234425586	-62.5	920.625	2216	0000	249	920.625	091745063 7.13288662977952	
1.21491278400543	-58	920.625	2215	0000	250	920.625	091745064 7.13411490093406	
0.282252464970958	-62	920.625	2216	0000	251	920.625	091745067 7.13674664085019	
1.27013609236931	-58.5	920.625	2215	0000	252	920.625	091745068 7.1377883869662	
0.306796157577128	-62	920.625	2216	0000	253	920.625	091745072 7.14268145978875	
0.337475773334841	-62	920.625	2216	0000	254	920.625	091745074 7.1445112175554	
1.2824079386724	-58.5	920.625	2215	0000	255	920.625	091745075 7.14555824980611	
1.23332055346006	-58.5	920.625	2215	0000	256	920.625	091745320 7.38983279955959	
0.282252464970958	-62	920.625	2216	0000	257	920.625	091745322 7.3922681973299	
0.319068003880213	-62	920.625	2216	0000	258	920.625	091745325 7.3951589578461	
1.25172832291468	-58.5	920.625	2215	0000	259	920.625	091745326 7.39651258590913	
6.17887461360336	-61	920.625	2216	0000	260	920.625	091745329 7.39908806624886	
1.24559239976314	-58	920.625	2215	0000	261	920.625	091745333 7.40277892100929	
1.26400016921777	-58	920.625	2215	0000	262	920.625	091745336 7.40580749860861	
0.319068003880213	-61.5	920.625	2216	0000	263	920.625	091745336 7.40636896162946	
1.22718463030851	-58	920.625	2215	0000	264	920.625	091745337 7.40737257205946	
0.527689391032661	-61.5	920.625	2216	0000	265	920.625	091745338 7.40827461318709	
1.17196132194463	-57.5	920.625	2215	0000	266	920.625	091745339 7.40877604082104	
0.312932080728671	-61.5	920.625	2216	0000	267	920.625	091745339 7.40928124426549	
1.19036909139926	-58	920.625	2215	0000	268	920.625	091745559 7.62987088993588	
0.355883542789469	-62	920.625	2216	0000	269	920.625	091745562 7.63314111940699	
1.25786424606623	-58.5	920.625	2215	0000	270	920.625	091745564 7.63505923113926	
0.306796157577128	-62.5	920.625	2216	0000	271	920.625	091745565 7.63624219256785	
0.294524311274043	-61.5	920.625	2216	0000	272	920.625	091745568 7.63838156679522	
1.20877686085389	-58.5	920.625	2215	0000	273	920.625	091745569 7.6400761505461	
0.374291312244096	-60.5	920.625	2216	0000	274	920.625	091745575 7.64539324688741	
1.22104870715697	-58.5	920.625	2215	0000	275	920.625	091745576 7.64696775986449	
1.32535940073319	-58.5	920.625	2215	0000	276	920.625	091745820 7.88987961960975	
0.362019465941011	-62	920.625	2216	0000	277	920.625	091745823 7.89307206738462	
0.190213617697819	-62	920.625	2216	0000	278	920.625	091745824 7.89374982536877	
1.27627201552085	-58	920.625	2215	0000	279	920.625	091745826 7.8960432526644	
0.331339850183298	-62.5	920.625	2216	0000	280	920.625	091745828 7.89817394252763	
1.33149532388474	-58	920.625	2215	0000	281	920.625	091745832 7.90253236058386	
1.19036909139926	-58	920.625	2215	0000	282	920.625	091745836 7.90589962838473	
0.355883542789469	-62	920.625	2216	0000	283	920.625	091745838 7.90800313241239	
0.269980618667873	-61	920.625	2216	0000	284	920.625	091745840 7.91036301397276	
1.28854386182394	-57	920.625	2215	0000	285	920.625	091745845 7.91487397477306	
1.27013609236931	-57.5	920.625	2215	0000	286	920.625	091745846 7.91619286537952	
0.306796157577128	-61.5	920.625	2216	0000	287	920.625	091745847 7.91700579737944	
0.288388388122501	-61	920.625	2216	0000	288	920.625	091746059 8.12979726163119	
1.19036909139926	-57.5	920.625	2215	0000	289	920.625	091746062 8.13265290710978	
0.233165079758617	-61	920.625	2216	0000	290	920.625	091746064 8.13469977397998	
1.17809724509617	-58.5	920.625	2215	0000	291	920.625	091746065 8.13568035196595	
1.14128170618692	-57.5	920.625	2215	0000	292	920.625	091746068 8.13878671126151	
0.269980618667873	-60.5	920.625	2216	0000	293	920.625	091746073 8.14358199059219	
1.20264093770234	-58.5	920.625	2215	0000	294	920.625	091746074 8.14468717032455	
0.558369006790373	-60.5	920.625	2216	0000	295	920.625	091746077 8.14721280996572	
1.26400016921777	-58	920.625	2215	0000	296	920.625	091746079 8.14935180661205	
0.386563158547182	-62	920.625	2216	0000	297	920.625	091746084 8.15469910943734	
0.220893233455532	-61.5	920.625	2216	0000	298	920.625	091746319 8.38984035118058	
1.22104870715697	-58	920.625	2215	0000	299	920.625	091746322 8.39260009107255	
0.288388388122501	-62.5	920.625	2216	0000	300	920.625	091746325 8.39522427936769	
1.19036909139926	-58	920.625	2215	0000	301	920.625	091746326 8.39666022009955	
1.21491278400543	-58.5	920.625	2215	0000	302	920.625	091746328 8.39820301626846	
0.104310693576224	-62	920.625	2216	0000	303	920.625	091746332 8.4026512986145	
1.15355355249	-58	920.625	2215	0000	304	920.625	091746336 8.40631307963411	
0.343611696486384	-62	920.625	2216	0000	305	920.625	091746337 8.40763876669947	
1.20264093770234	-58	920.625	2215	0000	306	920.625	091746338 8.40875036530967	
0.386563158547182	-62	920.625	2216	0000	307	920.625	091746339 8.4095421527708	
1.24559239976314	-58	920.625	2215	0000	308	920.625	091746559 8.62972250058336	
0.42951462060798	-62.5	920.625	2216	0000	309	920.625	091746562 8.63269481860629	
0.282252464970958	-61.5	920.625	2216	0000	310	920.625	091746564 8.63486968545233	
1.22718463030851	-58.5	920.625	2215	0000	311	920.625	091746566 8.63614100084654	
0.343611696486384	-61	920.625	2216	0000	312	920.625	091746569 8.63936063445699	
1.22104870715697	-58.5	920.625	2215	0000	313	920.625	091746574 8.64460712314202	
1.26400016921777	-58	920.625	2215	0000	314	920.625	091746575 8.64554956544197	
0.398835004850267	-62	920.625	2216	0000	315	920.625	091746577 8.6472917244051	
1.2394564766116	-58	920.625	2215	0000	316	920.625	091746579 8.64932462077647	
0.184077694546277	-59.5	920.625	2216	0000	317	920.625	091746580 8.650849293055	
0.141126232485479	-59.5	920.625	2216	0000	318	920.625	091746819 8.8895979441467	
1.14128170618692	-56.5	920.625	2215	0000	319	920.625	091746822 8.89252608518682	
1.25786424606623	-56.5	920.625	2215	0000	320	920.625	091746823 8.89304563671115	
0.613592315154256	-61.5	920.625	2216	0000	321	920.625	091746824 8.89425012025956	
1.20877686085389	-58.5	920.625	2215	0000	322	920.625	091746826 8.89655185433829	
0.362019465941011	-59.5	920.625	2216	0000	323	920.625	091746828 8.89806104579378	
0.177941771394734	-59.5	920.625	2216	0000	324	920.625	091746830 8.90027555865004	
1.21491278400543	-57	920.625	2215	0000	325	920.625	091746835 8.90521696184694	
1.20264093770234	-58.5	920.625	2215	0000	326	920.625	091746836 8.90617450738888	
0.294524311274043	-62	920.625	2216	0000	327	920.625	091746837 8.90708674320486	
1.17809724509617	-57.5	920.625	2215	0000	328	920.625	091746837 8.907543993856	
0.104310693576224	-61	920.625	2216	0000	329	920.625	091746839 8.90913814104767	
1.23332055346006	-57.5	920.625	2215	0000	330	920.625	091747069 9.1396313600696	
0.245436926061703	-60.5	920.625	2216	0000	331	920.625	091747072 9.14271279901587	
0.202485464000905	-61	920.625	2216	0000	332	920.625	091747075 9.14505871007741	
1.17809724509617	-57.5	920.625	2215	0000	333	920.625	091747077 9.1473532701162	
1.26400016921777	-57.5	920.625	2215	0000	334	920.625	091747078 9.14786678034374	
0.116582539879309	-61.5	920.625	2216	0000	335	920.625	091747079 9.14954021955583	
0.257708772364788	-62	920.625	2216	0000	336	920.625	091747085 9.15548221253433	
1.20264093770234	-58	920.625	2215	0000	337	920.625	091747086 9.15655492029642	
0.147262155637022	-62	920.625	2216	0000	338	920.625	091747088 9.15792365160143	
1.20264093770234	-58	920.625	2215	0000	339	920.625	091747089 9.15931692567468	
1.22718463030851	-57	920.625	2215	0000	340	920.625	091747319 9.38956962556798	
0.300660234425586	-62	920.625	2216	0000	341	920.625	091747325 9.39517821447963	
0.343611696486384	-61.5	920.625	2216	0000	342	920.625	091747329 9.39927308096319	
1.39285455540016	-57	920.625	2215	0000	343	920.625	091747336 9.40612202362298	
1.23332055346006	-58	920.625	2215	0000	344	920.625	091747339 9.40891045967472	
0.098174770424681	-61.5	920.625	2216	0000	345	920.625	091747341 9.41152860667307	
1.21491278400543	-58	920.625	2215	0000	346	920.625	091747348 9.41776058189771	
0.288388388122501	-61.5	920.625	2216	0000	347	920.625	091747350 9.42052183211387	
1.20264093770234	-58	920.625	2215	0000	348	920.625	091747355 9.42561879870324	
1.14741762933846	-58	920.625	2215	0000	349	920.625	091747559 9.62963037080725	
0.202485464000905	-62	920.625	2216	0000	350	920.625	091747562 9.63297800439353	
0.233165079758617	-61.5	920.625	2216	0000	351	920.625	091747565 9.63591105398729	
1.15355355249	-58	920.625	2215	0000	352	920.625	091747567 9.63723032217481	
1.13514578303537	-58	920.625	2215	0000	353	920.625	091747569 9.63905479380676	
0.190213617697819	-61.5	920.625	2216	0000	354	920.625	091747573 9.64344568383326	
1.13514578303537	-58	920.625	2215	0000	355	920.625	091747575 9.64546649761104	
0.288388388122501	-62	920.625	2216	0000	356	920.625	091747576 9.64667626729416	
1.16582539879309	-57.5	920.625	2215	0000	357	920.625	091747577 9.64781807238833	
0.282252464970958	-61.5	920.625	2216	0000	358	920.625	091747583 9.65354975272217	
0.23930100291016	-62	920.625	2216	0000	359	920.625	091747819 9.88944577898369	
1.16582539879309	-58	920.625	2215	0000	360	920.625	091747821 9.8918721148088	
0.128854386182394	-62	920.625	2216	0000	361	920.625	091747823 9.8936588283358	
1.12900985988383	-58	920.625	2215	0000	362	920.625	091747825 9.89612783081953	
0.371223350668325	-62.5	920.625	2216	0000	363	920.625	091747827 9.89792738210221	
4.30435009080711	-58.5	920.625	2215	0000	364	920.625	091747832 9.90285028382768	
0.233165079758617	-62	920.625	2216	0000	365	920.625	091747834 9.90491338668302	
1.23332055346006	-57	920.625	2215	0000	366	920.625	091747835 9.90621604130435	
1.17809724509617	-58	920.625	2215	0000	367	920.625	091747836 9.90721285527545	
0.306796157577128	-61.5	920.625	2216	0000	368	920.625	091747838 9.90849247745275	
0.325203927031756	-62.5	920.625	2216	0000	369	920.625	091747839 9.90945304364308	
1.16582539879309	-58	920.625	2215	0000	370	920.625	091747840 9.91074852422447	
1.12287393673229	-58.5	920.625	2215	0000	371	920.625	091748059 10.1294412027014	
0.362019465941011	-62	920.625	2216	0000	372	920.625	091748062 10.1322145355111	
0.23930100291016	-62	920.625	2216	0000	373	920.625	091748063 10.1336146060433	
1.16582539879309	-58.5	920.625	2215	0000	374	920.625	091748064 10.1349837149293	
1.24559239976314	-58.5	920.625	2215	0000	375	920.625	091748066 10.1366522455878	
0.343611696486384	-62	920.625	2216	0000	376	920.625	091748067 10.1376124341971	
1.24559239976314	-58.5	920.625	2215	0000	377	920.625	091748073 10.1437503917403	
0.337475773334841	-63	920.625	2216	0000	378	920.625	091748075 10.1459920904322	
1.23332055346006	-58.5	920.625	2215	0000	379	920.625	091748319 10.3895515016776	
0.343611696486384	-62	920.625	2216	0000	380	920.625	091748322 10.3924788875556	
1.20877686085389	-58.5	920.625	2215	0000	381	920.625	091748328 10.3982804203836	
0.349747619637926	-61.5	920.625	2216	0000	382	920.625	091748333 10.4036352748299	
1.11673801358075	-58	920.625	2215	0000	383	920.625	091748336 10.406600796394	
0.294524311274043	-62	920.625	2216	0000	384	920.625	091748339 10.4093643120964	
1.25786424606623	-58.5	920.625	2215	0000	385	920.625	091748345 10.4149506237261	
6.25250569142187	-60	920.625	2216	0000	386	920.625	091748346 10.4168290894482	
0.404970928001809	-62	920.625	2216	0000	387	920.625	091748347 10.4177907883817	
1.21491278400543	-58	920.625	2215	0000	388	920.625	091748348 10.4187041569408	
0.300660234425586	-62.5	920.625	2216	0000	389	920.625	091748559 10.62940835315	
1.24559239976314	-58.5	920.625	2215	0000	390	920.625	091748562 10.6326193023964	
1.20264093770234	-58.5	920.625	2215	0000	391	920.625	091748564 10.6345698860989	
1.27627201552085	-58	920.625	2215	0000	392	920.625	091748566 10.6371204460894	
0.294524311274043	-62.5	920.625	2216	0000	393	920.625	091748568 10.6388701566735	
0.245436926061703	-61.5	920.625	2216	0000	394	920.625	091748572 10.642980126399	
1.27627201552085	-58.5	920.625	2215	0000	395	920.625	091748576 10.6467344147758	
4.44240836171682	-59	920.625	2215	0000	396	920.625	091748578 10.648690284613	
0.331339850183298	-63	920.625	2216	0000	397	920.625	091748583 10.6532869563116	
0.386563158547182	-62.5	920.625	2216	0000	398	920.625	091748819 10.889303430928	
4.36877728389831	-59	920.625	2215	0000	399	920.625	091748822 10.8924086574804	
4.33809766814059	-59	920.625	2215	0000	400	920.625	091748825 10.895112515377	
0.380427235395639	-63	920.625	2216	0000	401	920.625	091748826 10.8969641728445	
4.34423359129214	-59	920.625	2215	0000	402	920.625	091748828 10.8981414705574	
0.411106851153352	-63	920.625	2216	0000	403	920.625	091748831 10.9019776940219	
0.202485464000905	-62.5	920.625	2216	0000	404	920.625	091748834 10.9044584015182	
1.15968947564154	-58.5	920.625	2215	0000	405	920.625	091748835 10.9059577758664	
0.355883542789469	-62	920.625	2216	0000	406	920.625	091749059 11.12941552719	
1.25172832291468	-58.5	920.625	2215	0000	407	920.625	091749062 11.1319785473551	
1.32535940073319	-58	920.625	2215	0000	408	920.625	091749063 11.1336274437989	
0.343611696486384	-62	920.625	2216	0000	409	920.625	091749065 11.1348134258759	
1.20877686085389	-58.5	920.625	2215	0000	410	920.625	091749066 11.1361761158842	
0.220893233455532	-62.5	920.625	2216	0000	411	920.625	091749067 11.1366900036927	
0.398835004850267	-62.5	920.625	2216	0000	412	920.625	091749067 11.1375675020522	
1.15355355249	-58	920.625	2215	0000	413	920.625	091749068 11.1385295785667	
0.386563158547182	-62.5	920.625	2216	0000	414	920.625	091749072 11.1423775070438	
1.17196132194463	-58	920.625	2215	0000	415	920.625	091749076 11.1461450107573	
0.362019465941011	-62	920.625	2216	0000	416	920.625	091749319 11.3894046226493	
1.26400016921777	-57.5	920.625	2215	0000	417	920.625	091749322 11.3924449052611	
0.269980618667873	-61.5	920.625	2216	0000	418	920.625	091749327 11.397028739204	
1.20264093770234	-58	920.625	2215	0000	419	920.625	091749329 11.3994074998169	
1.17196132194463	-58	920.625	2215	0000	420	920.625	091749335 11.4048654338897	
0.26384469551633	-62	920.625	2216	0000	421	920.625	091749337 11.4069005957474	
0.312932080728671	-61.5	920.625	2216	0000	422	920.625	091749339 11.4091758991526	
1.14128170618692	-58	920.625	2215	0000	423	920.625	091749345 11.4152662814837	
0.0797670009700533	-61.5	920.625	2216	0000	424	920.625	091749347 11.4170669655095	
1.17809724509617	-58.5	920.625	2215	0000	425	920.625	091749349 11.4189673309324	
0.171805848243192	-62	920.625	2216	0000	426	920.625	091749523 11.5931805841783	
1.23332055346006	-58	920.625	2215	0000	427	920.625	091749526 11.5961698933485	
0.331339850183298	-61.5	920.625	2216	0000	428	920.625	091749530 11.6004656329504	
1.21491278400543	-58	920.625	2215	0000	429	920.625	091749533 11.6031676029418	
1.19036909139926	-58	920.625	2215	0000	430	920.625	091749535 11.6048402869918	
0.282252464970958	-62.5	920.625	2216	0000	431	920.625	091749537 11.607677430999	
1.23332055346006	-58	920.625	2215	0000	432	920.625	091749544 11.6142756598418	
0.208621387152447	-62	920.625	2216	0000	433	920.625	091749547 11.6172053112061	
