0.000002	0.000002
0.000002	0.000351	
0.000026	0.000702	
0.000039	0.001053	
0.000054	0.001404	
0.000067	0.001754	
0.000079	0.002105	
0.000106	0.002456	
0.000165	0.002807	
0.000180	0.003158	
0.000256	0.003509	
0.000271	0.003860	
0.000271	0.004211	
0.000306	0.004561	
0.000518	0.004912	
0.000520	0.005263	
0.000627	0.005614	
0.000805	0.005965	
0.000813	0.006316	
0.000828	0.006667	
0.000886	0.007018	
0.000929	0.007368	
0.000948	0.007719	
0.001003	0.008070	
0.001158	0.008421	
0.001169	0.008772	
0.001231	0.009123	
0.001246	0.009474	
0.001263	0.009825	
0.001341	0.010175	
0.001358	0.010526	
0.001401	0.010877	
0.001438	0.011228	
0.001493	0.011579	
0.001494	0.011930	
0.001518	0.012281	
0.001541	0.012632	
0.001542	0.012982	
0.001588	0.013333	
0.001622	0.013684	
0.001635	0.014035	
0.001686	0.014386	
0.001787	0.014737	
0.001833	0.015088	
0.001868	0.015439	
0.001915	0.015789	
0.001929	0.016140	
0.002058	0.016491	
0.002191	0.016842	
0.002215	0.017193	
0.002287	0.017544	
0.002510	0.017895	
0.002518	0.018246	
0.002587	0.018596	
0.002618	0.018947	
0.002633	0.019298	
0.002690	0.019649	
0.002708	0.020000	
0.002739	0.020351	
0.002813	0.020702	
0.002864	0.021053	
0.002912	0.021404	
0.002920	0.021754	
0.002944	0.022105	
0.002994	0.022456	
0.003008	0.022807	
0.003144	0.023158	
0.003148	0.023509	
0.003245	0.023860	
0.003280	0.024211	
0.003317	0.024561	
0.003385	0.024912	
0.003487	0.025263	
0.003524	0.025614	
0.003530	0.025965	
0.003596	0.026316	
0.003632	0.026667	
0.003643	0.027018	
0.003664	0.027368	
0.003765	0.027719	
0.003775	0.028070	
0.003857	0.028421	
0.003886	0.028772	
0.003918	0.029123	
0.003949	0.029474	
0.004082	0.029825	
0.004083	0.030175	
0.004202	0.030526	
0.004254	0.030877	
0.004271	0.031228	
0.004286	0.031579	
0.004314	0.031930	
0.004388	0.032281	
0.004456	0.032632	
0.004460	0.032982	
0.004494	0.033333	
0.004514	0.033684	
0.004529	0.034035	
0.004535	0.034386	
0.004617	0.034737	
0.004716	0.035088	
0.004752	0.035439	
0.004757	0.035789	
0.004764	0.036140	
0.004863	0.036491	
0.004871	0.036842	
0.004940	0.037193	
0.004965	0.037544	
0.004979	0.037895	
0.005129	0.038246	
0.005239	0.038596	
0.005241	0.038947	
0.005323	0.039298	
0.005388	0.039649	
0.005462	0.040000	
0.005571	0.040351	
0.005579	0.040702	
0.005655	0.041053	
0.005720	0.041404	
0.005721	0.041754	
0.005774	0.042105	
0.005823	0.042456	
0.005981	0.042807	
0.006055	0.043158	
0.006113	0.043509	
0.006135	0.043860	
0.006212	0.044211	
0.006238	0.044561	
0.006520	0.044912	
0.006579	0.045263	
0.006607	0.045614	
0.006667	0.045965	
0.006723	0.046316	
0.006870	0.046667	
0.006878	0.047018	
0.006885	0.047368	
0.006923	0.047719	
0.006937	0.048070	
0.006937	0.048421	
0.006948	0.048772	
0.007063	0.049123	
0.007141	0.049474	
0.007161	0.049825	
0.007184	0.050175	
0.007271	0.050526	
0.007277	0.050877	
0.007473	0.051228	
0.007716	0.051579	
0.007769	0.051930	
0.007812	0.052281	
0.007954	0.052632	
0.008049	0.052982	
0.008087	0.053333	
0.008361	0.053684	
0.008367	0.054035	
0.008474	0.054386	
0.008529	0.054737	
0.008538	0.055088	
0.008584	0.055439	
0.008632	0.055789	
0.008673	0.056140	
0.008738	0.056491	
0.008769	0.056842	
0.008777	0.057193	
0.008932	0.057544	
0.008946	0.057895	
0.008950	0.058246	
0.008971	0.058596	
0.008973	0.058947	
0.008996	0.059298	
0.009006	0.059649	
0.009056	0.060000	
0.009118	0.060351	
0.009187	0.060702	
0.009215	0.061053	
0.009242	0.061404	
0.009381	0.061754	
0.009441	0.062105	
0.009463	0.062456	
0.009560	0.062807	
0.009605	0.063158	
0.009629	0.063509	
0.009662	0.063860	
0.009717	0.064211	
0.009753	0.064561	
0.009856	0.064912	
0.009894	0.065263	
0.009970	0.065614	
0.010037	0.065965	
0.010085	0.066316	
0.010111	0.066667	
0.010227	0.067018	
0.010280	0.067368	
0.010289	0.067719	
0.010420	0.068070	
0.010433	0.068421	
0.010442	0.068772	
0.010489	0.069123	
0.010600	0.069474	
0.010625	0.069825	
0.010637	0.070175	
0.010643	0.070526	
0.010655	0.070877	
0.010811	0.071228	
0.010853	0.071579	
0.010870	0.071930	
0.010879	0.072281	
0.010883	0.072632	
0.011017	0.072982	
0.011017	0.073333	
0.011021	0.073684	
0.011089	0.074035	
0.011111	0.074386	
0.011188	0.074737	
0.011267	0.075088	
0.011310	0.075439	
0.011457	0.075789	
0.011465	0.076140	
0.011693	0.076491	
0.011807	0.076842	
0.011823	0.077193	
0.011847	0.077544	
0.011890	0.077895	
0.011920	0.078246	
0.011944	0.078596	
0.011953	0.078947	
0.012000	0.079298	
0.012056	0.079649	
0.012087	0.080000	
0.012147	0.080351	
0.012170	0.080702	
0.012232	0.081053	
0.012255	0.081404	
0.012260	0.081754	
0.012277	0.082105	
0.012349	0.082456	
0.012352	0.082807	
0.012380	0.083158	
0.012447	0.083509	
0.012573	0.083860	
0.012609	0.084211	
0.012624	0.084561	
0.012650	0.084912	
0.012743	0.085263	
0.012761	0.085614	
0.012845	0.085965	
0.012918	0.086316	
0.012947	0.086667	
0.012966	0.087018	
0.012990	0.087368	
0.013102	0.087719	
0.013106	0.088070	
0.013106	0.088421	
0.013127	0.088772	
0.013153	0.089123	
0.013174	0.089474	
0.013249	0.089825	
0.013288	0.090175	
0.013299	0.090526	
0.013368	0.090877	
0.013405	0.091228	
0.013440	0.091579	
0.013545	0.091930	
0.013557	0.092281	
0.013621	0.092632	
0.013637	0.092982	
0.013683	0.093333	
0.013813	0.093684	
0.013818	0.094035	
0.013839	0.094386	
0.013859	0.094737	
0.013987	0.095088	
0.013991	0.095439	
0.014041	0.095789	
0.014125	0.096140	
0.014229	0.096491	
0.014239	0.096842	
0.014302	0.097193	
0.014391	0.097544	
0.014440	0.097895	
0.014446	0.098246	
0.014450	0.098596	
0.014551	0.098947	
0.014560	0.099298	
0.014620	0.099649	
0.014699	0.100000	
0.014827	0.100351	
0.014837	0.100702	
0.014861	0.101053	
0.014966	0.101404	
0.015021	0.101754	
0.015081	0.102105	
0.015241	0.102456	
0.015276	0.102807	
0.015314	0.103158	
0.015373	0.103509	
0.015399	0.103860	
0.015452	0.104211	
0.015468	0.104561	
0.015588	0.104912	
0.015709	0.105263	
0.015739	0.105614	
0.015834	0.105965	
0.015938	0.106316	
0.015964	0.106667	
0.015967	0.107018	
0.016022	0.107368	
0.016036	0.107719	
0.016043	0.108070	
0.016088	0.108421	
0.016095	0.108772	
0.016100	0.109123	
0.016106	0.109474	
0.016115	0.109825	
0.016121	0.110175	
0.016176	0.110526	
0.016283	0.110877	
0.016286	0.111228	
0.016287	0.111579	
0.016409	0.111930	
0.016443	0.112281	
0.016461	0.112632	
0.016464	0.112982	
0.016497	0.113333	
0.016499	0.113684	
0.016519	0.114035	
0.016659	0.114386	
0.016661	0.114737	
0.016673	0.115088	
0.016676	0.115439	
0.016703	0.115789	
0.016707	0.116140	
0.016708	0.116491	
0.016854	0.116842	
0.016902	0.117193	
0.017020	0.117544	
0.017046	0.117895	
0.017068	0.118246	
0.017206	0.118596	
0.017292	0.118947	
0.017314	0.119298	
0.017398	0.119649	
0.017412	0.120000	
0.017447	0.120351	
0.017470	0.120702	
0.017646	0.121053	
0.017696	0.121404	
0.017726	0.121754	
0.017757	0.122105	
0.017832	0.122456	
0.017889	0.122807	
0.017935	0.123158	
0.018001	0.123509	
0.018073	0.123860	
0.018185	0.124211	
0.018190	0.124561	
0.018198	0.124912	
0.018230	0.125263	
0.018262	0.125614	
0.018348	0.125965	
0.018372	0.126316	
0.018377	0.126667	
0.018438	0.127018	
0.018462	0.127368	
0.018482	0.127719	
0.018710	0.128070	
0.018743	0.128421	
0.018758	0.128772	
0.018778	0.129123	
0.018911	0.129474	
0.018979	0.129825	
0.019001	0.130175	
0.019022	0.130526	
0.019128	0.130877	
0.019155	0.131228	
0.019197	0.131579	
0.019320	0.131930	
0.019363	0.132281	
0.019392	0.132632	
0.019427	0.132982	
0.019459	0.133333	
0.019488	0.133684	
0.019489	0.134035	
0.019539	0.134386	
0.019552	0.134737	
0.019812	0.135088	
0.019870	0.135439	
0.019870	0.135789	
0.019989	0.136140	
0.020038	0.136491	
0.020039	0.136842	
0.020254	0.137193	
0.020320	0.137544	
0.020357	0.137895	
0.020477	0.138246	
0.020577	0.138596	
0.020610	0.138947	
0.020683	0.139298	
0.020687	0.139649	
0.020747	0.140000	
0.020757	0.140351	
0.020800	0.140702	
0.020895	0.141053	
0.020953	0.141404	
0.020958	0.141754	
0.021194	0.142105	
0.021241	0.142456	
0.021258	0.142807	
0.021274	0.143158	
0.021290	0.143509	
0.021295	0.143860	
0.021332	0.144211	
0.021365	0.144561	
0.021371	0.144912	
0.021396	0.145263	
0.021425	0.145614	
0.021450	0.145965	
0.021476	0.146316	
0.021574	0.146667	
0.021609	0.147018	
0.021690	0.147368	
0.021715	0.147719	
0.021747	0.148070	
0.021788	0.148421	
0.021838	0.148772	
0.021869	0.149123	
0.021939	0.149474	
0.021984	0.149825	
0.021990	0.150175	
0.022025	0.150526	
0.022097	0.150877	
0.022152	0.151228	
0.022191	0.151579	
0.022211	0.151930	
0.022274	0.152281	
0.022374	0.152632	
0.022453	0.152982	
0.022479	0.153333	
0.022523	0.153684	
0.022620	0.154035	
0.022640	0.154386	
0.022643	0.154737	
0.022742	0.155088	
0.022756	0.155439	
0.022777	0.155789	
0.022844	0.156140	
0.022869	0.156491	
0.022885	0.156842	
0.023448	0.157193	
0.023457	0.157544	
0.023471	0.157895	
0.023480	0.158246	
0.023518	0.158596	
0.023563	0.158947	
0.023602	0.159298	
0.023611	0.159649	
0.023752	0.160000	
0.023873	0.160351	
0.023876	0.160702	
0.023981	0.161053	
0.024481	0.161404	
0.024564	0.161754	
0.024646	0.162105	
0.024654	0.162456	
0.024676	0.162807	
0.024729	0.163158	
0.024890	0.163509	
0.024938	0.163860	
0.025054	0.164211	
0.025059	0.164561	
0.025170	0.164912	
0.025281	0.165263	
0.025284	0.165614	
0.025374	0.165965	
0.025424	0.166316	
0.025466	0.166667	
0.025494	0.167018	
0.025524	0.167368	
0.025537	0.167719	
0.025607	0.168070	
0.025652	0.168421	
0.025746	0.168772	
0.025794	0.169123	
0.025794	0.169474	
0.025852	0.169825	
0.025965	0.170175	
0.026034	0.170526	
0.026056	0.170877	
0.026224	0.171228	
0.026276	0.171579	
0.026280	0.171930	
0.026313	0.172281	
0.026314	0.172632	
0.026377	0.172982	
0.026792	0.173333	
0.026814	0.173684	
0.026817	0.174035	
0.026834	0.174386	
0.026893	0.174737	
0.027248	0.175088	
0.027286	0.175439	
0.027300	0.175789	
0.027358	0.176140	
0.027442	0.176491	
0.027468	0.176842	
0.027496	0.177193	
0.027497	0.177544	
0.027511	0.177895	
0.027531	0.178246	
0.027614	0.178596	
0.027623	0.178947	
0.027670	0.179298	
0.027734	0.179649	
0.027746	0.180000	
0.027812	0.180351	
0.027836	0.180702	
0.027868	0.181053	
0.027877	0.181404	
0.027889	0.181754	
0.027890	0.182105	
0.027956	0.182456	
0.027979	0.182807	
0.028027	0.183158	
0.028136	0.183509	
0.028137	0.183860	
0.028269	0.184211	
0.028284	0.184561	
0.028379	0.184912	
0.028402	0.185263	
0.028469	0.185614	
0.028615	0.185965	
0.028633	0.186316	
0.028796	0.186667	
0.028869	0.187018	
0.029034	0.187368	
0.029125	0.187719	
0.029146	0.188070	
0.029270	0.188421	
0.029286	0.188772	
0.029348	0.189123	
0.029367	0.189474	
0.029386	0.189825	
0.029460	0.190175	
0.029480	0.190526	
0.029514	0.190877	
0.029808	0.191228	
0.029815	0.191579	
0.029823	0.191930	
0.030284	0.192281	
0.030305	0.192632	
0.030332	0.192982	
0.030404	0.193333	
0.030455	0.193684	
0.030529	0.194035	
0.030625	0.194386	
0.030665	0.194737	
0.030706	0.195088	
0.030742	0.195439	
0.030825	0.195789	
0.030826	0.196140	
0.030889	0.196491	
0.030928	0.196842	
0.031009	0.197193	
0.031026	0.197544	
0.031035	0.197895	
0.031042	0.198246	
0.031061	0.198596	
0.031078	0.198947	
0.031187	0.199298	
0.031292	0.199649	
0.031297	0.200000	
0.031302	0.200351	
0.031356	0.200702	
0.031371	0.201053	
0.031493	0.201404	
0.031511	0.201754	
0.031535	0.202105	
0.031663	0.202456	
0.031664	0.202807	
0.031912	0.203158	
0.031920	0.203509	
0.031960	0.203860	
0.032014	0.204211	
0.032026	0.204561	
0.032099	0.204912	
0.032192	0.205263	
0.032243	0.205614	
0.032254	0.205965	
0.032334	0.206316	
0.032356	0.206667	
0.032404	0.207018	
0.032418	0.207368	
0.032488	0.207719	
0.032592	0.208070	
0.032639	0.208421	
0.032736	0.208772	
0.032890	0.209123	
0.032986	0.209474	
0.033012	0.209825	
0.033017	0.210175	
0.033029	0.210526	
0.033035	0.210877	
0.033047	0.211228	
0.033135	0.211579	
0.033362	0.211930	
0.033377	0.212281	
0.033439	0.212632	
0.033545	0.212982	
0.033657	0.213333	
0.033775	0.213684	
0.033928	0.214035	
0.033941	0.214386	
0.034014	0.214737	
0.034020	0.215088	
0.034125	0.215439	
0.034151	0.215789	
0.034203	0.216140	
0.034242	0.216491	
0.034419	0.216842	
0.034438	0.217193	
0.034565	0.217544	
0.034698	0.217895	
0.034874	0.218246	
0.034883	0.218596	
0.034991	0.218947	
0.035071	0.219298	
0.035075	0.219649	
0.035092	0.220000	
0.035402	0.220351	
0.035403	0.220702	
0.035423	0.221053	
0.035431	0.221404	
0.035558	0.221754	
0.035974	0.222105	
0.035977	0.222456	
0.036072	0.222807	
0.036113	0.223158	
0.036124	0.223509	
0.036180	0.223860	
0.036267	0.224211	
0.036317	0.224561	
0.036323	0.224912	
0.036398	0.225263	
0.036427	0.225614	
0.036483	0.225965	
0.036533	0.226316	
0.036549	0.226667	
0.036577	0.227018	
0.036577	0.227368	
0.036590	0.227719	
0.037042	0.228070	
0.037140	0.228421	
0.037252	0.228772	
0.037294	0.229123	
0.037574	0.229474	
0.037659	0.229825	
0.038003	0.230175	
0.038049	0.230526	
0.038204	0.230877	
0.038214	0.231228	
0.038227	0.231579	
0.038276	0.231930	
0.038282	0.232281	
0.038305	0.232632	
0.038541	0.232982	
0.038673	0.233333	
0.038775	0.233684	
0.038781	0.234035	
0.038799	0.234386	
0.038921	0.234737	
0.038996	0.235088	
0.039003	0.235439	
0.039212	0.235789	
0.039306	0.236140	
0.039372	0.236491	
0.039533	0.236842	
0.039552	0.237193	
0.039602	0.237544	
0.039738	0.237895	
0.039788	0.238246	
0.039816	0.238596	
0.039947	0.238947	
0.039979	0.239298	
0.040127	0.239649	
0.040192	0.240000	
0.040197	0.240351	
0.040215	0.240702	
0.040324	0.241053	
0.040373	0.241404	
0.040538	0.241754	
0.040591	0.242105	
0.040818	0.242456	
0.040822	0.242807	
0.040826	0.243158	
0.040888	0.243509	
0.041099	0.243860	
0.041117	0.244211	
0.041226	0.244561	
0.041285	0.244912	
0.041384	0.245263	
0.041405	0.245614	
0.041462	0.245965	
0.041477	0.246316	
0.041805	0.246667	
0.041867	0.247018	
0.041950	0.247368	
0.042028	0.247719	
0.042088	0.248070	
0.042104	0.248421	
0.042135	0.248772	
0.042201	0.249123	
0.042219	0.249474	
0.042242	0.249825	
0.042405	0.250175	
0.042479	0.250526	
0.042544	0.250877	
0.042770	0.251228	
0.042783	0.251579	
0.042806	0.251930	
0.042862	0.252281	
0.042950	0.252632	
0.042968	0.252982	
0.043253	0.253333	
0.043372	0.253684	
0.043436	0.254035	
0.043478	0.254386	
0.043671	0.254737	
0.043905	0.255088	
0.044054	0.255439	
0.044232	0.255789	
0.044233	0.256140	
0.044619	0.256491	
0.044671	0.256842	
0.044747	0.257193	
0.044821	0.257544	
0.044966	0.257895	
0.044990	0.258246	
0.045048	0.258596	
0.045179	0.258947	
0.045257	0.259298	
0.045272	0.259649	
0.045361	0.260000	
0.045493	0.260351	
0.045645	0.260702	
0.045694	0.261053	
0.045748	0.261404	
0.045792	0.261754	
0.045950	0.262105	
0.045977	0.262456	
0.046010	0.262807	
0.046034	0.263158	
0.046136	0.263509	
0.046142	0.263860	
0.046248	0.264211	
0.046424	0.264561	
0.046492	0.264912	
0.046561	0.265263	
0.046619	0.265614	
0.046639	0.265965	
0.046676	0.266316	
0.047138	0.266667	
0.047142	0.267018	
0.047271	0.267368	
0.047295	0.267719	
0.047518	0.268070	
0.047518	0.268421	
0.047548	0.268772	
0.047642	0.269123	
0.047648	0.269474	
0.047755	0.269825	
0.047811	0.270175	
0.047873	0.270526	
0.048056	0.270877	
0.048067	0.271228	
0.048124	0.271579	
0.048332	0.271930	
0.048421	0.272281	
0.048886	0.272632	
0.048957	0.272982	
0.049286	0.273333	
0.049357	0.273684	
0.049362	0.274035	
0.049372	0.274386	
0.049409	0.274737	
0.049525	0.275088	
0.049547	0.275439	
0.049640	0.275789	
0.049678	0.276140	
0.049782	0.276491	
0.049954	0.276842	
0.049958	0.277193	
0.050029	0.277544	
0.050091	0.277895	
0.050153	0.278246	
0.050167	0.278596	
0.050249	0.278947	
0.050514	0.279298	
0.050582	0.279649	
0.050679	0.280000	
0.050722	0.280351	
0.050920	0.280702	
0.050965	0.281053	
0.051017	0.281404	
0.051166	0.281754	
0.051245	0.282105	
0.051487	0.282456	
0.051614	0.282807	
0.051627	0.283158	
0.051669	0.283509	
0.051697	0.283860	
0.051723	0.284211	
0.051765	0.284561	
0.052056	0.284912	
0.052105	0.285263	
0.052295	0.285614	
0.052299	0.285965	
0.052373	0.286316	
0.052593	0.286667	
0.052890	0.287018	
0.053025	0.287368	
0.053033	0.287719	
0.053185	0.288070	
0.053242	0.288421	
0.053251	0.288772	
0.053311	0.289123	
0.053421	0.289474	
0.053446	0.289825	
0.053485	0.290175	
0.053608	0.290526	
0.053679	0.290877	
0.053728	0.291228	
0.053757	0.291579	
0.053776	0.291930	
0.053850	0.292281	
0.053888	0.292632	
0.053958	0.292982	
0.054045	0.293333	
0.054049	0.293684	
0.054065	0.294035	
0.054289	0.294386	
0.054375	0.294737	
0.054451	0.295088	
0.054789	0.295439	
0.054835	0.295789	
0.054921	0.296140	
0.054936	0.296491	
0.055022	0.296842	
0.055031	0.297193	
0.055358	0.297544	
0.055411	0.297895	
0.055684	0.298246	
0.055696	0.298596	
0.055713	0.298947	
0.055755	0.299298	
0.055845	0.299649	
0.055886	0.300000	
0.056217	0.300351	
0.056269	0.300702	
0.056291	0.301053	
0.056464	0.301404	
0.056566	0.301754	
0.056576	0.302105	
0.056841	0.302456	
0.056842	0.302807	
0.056905	0.303158	
0.056915	0.303509	
0.056925	0.303860	
0.057062	0.304211	
0.057063	0.304561	
0.057264	0.304912	
0.057358	0.305263	
0.057508	0.305614	
0.057512	0.305965	
0.057835	0.306316	
0.057909	0.306667	
0.058036	0.307018	
0.058097	0.307368	
0.058172	0.307719	
0.058178	0.308070	
0.058204	0.308421	
0.058254	0.308772	
0.058317	0.309123	
0.058366	0.309474	
0.058495	0.309825	
0.058634	0.310175	
0.058855	0.310526	
0.058980	0.310877	
0.058992	0.311228	
0.059117	0.311579	
0.059217	0.311930	
0.059412	0.312281	
0.059639	0.312632	
0.059754	0.312982	
0.059767	0.313333	
0.059876	0.313684	
0.060082	0.314035	
0.060476	0.314386	
0.060641	0.314737	
0.060714	0.315088	
0.060930	0.315439	
0.060952	0.315789	
0.060958	0.316140	
0.061093	0.316491	
0.061195	0.316842	
0.061196	0.317193	
0.061395	0.317544	
0.061667	0.317895	
0.061681	0.318246	
0.061776	0.318596	
0.061794	0.318947	
0.061860	0.319298	
0.061879	0.319649	
0.061940	0.320000	
0.062023	0.320351	
0.062156	0.320702	
0.062171	0.321053	
0.062189	0.321404	
0.062206	0.321754	
0.062417	0.322105	
0.062518	0.322456	
0.062737	0.322807	
0.062752	0.323158	
0.063013	0.323509	
0.063023	0.323860	
0.063041	0.324211	
0.063587	0.324561	
0.063708	0.324912	
0.063752	0.325263	
0.063889	0.325614	
0.063901	0.325965	
0.063947	0.326316	
0.064006	0.326667	
0.064243	0.327018	
0.064385	0.327368	
0.064409	0.327719	
0.064504	0.328070	
0.064542	0.328421	
0.064796	0.328772	
0.065151	0.329123	
0.065204	0.329474	
0.065333	0.329825	
0.065451	0.330175	
0.065521	0.330526	
0.065703	0.330877	
0.065707	0.331228	
0.065838	0.331579	
0.065848	0.331930	
0.066047	0.332281	
0.066108	0.332632	
0.066211	0.332982	
0.066407	0.333333	
0.066660	0.333684	
0.066709	0.334035	
0.066718	0.334386	
0.066955	0.334737	
0.067101	0.335088	
0.067283	0.335439	
0.067292	0.335789	
0.067370	0.336140	
0.067598	0.336491	
0.067620	0.336842	
0.067653	0.337193	
0.067704	0.337544	
0.067784	0.337895	
0.067789	0.338246	
0.067979	0.338596	
0.068029	0.338947	
0.068213	0.339298	
0.068216	0.339649	
0.068299	0.340000	
0.068372	0.340351	
0.068410	0.340702	
0.068416	0.341053	
0.068457	0.341404	
0.068480	0.341754	
0.068633	0.342105	
0.068655	0.342456	
0.068752	0.342807	
0.068780	0.343158	
0.068788	0.343509	
0.068876	0.343860	
0.068948	0.344211	
0.068990	0.344561	
0.069010	0.344912	
0.069101	0.345263	
0.069133	0.345614	
0.069134	0.345965	
0.069339	0.346316	
0.069396	0.346667	
0.069409	0.347018	
0.069542	0.347368	
0.069604	0.347719	
0.069628	0.348070	
0.069863	0.348421	
0.070033	0.348772	
0.070040	0.349123	
0.070052	0.349474	
0.070184	0.349825	
0.070344	0.350175	
0.070410	0.350526	
0.070666	0.350877	
0.070672	0.351228	
0.070767	0.351579	
0.070846	0.351930	
0.071221	0.352281	
0.071240	0.352632	
0.071251	0.352982	
0.071490	0.353333	
0.071597	0.353684	
0.071706	0.354035	
0.071726	0.354386	
0.071825	0.354737	
0.071934	0.355088	
0.071973	0.355439	
0.071975	0.355789	
0.072288	0.356140	
0.072335	0.356491	
0.072343	0.356842	
0.072376	0.357193	
0.072512	0.357544	
0.072632	0.357895	
0.072635	0.358246	
0.072754	0.358596	
0.072950	0.358947	
0.072990	0.359298	
0.073037	0.359649	
0.073146	0.360000	
0.073220	0.360351	
0.073324	0.360702	
0.073328	0.361053	
0.073399	0.361404	
0.073422	0.361754	
0.073439	0.362105	
0.073494	0.362456	
0.073598	0.362807	
0.073627	0.363158	
0.073643	0.363509	
0.073683	0.363860	
0.073895	0.364211	
0.073944	0.364561	
0.074139	0.364912	
0.074188	0.365263	
0.074193	0.365614	
0.074287	0.365965	
0.074296	0.366316	
0.074325	0.366667	
0.074443	0.367018	
0.074501	0.367368	
0.074506	0.367719	
0.074558	0.368070	
0.074610	0.368421	
0.074695	0.368772	
0.074736	0.369123	
0.074771	0.369474	
0.074853	0.369825	
0.074954	0.370175	
0.075007	0.370526	
0.075398	0.370877	
0.075426	0.371228	
0.075577	0.371579	
0.075649	0.371930	
0.075672	0.372281	
0.075709	0.372632	
0.075813	0.372982	
0.075860	0.373333	
0.075987	0.373684	
0.076174	0.374035	
0.076223	0.374386	
0.076363	0.374737	
0.076422	0.375088	
0.076619	0.375439	
0.076708	0.375789	
0.076718	0.376140	
0.076752	0.376491	
0.076784	0.376842	
0.076876	0.377193	
0.076970	0.377544	
0.077108	0.377895	
0.077222	0.378246	
0.077325	0.378596	
0.077463	0.378947	
0.077529	0.379298	
0.077619	0.379649	
0.077631	0.380000	
0.077640	0.380351	
0.077821	0.380702	
0.078130	0.381053	
0.078196	0.381404	
0.078205	0.381754	
0.078299	0.382105	
0.078334	0.382456	
0.078482	0.382807	
0.078577	0.383158	
0.078712	0.383509	
0.078839	0.383860	
0.078982	0.384211	
0.078982	0.384561	
0.079201	0.384912	
0.079212	0.385263	
0.079263	0.385614	
0.079296	0.385965	
0.079310	0.386316	
0.079500	0.386667	
0.079668	0.387018	
0.079807	0.387368	
0.079851	0.387719	
0.079917	0.388070	
0.080037	0.388421	
0.080048	0.388772	
0.080120	0.389123	
0.080232	0.389474	
0.080293	0.389825	
0.080404	0.390175	
0.080495	0.390526	
0.080669	0.390877	
0.080701	0.391228	
0.080900	0.391579	
0.080940	0.391930	
0.081010	0.392281	
0.081023	0.392632	
0.081122	0.392982	
0.081266	0.393333	
0.081284	0.393684	
0.081310	0.394035	
0.081386	0.394386	
0.081404	0.394737	
0.081451	0.395088	
0.081501	0.395439	
0.081505	0.395789	
0.081514	0.396140	
0.081607	0.396491	
0.081611	0.396842	
0.081636	0.397193	
0.081817	0.397544	
0.081854	0.397895	
0.081919	0.398246	
0.081934	0.398596	
0.081968	0.398947	
0.082000	0.399298	
0.082360	0.399649	
0.082363	0.400000	
0.082814	0.400351	
0.082891	0.400702	
0.082978	0.401053	
0.083503	0.401404	
0.083514	0.401754	
0.083544	0.402105	
0.084120	0.402456	
0.084201	0.402807	
0.084204	0.403158	
0.084267	0.403509	
0.084394	0.403860	
0.084412	0.404211	
0.084560	0.404561	
0.084749	0.404912	
0.084777	0.405263	
0.084782	0.405614	
0.084879	0.405965	
0.084879	0.406316	
0.085007	0.406667	
0.085103	0.407018	
0.085104	0.407368	
0.085171	0.407719	
0.085360	0.408070	
0.085629	0.408421	
0.085766	0.408772	
0.085955	0.409123	
0.085978	0.409474	
0.086076	0.409825	
0.086128	0.410175	
0.086133	0.410526	
0.086269	0.410877	
0.086465	0.411228	
0.086487	0.411579	
0.086559	0.411930	
0.086586	0.412281	
0.086634	0.412632	
0.087231	0.412982	
0.087676	0.413333	
0.087747	0.413684	
0.087959	0.414035	
0.088244	0.414386	
0.088282	0.414737	
0.088392	0.415088	
0.088466	0.415439	
0.088509	0.415789	
0.088674	0.416140	
0.088738	0.416491	
0.088755	0.416842	
0.088783	0.417193	
0.088818	0.417544	
0.088970	0.417895	
0.089011	0.418246	
0.089021	0.418596	
0.089141	0.418947	
0.089349	0.419298	
0.089369	0.419649	
0.089540	0.420000	
0.089778	0.420351	
0.089919	0.420702	
0.090402	0.421053	
0.090464	0.421404	
0.090607	0.421754	
0.090632	0.422105	
0.090732	0.422456	
0.090797	0.422807	
0.090819	0.423158	
0.090894	0.423509	
0.091010	0.423860	
0.091161	0.424211	
0.091251	0.424561	
0.091736	0.424912	
0.091871	0.425263	
0.091929	0.425614	
0.092166	0.425965	
0.092180	0.426316	
0.092432	0.426667	
0.092568	0.427018	
0.092631	0.427368	
0.092757	0.427719	
0.093022	0.428070	
0.093152	0.428421	
0.093341	0.428772	
0.093363	0.429123	
0.093370	0.429474	
0.093696	0.429825	
0.093722	0.430175	
0.093779	0.430526	
0.093787	0.430877	
0.094041	0.431228	
0.094267	0.431579	
0.094279	0.431930	
0.094648	0.432281	
0.094959	0.432632	
0.095092	0.432982	
0.095194	0.433333	
0.095206	0.433684	
0.095214	0.434035	
0.095285	0.434386	
0.095371	0.434737	
0.095730	0.435088	
0.096053	0.435439	
0.096207	0.435789	
0.096278	0.436140	
0.096386	0.436491	
0.096699	0.436842	
0.096938	0.437193	
0.097346	0.437544	
0.097602	0.437895	
0.097829	0.438246	
0.097843	0.438596	
0.098099	0.438947	
0.098104	0.439298	
0.098120	0.439649	
0.098183	0.440000	
0.098311	0.440351	
0.098375	0.440702	
0.098668	0.441053	
0.098688	0.441404	
0.098805	0.441754	
0.098830	0.442105	
0.098913	0.442456	
0.098952	0.442807	
0.098956	0.443158	
0.098963	0.443509	
0.099050	0.443860	
0.099088	0.444211	
0.099280	0.444561	
0.099519	0.444912	
0.099886	0.445263	
0.099908	0.445614	
0.100138	0.445965	
0.100292	0.446316	
0.100428	0.446667	
0.100437	0.447018	
0.100510	0.447368	
0.100516	0.447719	
0.100652	0.448070	
0.100891	0.448421	
0.101035	0.448772	
0.101233	0.449123	
0.101388	0.449474	
0.101623	0.449825	
0.101712	0.450175	
0.101717	0.450526	
0.102023	0.450877	
0.102247	0.451228	
0.102295	0.451579	
0.102440	0.451930	
0.102513	0.452281	
0.102556	0.452632	
0.102585	0.452982	
0.102948	0.453333	
0.103009	0.453684	
0.103172	0.454035	
0.103562	0.454386	
0.103731	0.454737	
0.104252	0.455088	
0.104322	0.455439	
0.104371	0.455789	
0.104443	0.456140	
0.104730	0.456491	
0.104737	0.456842	
0.104834	0.457193	
0.104842	0.457544	
0.105053	0.457895	
0.105069	0.458246	
0.105101	0.458596	
0.105298	0.458947	
0.105335	0.459298	
0.105419	0.459649	
0.105449	0.460000	
0.105514	0.460351	
0.105722	0.460702	
0.105733	0.461053	
0.105852	0.461404	
0.105901	0.461754	
0.105948	0.462105	
0.105962	0.462456	
0.106312	0.462807	
0.106424	0.463158	
0.106915	0.463509	
0.107161	0.463860	
0.107303	0.464211	
0.107664	0.464561	
0.107815	0.464912	
0.107857	0.465263	
0.107972	0.465614	
0.108152	0.465965	
0.108190	0.466316	
0.108290	0.466667	
0.109122	0.467018	
0.109341	0.467368	
0.109439	0.467719	
0.109491	0.468070	
0.109549	0.468421	
0.109655	0.468772	
0.109684	0.469123	
0.109687	0.469474	
0.109702	0.469825	
0.109779	0.470175	
0.109780	0.470526	
0.109855	0.470877	
0.109930	0.471228	
0.109963	0.471579	
0.110115	0.471930	
0.110234	0.472281	
0.110335	0.472632	
0.110496	0.472982	
0.110512	0.473333	
0.110634	0.473684	
0.110685	0.474035	
0.110712	0.474386	
0.111129	0.474737	
0.111152	0.475088	
0.111317	0.475439	
0.111833	0.475789	
0.112053	0.476140	
0.112335	0.476491	
0.112363	0.476842	
0.112366	0.477193	
0.112461	0.477544	
0.112699	0.477895	
0.112852	0.478246	
0.112982	0.478596	
0.113202	0.478947	
0.113511	0.479298	
0.113600	0.479649	
0.113736	0.480000	
0.113821	0.480351	
0.113906	0.480702	
0.113916	0.481053	
0.114109	0.481404	
0.114248	0.481754	
0.114416	0.482105	
0.114694	0.482456	
0.114732	0.482807	
0.115082	0.483158	
0.115140	0.483509	
0.115290	0.483860	
0.115498	0.484211	
0.115541	0.484561	
0.115638	0.484912	
0.116148	0.485263	
0.116165	0.485614	
0.116278	0.485965	
0.116282	0.486316	
0.116465	0.486667	
0.116465	0.487018	
0.116653	0.487368	
0.116792	0.487719	
0.117342	0.488070	
0.117458	0.488421	
0.117494	0.488772	
0.117673	0.489123	
0.117836	0.489474	
0.117868	0.489825	
0.117942	0.490175	
0.118008	0.490526	
0.118091	0.490877	
0.118541	0.491228	
0.118611	0.491579	
0.118661	0.491930	
0.118664	0.492281	
0.118829	0.492632	
0.119291	0.492982	
0.119294	0.493333	
0.119778	0.493684	
0.119941	0.494035	
0.120387	0.494386	
0.120433	0.494737	
0.120931	0.495088	
0.120973	0.495439	
0.121141	0.495789	
0.121191	0.496140	
0.121348	0.496491	
0.121399	0.496842	
0.121418	0.497193	
0.121433	0.497544	
0.121663	0.497895	
0.121727	0.498246	
0.121828	0.498596	
0.122051	0.498947	
0.122228	0.499298	
0.122351	0.499649	
0.122366	0.500000	
0.122722	0.500351	
0.123077	0.500702	
0.123098	0.501053	
0.123378	0.501404	
0.123454	0.501754	
0.123539	0.502105	
0.123637	0.502456	
0.123750	0.502807	
0.124005	0.503158	
0.124136	0.503509	
0.124142	0.503860	
0.124182	0.504211	
0.124249	0.504561	
0.124330	0.504912	
0.124392	0.505263	
0.124551	0.505614	
0.124898	0.505965	
0.124953	0.506316	
0.124968	0.506667	
0.125182	0.507018	
0.125200	0.507368	
0.125422	0.507719	
0.125517	0.508070	
0.125634	0.508421	
0.126091	0.508772	
0.126514	0.509123	
0.127078	0.509474	
0.127475	0.509825	
0.127911	0.510175	
0.128504	0.510526	
0.128521	0.510877	
0.128781	0.511228	
0.128879	0.511579	
0.129075	0.511930	
0.129272	0.512281	
0.129290	0.512632	
0.129314	0.512982	
0.129386	0.513333	
0.129522	0.513684	
0.129557	0.514035	
0.129689	0.514386	
0.129764	0.514737	
0.130156	0.515088	
0.130238	0.515439	
0.130282	0.515789	
0.130312	0.516140	
0.130340	0.516491	
0.130536	0.516842	
0.130772	0.517193	
0.130880	0.517544	
0.130919	0.517895	
0.131126	0.518246	
0.131278	0.518596	
0.131853	0.518947	
0.131855	0.519298	
0.132458	0.519649	
0.132518	0.520000	
0.132656	0.520351	
0.132919	0.520702	
0.132956	0.521053	
0.133042	0.521404	
0.133222	0.521754	
0.133249	0.522105	
0.133358	0.522456	
0.133400	0.522807	
0.133412	0.523158	
0.133541	0.523509	
0.134169	0.523860	
0.134792	0.524211	
0.134834	0.524561	
0.135290	0.524912	
0.135333	0.525263	
0.135451	0.525614	
0.135510	0.525965	
0.135663	0.526316	
0.135786	0.526667	
0.135981	0.527018	
0.136059	0.527368	
0.136137	0.527719	
0.136410	0.528070	
0.136690	0.528421	
0.137647	0.528772	
0.137836	0.529123	
0.137953	0.529474	
0.138031	0.529825	
0.138571	0.530175	
0.138881	0.530526	
0.139384	0.530877	
0.139547	0.531228	
0.139779	0.531579	
0.139810	0.531930	
0.139906	0.532281	
0.139950	0.532632	
0.140235	0.532982	
0.140516	0.533333	
0.140531	0.533684	
0.140755	0.534035	
0.140860	0.534386	
0.141597	0.534737	
0.142098	0.535088	
0.142326	0.535439	
0.142348	0.535789	
0.142388	0.536140	
0.142419	0.536491	
0.142426	0.536842	
0.142847	0.537193	
0.143139	0.537544	
0.143436	0.537895	
0.143673	0.538246	
0.143681	0.538596	
0.143711	0.538947	
0.144148	0.539298	
0.144150	0.539649	
0.144256	0.540000	
0.144914	0.540351	
0.144983	0.540702	
0.144994	0.541053	
0.145134	0.541404	
0.145308	0.541754	
0.145345	0.542105	
0.145657	0.542456	
0.145882	0.542807	
0.145911	0.543158	
0.146010	0.543509	
0.146258	0.543860	
0.146497	0.544211	
0.146774	0.544561	
0.146809	0.544912	
0.146906	0.545263	
0.147389	0.545614	
0.147634	0.545965	
0.148298	0.546316	
0.148553	0.546667	
0.148628	0.547018	
0.148672	0.547368	
0.148765	0.547719	
0.148966	0.548070	
0.148978	0.548421	
0.148980	0.548772	
0.149376	0.549123	
0.149675	0.549474	
0.149964	0.549825	
0.150134	0.550175	
0.150319	0.550526	
0.150362	0.550877	
0.150606	0.551228	
0.150987	0.551579	
0.151074	0.551930	
0.151085	0.552281	
0.151231	0.552632	
0.151483	0.552982	
0.152106	0.553333	
0.152124	0.553684	
0.152307	0.554035	
0.152334	0.554386	
0.152845	0.554737	
0.153182	0.555088	
0.153190	0.555439	
0.153583	0.555789	
0.153761	0.556140	
0.154010	0.556491	
0.154193	0.556842	
0.154332	0.557193	
0.155142	0.557544	
0.155341	0.557895	
0.155534	0.558246	
0.155712	0.558596	
0.155956	0.558947	
0.156029	0.559298	
0.156231	0.559649	
0.156386	0.560000	
0.156805	0.560351	
0.156860	0.560702	
0.156892	0.561053	
0.157075	0.561404	
0.157615	0.561754	
0.157896	0.562105	
0.157978	0.562456	
0.157995	0.562807	
0.158241	0.563158	
0.158324	0.563509	
0.158345	0.563860	
0.158723	0.564211	
0.159010	0.564561	
0.159265	0.564912	
0.159556	0.565263	
0.159744	0.565614	
0.159754	0.565965	
0.159768	0.566316	
0.159826	0.566667	
0.159944	0.567018	
0.160024	0.567368	
0.160127	0.567719	
0.160676	0.568070	
0.161387	0.568421	
0.161628	0.568772	
0.161666	0.569123	
0.161808	0.569474	
0.161956	0.569825	
0.162603	0.570175	
0.162679	0.570526	
0.162799	0.570877	
0.163349	0.571228	
0.163393	0.571579	
0.163461	0.571930	
0.163585	0.572281	
0.164257	0.572632	
0.164308	0.572982	
0.164587	0.573333	
0.164896	0.573684	
0.165012	0.574035	
0.165183	0.574386	
0.165291	0.574737	
0.165572	0.575088	
0.165613	0.575439	
0.165672	0.575789	
0.165725	0.576140	
0.165976	0.576491	
0.166138	0.576842	
0.166417	0.577193	
0.166537	0.577544	
0.166707	0.577895	
0.166916	0.578246	
0.167221	0.578596	
0.167391	0.578947	
0.167825	0.579298	
0.167870	0.579649	
0.167883	0.580000	
0.167907	0.580351	
0.167948	0.580702	
0.168186	0.581053	
0.168305	0.581404	
0.168393	0.581754	
0.168837	0.582105	
0.168947	0.582456	
0.169205	0.582807	
0.169272	0.583158	
0.169792	0.583509	
0.170207	0.583860	
0.170385	0.584211	
0.170459	0.584561	
0.170528	0.584912	
0.170562	0.585263	
0.170898	0.585614	
0.171155	0.585965	
0.171208	0.586316	
0.171396	0.586667	
0.171813	0.587018	
0.172034	0.587368	
0.172488	0.587719	
0.172561	0.588070	
0.172574	0.588421	
0.172679	0.588772	
0.172685	0.589123	
0.172695	0.589474	
0.172955	0.589825	
0.173069	0.590175	
0.173165	0.590526	
0.173337	0.590877	
0.173433	0.591228	
0.173969	0.591579	
0.174116	0.591930	
0.174222	0.592281	
0.174307	0.592632	
0.174681	0.592982	
0.174866	0.593333	
0.174994	0.593684	
0.175010	0.594035	
0.175048	0.594386	
0.175137	0.594737	
0.175680	0.595088	
0.175823	0.595439	
0.175899	0.595789	
0.176575	0.596140	
0.176710	0.596491	
0.177063	0.596842	
0.177199	0.597193	
0.177489	0.597544	
0.177695	0.597895	
0.177939	0.598246	
0.178018	0.598596	
0.178030	0.598947	
0.178621	0.599298	
0.179069	0.599649	
0.179123	0.600000	
0.179238	0.600351	
0.179732	0.600702	
0.179784	0.601053	
0.179878	0.601404	
0.179902	0.601754	
0.180225	0.602105	
0.180452	0.602456	
0.180555	0.602807	
0.180632	0.603158	
0.180788	0.603509	
0.180987	0.603860	
0.181096	0.604211	
0.181162	0.604561	
0.181412	0.604912	
0.181426	0.605263	
0.181890	0.605614	
0.181941	0.605965	
0.182245	0.606316	
0.182455	0.606667	
0.183137	0.607018	
0.183137	0.607368	
0.183153	0.607719	
0.183246	0.608070	
0.183263	0.608421	
0.183615	0.608772	
0.183615	0.609123	
0.183729	0.609474	
0.183902	0.609825	
0.185163	0.610175	
0.185170	0.610526	
0.185609	0.610877	
0.185961	0.611228	
0.185983	0.611579	
0.186067	0.611930	
0.186094	0.612281	
0.186484	0.612632	
0.186519	0.612982	
0.186519	0.613333	
0.186604	0.613684	
0.186639	0.614035	
0.186793	0.614386	
0.186857	0.614737	
0.187465	0.615088	
0.187478	0.615439	
0.187728	0.615789	
0.188074	0.616140	
0.188426	0.616491	
0.188461	0.616842	
0.188549	0.617193	
0.188706	0.617544	
0.188948	0.617895	
0.189532	0.618246	
0.189954	0.618596	
0.189954	0.618947	
0.190414	0.619298	
0.190622	0.619649	
0.190642	0.620000	
0.190723	0.620351	
0.190830	0.620702	
0.190955	0.621053	
0.191788	0.621404	
0.191860	0.621754	
0.191953	0.622105	
0.192053	0.622456	
0.192248	0.622807	
0.192283	0.623158	
0.192334	0.623509	
0.192336	0.623860	
0.192497	0.624211	
0.193071	0.624561	
0.193124	0.624912	
0.193128	0.625263	
0.193656	0.625614	
0.193920	0.625965	
0.194022	0.626316	
0.194388	0.626667	
0.194732	0.627018	
0.195204	0.627368	
0.195362	0.627719	
0.195880	0.628070	
0.196159	0.628421	
0.196246	0.628772	
0.196256	0.629123	
0.197091	0.629474	
0.197148	0.629825	
0.197216	0.630175	
0.197271	0.630526	
0.197501	0.630877	
0.197965	0.631228	
0.198236	0.631579	
0.198271	0.631930	
0.198917	0.632281	
0.199120	0.632632	
0.199181	0.632982	
0.199233	0.633333	
0.199386	0.633684	
0.199821	0.634035	
0.200247	0.634386	
0.200643	0.634737	
0.200767	0.635088	
0.201206	0.635439	
0.201267	0.635789	
0.201467	0.636140	
0.201549	0.636491	
0.201773	0.636842	
0.201824	0.637193	
0.201860	0.637544	
0.202016	0.637895	
0.202060	0.638246	
0.202387	0.638596	
0.202416	0.638947	
0.202433	0.639298	
0.202561	0.639649	
0.202592	0.640000	
0.203239	0.640351	
0.203244	0.640702	
0.203465	0.641053	
0.203586	0.641404	
0.203681	0.641754	
0.203868	0.642105	
0.203887	0.642456	
0.204081	0.642807	
0.204098	0.643158	
0.204259	0.643509	
0.204474	0.643860	
0.204485	0.644211	
0.204691	0.644561	
0.204769	0.644912	
0.204879	0.645263	
0.205024	0.645614	
0.205424	0.645965	
0.205566	0.646316	
0.205904	0.646667	
0.206060	0.647018	
0.206180	0.647368	
0.206193	0.647719	
0.206709	0.648070	
0.206932	0.648421	
0.206949	0.648772	
0.207017	0.649123	
0.207029	0.649474	
0.207087	0.649825	
0.207170	0.650175	
0.207911	0.650526	
0.208558	0.650877	
0.208665	0.651228	
0.208745	0.651579	
0.208759	0.651930	
0.209493	0.652281	
0.209756	0.652632	
0.209901	0.652982	
0.210063	0.653333	
0.210222	0.653684	
0.210335	0.654035	
0.210545	0.654386	
0.211171	0.654737	
0.211300	0.655088	
0.211670	0.655439	
0.212740	0.655789	
0.212822	0.656140	
0.212846	0.656491	
0.213131	0.656842	
0.213952	0.657193	
0.214110	0.657544	
0.214235	0.657895	
0.214539	0.658246	
0.214720	0.658596	
0.215070	0.658947	
0.215200	0.659298	
0.215212	0.659649	
0.215701	0.660000	
0.215781	0.660351	
0.215934	0.660702	
0.216048	0.661053	
0.216222	0.661404	
0.216316	0.661754	
0.216369	0.662105	
0.216423	0.662456	
0.216955	0.662807	
0.217379	0.663158	
0.217486	0.663509	
0.217595	0.663860	
0.218368	0.664211	
0.218551	0.664561	
0.218651	0.664912	
0.218683	0.665263	
0.219368	0.665614	
0.219625	0.665965	
0.219798	0.666316	
0.219828	0.666667	
0.220168	0.667018	
0.220196	0.667368	
0.221088	0.667719	
0.221493	0.668070	
0.222081	0.668421	
0.222837	0.668772	
0.222860	0.669123	
0.223157	0.669474	
0.223281	0.669825	
0.223551	0.670175	
0.223861	0.670526	
0.224291	0.670877	
0.224650	0.671228	
0.225011	0.671579	
0.225412	0.671930	
0.225537	0.672281	
0.225656	0.672632	
0.225802	0.672982	
0.225839	0.673333	
0.225847	0.673684	
0.225866	0.674035	
0.226417	0.674386	
0.226493	0.674737	
0.226748	0.675088	
0.226772	0.675439	
0.226860	0.675789	
0.226866	0.676140	
0.227326	0.676491	
0.227467	0.676842	
0.227551	0.677193	
0.227625	0.677544	
0.227625	0.677895	
0.228286	0.678246	
0.228631	0.678596	
0.229252	0.678947	
0.229399	0.679298	
0.229425	0.679649	
0.229489	0.680000	
0.229750	0.680351	
0.229847	0.680702	
0.229881	0.681053	
0.229922	0.681404	
0.230156	0.681754	
0.230228	0.682105	
0.230548	0.682456	
0.230725	0.682807	
0.231100	0.683158	
0.231407	0.683509	
0.231836	0.683860	
0.231879	0.684211	
0.232172	0.684561	
0.232199	0.684912	
0.232232	0.685263	
0.233006	0.685614	
0.233272	0.685965	
0.233652	0.686316	
0.233984	0.686667	
0.234187	0.687018	
0.234270	0.687368	
0.234318	0.687719	
0.234661	0.688070	
0.235624	0.688421	
0.235849	0.688772	
0.235858	0.689123	
0.235980	0.689474	
0.236025	0.689825	
0.236060	0.690175	
0.236280	0.690526	
0.237008	0.690877	
0.237130	0.691228	
0.237190	0.691579	
0.237273	0.691930	
0.237274	0.692281	
0.237448	0.692632	
0.237549	0.692982	
0.237881	0.693333	
0.237914	0.693684	
0.238151	0.694035	
0.238175	0.694386	
0.238962	0.694737	
0.239511	0.695088	
0.240991	0.695439	
0.241340	0.695789	
0.241344	0.696140	
0.241772	0.696491	
0.242377	0.696842	
0.242415	0.697193	
0.242606	0.697544	
0.242766	0.697895	
0.242880	0.698246	
0.243101	0.698596	
0.243164	0.698947	
0.243388	0.699298	
0.243674	0.699649	
0.244453	0.700000	
0.244555	0.700351	
0.245439	0.700702	
0.245680	0.701053	
0.245849	0.701404	
0.246081	0.701754	
0.246167	0.702105	
0.246188	0.702456	
0.246578	0.702807	
0.247077	0.703158	
0.247207	0.703509	
0.247255	0.703860	
0.247324	0.704211	
0.247451	0.704561	
0.247879	0.704912	
0.248005	0.705263	
0.248054	0.705614	
0.248215	0.705965	
0.248315	0.706316	
0.248507	0.706667	
0.248964	0.707018	
0.249114	0.707368	
0.249455	0.707719	
0.249475	0.708070	
0.250057	0.708421	
0.250689	0.708772	
0.251021	0.709123	
0.251410	0.709474	
0.251436	0.709825	
0.251852	0.710175	
0.252034	0.710526	
0.252210	0.710877	
0.252250	0.711228	
0.252324	0.711579	
0.252430	0.711930	
0.252696	0.712281	
0.252732	0.712632	
0.252816	0.712982	
0.253075	0.713333	
0.253306	0.713684	
0.253549	0.714035	
0.253717	0.714386	
0.254135	0.714737	
0.255036	0.715088	
0.255899	0.715439	
0.255991	0.715789	
0.256217	0.716140	
0.256224	0.716491	
0.256368	0.716842	
0.256590	0.717193	
0.256935	0.717544	
0.257028	0.717895	
0.257127	0.718246	
0.257265	0.718596	
0.257844	0.718947	
0.258167	0.719298	
0.259217	0.719649	
0.259500	0.720000	
0.260244	0.720351	
0.260437	0.720702	
0.260991	0.721053	
0.261052	0.721404	
0.261130	0.721754	
0.261272	0.722105	
0.261454	0.722456	
0.261849	0.722807	
0.262035	0.723158	
0.262469	0.723509	
0.262833	0.723860	
0.263299	0.724211	
0.264413	0.724561	
0.264527	0.724912	
0.264546	0.725263	
0.264997	0.725614	
0.265105	0.725965	
0.265727	0.726316	
0.265794	0.726667	
0.266146	0.727018	
0.266254	0.727368	
0.266619	0.727719	
0.266835	0.728070	
0.266936	0.728421	
0.267763	0.728772	
0.268195	0.729123	
0.268466	0.729474	
0.268511	0.729825	
0.268744	0.730175	
0.268829	0.730526	
0.268888	0.730877	
0.268911	0.731228	
0.269152	0.731579	
0.270027	0.731930	
0.270090	0.732281	
0.270889	0.732632	
0.271175	0.732982	
0.271860	0.733333	
0.272133	0.733684	
0.272139	0.734035	
0.272554	0.734386	
0.272567	0.734737	
0.273358	0.735088	
0.273685	0.735439	
0.273758	0.735789	
0.274010	0.736140	
0.274021	0.736491	
0.274115	0.736842	
0.274214	0.737193	
0.274340	0.737544	
0.274394	0.737895	
0.274720	0.738246	
0.275128	0.738596	
0.275352	0.738947	
0.275566	0.739298	
0.275870	0.739649	
0.276084	0.740000	
0.276152	0.740351	
0.276313	0.740702	
0.276354	0.741053	
0.276512	0.741404	
0.276891	0.741754	
0.277549	0.742105	
0.277975	0.742456	
0.278217	0.742807	
0.278680	0.743158	
0.278685	0.743509	
0.279058	0.743860	
0.279233	0.744211	
0.279824	0.744561	
0.279905	0.744912	
0.280285	0.745263	
0.280581	0.745614	
0.280765	0.745965	
0.280835	0.746316	
0.281017	0.746667	
0.281059	0.747018	
0.281116	0.747368	
0.281158	0.747719	
0.281991	0.748070	
0.282034	0.748421	
0.282152	0.748772	
0.282240	0.749123	
0.282867	0.749474	
0.283643	0.749825	
0.283862	0.750175	
0.284266	0.750526	
0.284624	0.750877	
0.285018	0.751228	
0.285044	0.751579	
0.285175	0.751930	
0.285257	0.752281	
0.285271	0.752632	
0.285656	0.752982	
0.286433	0.753333	
0.286968	0.753684	
0.287077	0.754035	
0.287581	0.754386	
0.287806	0.754737	
0.287843	0.755088	
0.288314	0.755439	
0.289391	0.755789	
0.289796	0.756140	
0.290853	0.756491	
0.291383	0.756842	
0.291615	0.757193	
0.291774	0.757544	
0.291789	0.757895	
0.291915	0.758246	
0.292096	0.758596	
0.292164	0.758947	
0.292197	0.759298	
0.292201	0.759649	
0.292471	0.760000	
0.292583	0.760351	
0.292889	0.760702	
0.293347	0.761053	
0.293463	0.761404	
0.293775	0.761754	
0.293947	0.762105	
0.294051	0.762456	
0.294173	0.762807	
0.294279	0.763158	
0.294706	0.763509	
0.295355	0.763860	
0.295363	0.764211	
0.295654	0.764561	
0.296141	0.764912	
0.296273	0.765263	
0.296605	0.765614	
0.296712	0.765965	
0.297057	0.766316	
0.297343	0.766667	
0.297385	0.767018	
0.297412	0.767368	
0.298101	0.767719	
0.298327	0.768070	
0.299022	0.768421	
0.299179	0.768772	
0.299397	0.769123	
0.299526	0.769474	
0.299668	0.769825	
0.299923	0.770175	
0.300030	0.770526	
0.300391	0.770877	
0.300459	0.771228	
0.301202	0.771579	
0.301708	0.771930	
0.301775	0.772281	
0.301993	0.772632	
0.302111	0.772982	
0.302730	0.773333	
0.303222	0.773684	
0.304010	0.774035	
0.304038	0.774386	
0.304508	0.774737	
0.304582	0.775088	
0.304668	0.775439	
0.305145	0.775789	
0.305774	0.776140	
0.306356	0.776491	
0.306817	0.776842	
0.307378	0.777193	
0.307483	0.777544	
0.307559	0.777895	
0.307632	0.778246	
0.307694	0.778596	
0.307762	0.778947	
0.307928	0.779298	
0.307997	0.779649	
0.308008	0.780000	
0.308039	0.780351	
0.308668	0.780702	
0.308695	0.781053	
0.309231	0.781404	
0.309256	0.781754	
0.309859	0.782105	
0.310084	0.782456	
0.310155	0.782807	
0.311546	0.783158	
0.312393	0.783509	
0.313080	0.783860	
0.313120	0.784211	
0.313330	0.784561	
0.313913	0.784912	
0.313963	0.785263	
0.314116	0.785614	
0.315186	0.785965	
0.315735	0.786316	
0.316812	0.786667	
0.317250	0.787018	
0.317627	0.787368	
0.317926	0.787719	
0.318414	0.788070	
0.318547	0.788421	
0.318675	0.788772	
0.318763	0.789123	
0.318888	0.789474	
0.319235	0.789825	
0.319255	0.790175	
0.319279	0.790526	
0.319846	0.790877	
0.320031	0.791228	
0.320130	0.791579	
0.320160	0.791930	
0.320756	0.792281	
0.320783	0.792632	
0.321148	0.792982	
0.322830	0.793333	
0.322979	0.793684	
0.323178	0.794035	
0.323491	0.794386	
0.323945	0.794737	
0.324259	0.795088	
0.324962	0.795439	
0.325212	0.795789	
0.325583	0.796140	
0.325704	0.796491	
0.325705	0.796842	
0.325730	0.797193	
0.325905	0.797544	
0.326307	0.797895	
0.326432	0.798246	
0.326677	0.798596	
0.327221	0.798947	
0.327254	0.799298	
0.327352	0.799649	
0.327697	0.800000	
0.328100	0.800351	
0.328367	0.800702	
0.329069	0.801053	
0.329363	0.801404	
0.329510	0.801754	
0.329613	0.802105	
0.330115	0.802456	
0.330481	0.802807	
0.330539	0.803158	
0.330773	0.803509	
0.330773	0.803860	
0.332568	0.804211	
0.332924	0.804561	
0.333410	0.804912	
0.334088	0.805263	
0.334694	0.805614	
0.335284	0.805965	
0.335526	0.806316	
0.335769	0.806667	
0.335776	0.807018	
0.335807	0.807368	
0.336114	0.807719	
0.336179	0.808070	
0.336335	0.808421	
0.336702	0.808772	
0.336891	0.809123	
0.337187	0.809474	
0.337637	0.809825	
0.338469	0.810175	
0.338534	0.810526	
0.338572	0.810877	
0.341014	0.811228	
0.341451	0.811579	
0.342288	0.811930	
0.342693	0.812281	
0.342874	0.812632	
0.343441	0.812982	
0.344497	0.813333	
0.344748	0.813684	
0.344911	0.814035	
0.345393	0.814386	
0.346186	0.814737	
0.346418	0.815088	
0.346600	0.815439	
0.346737	0.815789	
0.346797	0.816140	
0.347557	0.816491	
0.347801	0.816842	
0.347966	0.817193	
0.348468	0.817544	
0.348729	0.817895	
0.349880	0.818246	
0.350353	0.818596	
0.351089	0.818947	
0.351094	0.819298	
0.351378	0.819649	
0.351993	0.820000	
0.352203	0.820351	
0.352706	0.820702	
0.352797	0.821053	
0.353317	0.821404	
0.354279	0.821754	
0.354757	0.822105	
0.355317	0.822456	
0.355789	0.822807	
0.356297	0.823158	
0.356348	0.823509	
0.356897	0.823860	
0.356958	0.824211	
0.357555	0.824561	
0.357602	0.824912	
0.358134	0.825263	
0.359271	0.825614	
0.359814	0.825965	
0.360563	0.826316	
0.360622	0.826667	
0.361435	0.827018	
0.361515	0.827368	
0.362070	0.827719	
0.362095	0.828070	
0.362646	0.828421	
0.363338	0.828772	
0.363450	0.829123	
0.364032	0.829474	
0.364113	0.829825	
0.364136	0.830175	
0.364677	0.830526	
0.364930	0.830877	
0.366286	0.831228	
0.366588	0.831579	
0.366963	0.831930	
0.367315	0.832281	
0.367773	0.832632	
0.368175	0.832982	
0.368334	0.833333	
0.368805	0.833684	
0.368810	0.834035	
0.368895	0.834386	
0.369079	0.834737	
0.369903	0.835088	
0.371529	0.835439	
0.371783	0.835789	
0.372230	0.836140	
0.372550	0.836491	
0.372941	0.836842	
0.373024	0.837193	
0.374031	0.837544	
0.374373	0.837895	
0.374406	0.838246	
0.375008	0.838596	
0.376182	0.838947	
0.376553	0.839298	
0.377485	0.839649	
0.378038	0.840000	
0.378831	0.840351	
0.380425	0.840702	
0.380661	0.841053	
0.380821	0.841404	
0.381031	0.841754	
0.381401	0.842105	
0.381527	0.842456	
0.382610	0.842807	
0.382650	0.843158	
0.383118	0.843509	
0.383485	0.843860	
0.383786	0.844211	
0.384289	0.844561	
0.384896	0.844912	
0.385028	0.845263	
0.385065	0.845614	
0.386582	0.845965	
0.386628	0.846316	
0.386706	0.846667	
0.386863	0.847018	
0.386986	0.847368	
0.387355	0.847719	
0.388010	0.848070	
0.388652	0.848421	
0.389375	0.848772	
0.390012	0.849123	
0.390390	0.849474	
0.390873	0.849825	
0.391380	0.850175	
0.392583	0.850526	
0.392693	0.850877	
0.393089	0.851228	
0.393174	0.851579	
0.393475	0.851930	
0.393777	0.852281	
0.394375	0.852632	
0.394807	0.852982	
0.394885	0.853333	
0.396295	0.853684	
0.396665	0.854035	
0.397133	0.854386	
0.397634	0.854737	
0.397949	0.855088	
0.398458	0.855439	
0.398975	0.855789	
0.400097	0.856140	
0.400355	0.856491	
0.401532	0.856842	
0.403482	0.857193	
0.403996	0.857544	
0.404161	0.857895	
0.404931	0.858246	
0.405230	0.858596	
0.405260	0.858947	
0.407305	0.859298	
0.408437	0.859649	
0.408603	0.860000	
0.410258	0.860351	
0.410334	0.860702	
0.410495	0.861053	
0.410836	0.861404	
0.411308	0.861754	
0.411655	0.862105	
0.412376	0.862456	
0.412995	0.862807	
0.413205	0.863158	
0.414341	0.863509	
0.415934	0.863860	
0.415955	0.864211	
0.416060	0.864561	
0.416125	0.864912	
0.416240	0.865263	
0.416643	0.865614	
0.419770	0.865965	
0.420309	0.866316	
0.420913	0.866667	
0.422869	0.867018	
0.423148	0.867368	
0.423374	0.867719	
0.423829	0.868070	
0.424105	0.868421	
0.424455	0.868772	
0.424666	0.869123	
0.424787	0.869474	
0.425082	0.869825	
0.425261	0.870175	
0.425617	0.870526	
0.426026	0.870877	
0.426413	0.871228	
0.426562	0.871579	
0.426703	0.871930	
0.426721	0.872281	
0.426732	0.872632	
0.426916	0.872982	
0.428202	0.873333	
0.428858	0.873684	
0.430346	0.874035	
0.431645	0.874386	
0.431801	0.874737	
0.434096	0.875088	
0.435319	0.875439	
0.437668	0.875789	
0.442599	0.876140	
0.443271	0.876491	
0.443872	0.876842	
0.444672	0.877193	
0.446132	0.877544	
0.447052	0.877895	
0.447490	0.878246	
0.447566	0.878596	
0.447810	0.878947	
0.448696	0.879298	
0.449061	0.879649	
0.449534	0.880000	
0.450708	0.880351	
0.451291	0.880702	
0.454164	0.881053	
0.455029	0.881404	
0.455065	0.881754	
0.456014	0.882105	
0.458560	0.882456	
0.459440	0.882807	
0.459648	0.883158	
0.460104	0.883509	
0.461065	0.883860	
0.462216	0.884211	
0.462344	0.884561	
0.463995	0.884912	
0.465382	0.885263	
0.465995	0.885614	
0.467381	0.885965	
0.467462	0.886316	
0.468650	0.886667	
0.469172	0.887018	
0.470165	0.887368	
0.470169	0.887719	
0.470498	0.888070	
0.472391	0.888421	
0.473436	0.888772	
0.474540	0.889123	
0.476487	0.889474	
0.477731	0.889825	
0.477816	0.890175	
0.479036	0.890526	
0.479192	0.890877	
0.480304	0.891228	
0.480974	0.891579	
0.483720	0.891930	
0.484396	0.892281	
0.484560	0.892632	
0.484686	0.892982	
0.484748	0.893333	
0.484857	0.893684	
0.485173	0.894035	
0.486291	0.894386	
0.486345	0.894737	
0.487093	0.895088	
0.487825	0.895439	
0.488685	0.895789	
0.490556	0.896140	
0.490991	0.896491	
0.492806	0.896842	
0.493272	0.897193	
0.493377	0.897544	
0.493805	0.897895	
0.493806	0.898246	
0.494037	0.898596	
0.494207	0.898947	
0.495211	0.899298	
0.496482	0.899649	
0.496574	0.900000	
0.498897	0.900351	
0.500313	0.900702	
0.501158	0.901053	
0.501548	0.901404	
0.501844	0.901754	
0.503584	0.902105	
0.505481	0.902456	
0.507148	0.902807	
0.509382	0.903158	
0.510425	0.903509	
0.510650	0.903860	
0.513040	0.904211	
0.513328	0.904561	
0.513352	0.904912	
0.514012	0.905263	
0.514098	0.905614	
0.514834	0.905965	
0.515585	0.906316	
0.515598	0.906667	
0.515670	0.907018	
0.516201	0.907368	
0.516238	0.907719	
0.516268	0.908070	
0.516948	0.908421	
0.518281	0.908772	
0.520355	0.909123	
0.521867	0.909474	
0.522131	0.909825	
0.526965	0.910175	
0.527318	0.910526	
0.527620	0.910877	
0.528244	0.911228	
0.529434	0.911579	
0.529760	0.911930	
0.530749	0.912281	
0.530892	0.912632	
0.532326	0.912982	
0.532326	0.913333	
0.533160	0.913684	
0.534239	0.914035	
0.535591	0.914386	
0.535849	0.914737	
0.536176	0.915088	
0.538490	0.915439	
0.538795	0.915789	
0.539221	0.916140	
0.539328	0.916491	
0.539771	0.916842	
0.539779	0.917193	
0.540043	0.917544	
0.541065	0.917895	
0.542255	0.918246	
0.542564	0.918596	
0.543253	0.918947	
0.543681	0.919298	
0.544195	0.919649	
0.544464	0.920000	
0.544808	0.920351	
0.551504	0.920702	
0.551903	0.921053	
0.552173	0.921404	
0.553026	0.921754	
0.553806	0.922105	
0.554776	0.922456	
0.556984	0.922807	
0.557649	0.923158	
0.557781	0.923509	
0.558908	0.923860	
0.559205	0.924211	
0.564542	0.924561	
0.565459	0.924912	
0.566014	0.925263	
0.566443	0.925614	
0.566796	0.925965	
0.567180	0.926316	
0.567540	0.926667	
0.568765	0.927018	
0.569298	0.927368	
0.570392	0.927719	
0.572215	0.928070	
0.572255	0.928421	
0.572558	0.928772	
0.572841	0.929123	
0.573262	0.929474	
0.573987	0.929825	
0.575046	0.930175	
0.575343	0.930526	
0.575671	0.930877	
0.575911	0.931228	
0.575990	0.931579	
0.577953	0.931930	
0.579352	0.932281	
0.579637	0.932632	
0.579647	0.932982	
0.579770	0.933333	
0.580977	0.933684	
0.581486	0.934035	
0.582086	0.934386	
0.582963	0.934737	
0.583379	0.935088	
0.583644	0.935439	
0.583725	0.935789	
0.585586	0.936140	
0.585594	0.936491	
0.585953	0.936842	
0.588669	0.937193	
0.589658	0.937544	
0.589717	0.937895	
0.591512	0.938246	
0.596505	0.938596	
0.596835	0.938947	
0.598747	0.939298	
0.600305	0.939649	
0.600602	0.940000	
0.605548	0.940351	
0.606264	0.940702	
0.606406	0.941053	
0.607097	0.941404	
0.611627	0.941754	
0.617821	0.942105	
0.617939	0.942456	
0.618507	0.942807	
0.618717	0.943158	
0.618722	0.943509	
0.619747	0.943860	
0.619751	0.944211	
0.621060	0.944561	
0.621700	0.944912	
0.621763	0.945263	
0.622778	0.945614	
0.623147	0.945965	
0.624686	0.946316	
0.624887	0.946667	
0.625181	0.947018	
0.625720	0.947368	
0.627971	0.947719	
0.628311	0.948070	
0.631539	0.948421	
0.631878	0.948772	
0.635574	0.949123	
0.636548	0.949474	
0.636628	0.949825	
0.636689	0.950175	
0.636961	0.950526	
0.641298	0.950877	
0.642331	0.951228	
0.642415	0.951579	
0.642482	0.951930	
0.642721	0.952281	
0.644470	0.952632	
0.645178	0.952982	
0.647305	0.953333	
0.647337	0.953684	
0.647923	0.954035	
0.649644	0.954386	
0.650615	0.954737	
0.650706	0.955088	
0.651088	0.955439	
0.651472	0.955789	
0.655076	0.956140	
0.656285	0.956491	
0.657113	0.956842	
0.657715	0.957193	
0.662252	0.957544	
0.664078	0.957895	
0.665967	0.958246	
0.667945	0.958596	
0.671830	0.958947	
0.672712	0.959298	
0.674015	0.959649	
0.674761	0.960000	
0.674985	0.960351	
0.679651	0.960702	
0.682477	0.961053	
0.683106	0.961404	
0.683405	0.961754	
0.683750	0.962105	
0.683818	0.962456	
0.684254	0.962807	
0.685154	0.963158	
0.686860	0.963509	
0.687859	0.963860	
0.690842	0.964211	
0.692575	0.964561	
0.693876	0.964912	
0.696264	0.965263	
0.696824	0.965614	
0.697352	0.965965	
0.697528	0.966316	
0.699003	0.966667	
0.700133	0.967018	
0.702249	0.967368	
0.702778	0.967719	
0.705224	0.968070	
0.706296	0.968421	
0.710229	0.968772	
0.711811	0.969123	
0.718520	0.969474	
0.718995	0.969825	
0.720209	0.970175	
0.722291	0.970526	
0.724436	0.970877	
0.728744	0.971228	
0.729351	0.971579	
0.732547	0.971930	
0.732837	0.972281	
0.734826	0.972632	
0.736025	0.972982	
0.741587	0.973333	
0.743252	0.973684	
0.743362	0.974035	
0.748696	0.974386	
0.750186	0.974737	
0.753687	0.975088	
0.754536	0.975439	
0.758102	0.975789	
0.761806	0.976140	
0.761980	0.976491	
0.773335	0.976842	
0.779961	0.977193	
0.780917	0.977544	
0.784696	0.977895	
0.785015	0.978246	
0.789569	0.978596	
0.790601	0.978947	
0.791566	0.979298	
0.795561	0.979649	
0.799124	0.980000	
0.801722	0.980351	
0.803307	0.980702	
0.809013	0.981053	
0.811170	0.981404	
0.814067	0.981754	
0.821124	0.982105	
0.826523	0.982456	
0.827752	0.982807	
0.837983	0.983158	
0.840960	0.983509	
0.850946	0.983860	
0.859830	0.984211	
0.860037	0.984561	
0.874232	0.984912	
0.876482	0.985263	
0.877317	0.985614	
0.879774	0.985965	
0.880138	0.986316	
0.892945	0.986667	
0.895993	0.987018	
0.898321	0.987368	
0.901820	0.987719	
0.902432	0.988070	
0.918297	0.988421	
0.922043	0.988772	
0.925527	0.989123	
0.933382	0.989474	
0.933925	0.989825	
0.936838	0.990175	
0.946325	0.990526	
0.963491	0.990877	
0.966723	0.991228	
0.970644	0.991579	
0.981049	0.991930	
0.992897	0.992281	
0.995701	0.992632	
0.999296	0.992982	
1.002572	0.993333	
1.014938	0.993684	
1.015780	0.994035	
1.016586	0.994386	
1.016964	0.994737	
1.016990	0.995088	
1.023044	0.995439	
1.026154	0.995789	
1.026485	0.996140	
1.032224	0.996491	
1.037718	0.996842	
1.045722	0.997193	
1.047559	0.997544	
1.054620	0.997895	
1.064013	0.998246	
1.066581	0.998596	
1.067717	0.998947	
1.068256	0.999298	
1.110081	0.999649	
1.143956	1.000000	
