0.297592272849814	-56.5	920.625	2216	0000	0	920.625	021032028 0.693437530560455	
0.770058355518592	-64	920.625	2215	0000	1	920.625	021032030 0.694933883695264	
0.294524311274043	-56.5	920.625	2216	0000	2	920.625	021032031 0.695191393873901	
3.78586458450176	-63	920.625	2215	0000	3	920.625	021032031 0.695407747733665	
0.26384469551633	-56	920.625	2216	0000	4	920.625	021032031 0.695685647281285	
3.95153450959341	-63	920.625	2215	0000	5	920.625	021032031 0.695897092589257	
0.23930100291016	-56.5	920.625	2216	0000	6	920.625	021032032 0.696736077364818	
3.8349519697141	-63	920.625	2215	0000	7	920.625	021032035 0.699658931166623	
0.325203927031756	-56	920.625	2216	0000	8	920.625	021032038 0.702551956076768	
3.8779034317749	-63	920.625	2215	0000	9	920.625	021032045 0.709950653951252	
3.90244712438107	-63.5	920.625	2215	0000	10	920.625	021032239 0.904022331645169	
0.269980618667873	-56.5	920.625	2216	0000	11	920.625	021032243 0.908349031259546	
0.355883542789469	-56.5	920.625	2216	0000	12	920.625	021032246 0.911026079890834	
3.93926266329033	-63.5	920.625	2215	0000	13	920.625	021032251 0.916476837865626	
3.97607820219958	-64	920.625	2215	0000	14	920.625	021032254 0.919473697525221	
0.233165079758617	-56.5	920.625	2216	0000	15	920.625	021032257 0.922079383365069	
4.04970928001809	-63.5	920.625	2215	0000	16	920.625	021032262 0.927251109049519	
0.208621387152447	-56	920.625	2216	0000	17	920.625	021032266 0.931448298412763	
0.288388388122501	-56.5	920.625	2216	0000	18	920.625	021032269 0.934078149430665	
3.8779034317749	-63.5	920.625	2215	0000	19	920.625	021032274 0.93885568064811	
3.90858304753261	-63	920.625	2215	0000	20	920.625	021032489 1.15385893350762	
0.251572849213245	-56.5	920.625	2216	0000	21	920.625	021032497 1.1621090763276	
3.81040827710793	-63.5	920.625	2215	0000	22	920.625	021032501 1.16560207729912	
0.300660234425586	-56.5	920.625	2216	0000	23	920.625	021032503 1.16823532654518	
0.26384469551633	-56.5	920.625	2216	0000	24	920.625	021032509 1.17387827320169	
3.90858304753261	-63	920.625	2215	0000	25	920.625	021032512 1.17659761089457	
0.312932080728671	-56.5	920.625	2216	0000	26	920.625	021032515 1.17949856500376	
3.89017527807799	-63.5	920.625	2215	0000	27	920.625	021032521 1.18574224288345	
0.269980618667873	-56.5	920.625	2216	0000	28	920.625	021032524 1.18859184598928	
3.77359273819868	-63.5	920.625	2215	0000	29	920.625	021032526 1.19128513059957	
3.85335973916873	-63.5	920.625	2215	0000	30	920.625	021032533 1.19797095572146	
0.312932080728671	-56	920.625	2216	0000	31	920.625	021032536 1.20104635220974	
3.92699081698724	-63.5	920.625	2215	0000	32	920.625	021032739 1.40376085686701	
0.306796157577128	-56	920.625	2216	0000	33	920.625	021032744 1.40832996342374	
3.91471897068416	-63	920.625	2215	0000	34	920.625	021032747 1.4113940324848	
0.208621387152447	-56	920.625	2216	0000	35	920.625	021032754 1.41823881916857	
3.82268012341102	-62.5	920.625	2215	0000	36	920.625	021032757 1.42183980827952	
0.23930100291016	-56.5	920.625	2216	0000	37	920.625	021032760 1.42498845546377	
4.04357335686655	-62.5	920.625	2215	0000	38	920.625	021032768 1.43282967816136	
0.269980618667873	-56.5	920.625	2216	0000	39	920.625	021032771 1.435887328347	
0.233165079758617	-56	920.625	2216	0000	40	920.625	021032777 1.44173152562698	
3.90244712438107	-63.5	920.625	2215	0000	41	920.625	021032781 1.44549902791795	
0.325203927031756	-56.5	920.625	2216	0000	42	920.625	021032989 1.65377567691761	
3.77359273819868	-63	920.625	2215	0000	43	920.625	021032994 1.65793133238107	
3.81654420025948	-63	920.625	2215	0000	44	920.625	021032996 1.66078471129597	
0.245436926061703	-56.5	920.625	2216	0000	45	920.625	021033000 1.66442610156398	
3.89631120122953	-63.5	920.625	2215	0000	46	920.625	021033005 1.66907185704485	
0.306796157577128	-56.5	920.625	2216	0000	47	920.625	021033007 1.67091256396693	
3.84108789286565	-62.5	920.625	2215	0000	48	920.625	021033009 1.67368967153859	
0.23930100291016	-56.5	920.625	2216	0000	49	920.625	021033012 1.67629346947391	
3.85335973916873	-64	920.625	2215	0000	50	920.625	021033018 1.68279767817949	
0.349747619637926	-56.5	920.625	2216	0000	51	920.625	021033021 1.68542375338832	
4.0067578179573	-63	920.625	2215	0000	52	920.625	021033239 1.90374632000208	
0.227029156607075	-56.5	920.625	2216	0000	53	920.625	021033241 1.90668994075378	
0.227029156607075	-56	920.625	2216	0000	54	920.625	021033244 1.90903509576773	
3.675417967774	-63	920.625	2215	0000	55	920.625	021033245 1.91013989750189	
3.95153450959341	-63	920.625	2215	0000	56	920.625	021033246 1.91115445739925	
0.227029156607075	-56.5	920.625	2216	0000	57	920.625	021033247 1.91222905266083	
3.75518496874405	-63	920.625	2215	0000	58	920.625	021033253 1.91802756265106	
0.227029156607075	-56	920.625	2216	0000	59	920.625	021033255 1.92006423406391	
0.300660234425586	-56.5	920.625	2216	0000	60	920.625	021033257 1.92198121232923	
3.92699081698724	-63.5	920.625	2215	0000	61	920.625	021033258 1.92296027962132	
3.87176750862336	-62.5	920.625	2215	0000	62	920.625	021033490 2.15429201880806	
0.220893233455532	-56	920.625	2216	0000	63	920.625	021033493 2.15727453039319	
3.88403935492644	-63	920.625	2215	0000	64	920.625	021033494 2.15858209307445	
0.276116541819415	-56	920.625	2216	0000	65	920.625	021033496 2.16083851657524	
3.8349519697141	-63	920.625	2215	0000	66	920.625	021033499 2.16356804895261	
0.190213617697819	-56	920.625	2216	0000	67	920.625	021033503 2.16736235948799	
4.03743743371501	-61	920.625	2215	0000	68	920.625	021033505 2.17002694794934	
0.227029156607075	-56	920.625	2216	0000	69	920.625	021033507 2.17124766702197	
0.233165079758617	-56.5	920.625	2216	0000	70	920.625	021033509 2.17329906409021	
3.84722381601719	-63.5	920.625	2215	0000	71	920.625	021033510 2.17507633741989	
0.245436926061703	-56	920.625	2216	0000	72	920.625	021033738 2.40357697496525	
3.82268012341102	-63	920.625	2215	0000	73	920.625	021033743 2.40717720891438	
0.269980618667873	-56	920.625	2216	0000	74	920.625	021033745 2.40943174451063	
3.95153450959341	-62	920.625	2215	0000	75	920.625	021033746 2.41039231033828	
3.80427235395639	-63.5	920.625	2215	0000	76	920.625	021033747 2.4113305988924	
0.282252464970958	-56	920.625	2216	0000	77	920.625	021033751 2.41564446075594	
3.93312674013878	-63	920.625	2215	0000	78	920.625	021033753 2.41711098499909	
0.269980618667873	-56.5	920.625	2216	0000	79	920.625	021033754 2.41854994583602	
3.86563158547182	-63.5	920.625	2215	0000	80	920.625	021033755 2.41953807506988	
0.233165079758617	-56	920.625	2216	0000	81	920.625	021033758 2.42200179048866	
0.276116541819415	-56.5	920.625	2216	0000	82	920.625	021033989 2.65366693361637	
3.77359273819868	-63.5	920.625	2215	0000	83	920.625	021033993 2.65782334424165	
0.251572849213245	-56.5	920.625	2216	0000	84	920.625	021033994 2.65866119627448	
3.66928204462245	-63.5	920.625	2215	0000	85	920.625	021033996 2.66071787947542	
0.245436926061703	-56	920.625	2216	0000	86	920.625	021033999 2.6632563559138	
3.99448597165421	-63	920.625	2215	0000	87	920.625	021034003 2.66729005274428	
3.9208548938357	-62.5	920.625	2215	0000	88	920.625	021034005 2.66963218711097	
0.26384469551633	-56.5	920.625	2216	0000	89	920.625	021034006 2.67048212173284	
0.26384469551633	-56.5	920.625	2216	0000	90	920.625	021034007 2.67136566105544	
3.81040827710793	-63	920.625	2215	0000	91	920.625	021034007 2.67218576678564	
0.276116541819415	-56.5	920.625	2216	0000	92	920.625	021034238 2.90361794249367	
3.93926266329033	-63.5	920.625	2215	0000	93	920.625	021034243 2.9078993323992	
0.374291312244096	-56.5	920.625	2216	0000	94	920.625	021034245 2.91026563194395	
3.90244712438107	-63.5	920.625	2215	0000	95	920.625	021034248 2.91350716403134	
3.89631120122953	-64	920.625	2215	0000	96	920.625	021034252 2.91762317349956	
0.233165079758617	-56.5	920.625	2216	0000	97	920.625	021034253 2.91858034109904	
0.319068003880213	-56.5	920.625	2216	0000	98	920.625	021034256 2.92123888826588	
3.85949566232027	-63.5	920.625	2215	0000	99	920.625	021034259 2.92404280408195	
0.368155389092554	-56	920.625	2216	0000	100	920.625	021034266 2.93146189132542	
3.96994227904804	-63.5	920.625	2215	0000	101	920.625	021034270 2.93449046778121	
0.227029156607075	-56.5	920.625	2216	0000	102	920.625	021034489 3.15374188342643	
3.77972866135022	-64	920.625	2215	0000	103	920.625	021034491 3.15658922104681	
3.79813643080485	-63	920.625	2215	0000	104	920.625	021034492 3.15755658333078	
0.159534001940107	-56	920.625	2216	0000	105	920.625	021034494 3.1591329836179	
0.294524311274043	-56.5	920.625	2216	0000	106	920.625	021034495 3.16037484722133	
3.81654420025948	-63	920.625	2215	0000	107	920.625	021034498 3.16369869194646	
0.312932080728671	-56	920.625	2216	0000	108	920.625	021034503 3.16740162790232	
3.8349519697141	-63	920.625	2215	0000	109	920.625	021034505 3.16931407519675	
0.276116541819415	-56.5	920.625	2216	0000	110	920.625	021034507 3.17128769059812	
3.92699081698724	-62.5	920.625	2215	0000	111	920.625	021034508 3.17268851576344	
3.9208548938357	-64	920.625	2215	0000	112	920.625	021034739 3.40347125231127	
0.269980618667873	-56.5	920.625	2216	0000	113	920.625	021034743 3.40759179275037	
3.78586458450176	-63	920.625	2215	0000	114	920.625	021034746 3.41028545494157	
0.21475731030399	-56.5	920.625	2216	0000	115	920.625	021034751 3.41526385920159	
0.257708772364788	-56	920.625	2216	0000	116	920.625	021034753 3.41717479617239	
3.76745681504713	-62	920.625	2215	0000	117	920.625	021034754 3.41869455932344	
3.84722381601719	-63.5	920.625	2215	0000	118	920.625	021034756 3.4204865583085	
0.220893233455532	-56	920.625	2216	0000	119	920.625	021034757 3.42135235132846	
0.245436926061703	-56	920.625	2216	0000	120	920.625	021034758 3.42264707625888	
3.9208548938357	-63.5	920.625	2215	0000	121	920.625	021034761 3.4258791688236	
3.89017527807799	-63.5	920.625	2215	0000	122	920.625	021034765 3.42903536762599	
0.337475773334841	-56.5	920.625	2216	0000	123	920.625	021034766 3.43032820465187	
3.82881604656256	-63.5	920.625	2215	0000	124	920.625	021034989 3.65351665641534	
0.294524311274043	-56	920.625	2216	0000	125	920.625	021034991 3.65612234225519	
0.21475731030399	-56	920.625	2216	0000	126	920.625	021034994 3.65845579226103	
3.8779034317749	-63	920.625	2215	0000	127	920.625	021034995 3.65940616340418	
3.86563158547182	-63	920.625	2215	0000	128	920.625	021034996 3.66103693534191	
0.26384469551633	-56	920.625	2216	0000	129	920.625	021034998 3.66279419688352	
0.288388388122501	-56	920.625	2216	0000	130	920.625	021034999 3.66381177742814	
3.76745681504713	-63	920.625	2215	0000	131	920.625	021035004 3.66886871851683	
0.245436926061703	-56	920.625	2216	0000	132	920.625	021035005 3.66996710137557	
3.79813643080485	-63	920.625	2215	0000	133	920.625	021035006 3.67125389710694	
0.276116541819415	-56.5	920.625	2216	0000	134	920.625	021035239 3.90358622569748	
3.93312674013878	-63	920.625	2215	0000	135	920.625	021035242 3.90613149859219	
3.85335973916873	-63	920.625	2215	0000	136	920.625	021035243 3.90765956852319	
0.282252464970958	-56.5	920.625	2216	0000	137	920.625	021035245 3.90954558515412	
0.312932080728671	-56.5	920.625	2216	0000	138	920.625	021035248 3.91230456884225	
3.8349519697141	-62.5	920.625	2215	0000	139	920.625	021035252 3.91608528646497	
0.245436926061703	-56	920.625	2216	0000	140	920.625	021035254 3.91887145597841	
3.74904904559251	-63	920.625	2215	0000	141	920.625	021035255 3.91982069437884	
0.23930100291016	-56.5	920.625	2216	0000	142	920.625	021035257 3.92115770837086	
3.84722381601719	-63	920.625	2215	0000	143	920.625	021035258 3.92202992026624	
3.8349519697141	-62	920.625	2215	0000	144	920.625	021035491 4.15489426035487	
0.227029156607075	-56.5	920.625	2216	0000	145	920.625	021035495 4.15920547915206	
0.300660234425586	-56.5	920.625	2216	0000	146	920.625	021035498 4.1628914239671	
3.95153450959341	-63	920.625	2215	0000	147	920.625	021035503 4.16790343292785	
3.70609758353171	-63.5	920.625	2215	0000	148	920.625	021035507 4.17116195615606	
0.171805848243192	-56	920.625	2216	0000	149	920.625	021035509 4.17388884546708	
0.26384469551633	-56.5	920.625	2216	0000	150	920.625	021035511 4.17555737549553	
3.675417967774	-63	920.625	2215	0000	151	920.625	021035517 4.18165832779233	
3.82268012341102	-63.5	920.625	2215	0000	152	920.625	021035520 4.18424626732955	
0.282252464970958	-56.5	920.625	2216	0000	153	920.625	021035522 4.18681910363048	
0.0920388472731385	-56	920.625	2216	0000	154	920.625	021035739 4.4033557125537	
3.72450535298634	-63	920.625	2215	0000	155	920.625	021035743 4.40737921469968	
0.245436926061703	-56.5	920.625	2216	0000	156	920.625	021035745 4.40964470014223	
3.77972866135022	-63	920.625	2215	0000	157	920.625	021035749 4.41313732353284	
0.26384469551633	-56.5	920.625	2216	0000	158	920.625	021035754 4.41829998727552	
3.89017527807799	-62.5	920.625	2215	0000	159	920.625	021035757 4.42111183229064	
0.208621387152447	-56	920.625	2216	0000	160	920.625	021035759 4.42393500473298	
3.82268012341102	-63.5	920.625	2215	0000	161	920.625	021035765 4.42989625209416	
3.8779034317749	-63.5	920.625	2215	0000	162	920.625	021035767 4.43135371439554	
0.306796157577128	-56.5	920.625	2216	0000	163	920.625	021035768 4.43255328893737	
3.85335973916873	-63	920.625	2215	0000	164	920.625	021035988 4.65344227297665	
0.26384469551633	-56	920.625	2216	0000	165	920.625	021035992 4.65649879041956	
3.89631120122953	-63.5	920.625	2215	0000	166	920.625	021035992 4.65698020607611	
0.0613592315154256	-56	920.625	2216	0000	167	920.625	021035993 4.65834100766527	
3.79813643080485	-63.5	920.625	2215	0000	168	920.625	021035996 4.66136429798836	
0.276116541819415	-56	920.625	2216	0000	169	920.625	021035997 4.66235771335492	
0.319068003880213	-56	920.625	2216	0000	170	920.625	021036002 4.66663343954684	
3.81040827710793	-63	920.625	2215	0000	171	920.625	021036004 4.66904089541047	
0.26384469551633	-56	920.625	2216	0000	172	920.625	021036005 4.67014418682099	
3.85949566232027	-63	920.625	2215	0000	173	920.625	021036006 4.67113042815032	
3.47906842692463	-63	920.625	2215	0000	174	920.625	021036007 4.67207626832259	
0.184077694546277	-56.5	920.625	2216	0000	175	920.625	021036009 4.67371987801116	
4.02516558741192	-62	920.625	2215	0000	176	920.625	021036238 4.90335099279236	
0.245436926061703	-56	920.625	2216	0000	177	920.625	021036241 4.90634634212833	
3.7920005076533	-64	920.625	2215	0000	178	920.625	021036243 4.9083093852643	
0.251572849213245	-56.5	920.625	2216	0000	179	920.625	021036244 4.90925749092201	
0.122718463030851	-55.5	920.625	2216	0000	180	920.625	021036246 4.91144443953589	
3.84722381601719	-63	920.625	2215	0000	181	920.625	021036248 4.91296080445878	
3.90858304753261	-63.5	920.625	2215	0000	182	920.625	021036253 4.91832962737673	
0.269980618667873	-56.5	920.625	2216	0000	183	920.625	021036255 4.92037875895952	
0.251572849213245	-56.5	920.625	2216	0000	184	920.625	021036256 4.92126003279668	
3.82881604656256	-62	920.625	2215	0000	185	920.625	021036257 4.92213677566295	
0.233165079758617	-56	920.625	2216	0000	186	920.625	021036488 5.15334051492219	
3.81040827710793	-63.5	920.625	2215	0000	187	920.625	021036491 5.15637928606247	
0.220893233455532	-56	920.625	2216	0000	188	920.625	021036494 5.158701786222	
3.81654420025948	-63.5	920.625	2215	0000	189	920.625	021036497 5.16157781999132	
0.282252464970958	-56	920.625	2216	0000	190	920.625	021036498 5.16332450926754	
3.85949566232027	-63	920.625	2215	0000	191	920.625	021036503 5.16771237698886	
0.26384469551633	-56	920.625	2216	0000	192	920.625	021036504 5.16861555051863	
3.8779034317749	-63	920.625	2215	0000	193	920.625	021036505 5.16991480641993	
3.81040827710793	-63	920.625	2215	0000	194	920.625	021036506 5.17112797387442	
0.300660234425586	-56.5	920.625	2216	0000	195	920.625	021036507 5.17199112382804	
0.227029156607075	-56.5	920.625	2216	0000	196	920.625	021036739 5.40320392502905	
3.68155389092554	-62.5	920.625	2215	0000	197	920.625	021036744 5.40828993984759	
0.417242774304894	-56	920.625	2216	0000	198	920.625	021036747 5.41200948936336	
3.76132089189559	-63.5	920.625	2215	0000	199	920.625	021036751 5.41576679696984	
3.85949566232027	-63	920.625	2215	0000	200	920.625	021036753 5.41720349232133	
0.312932080728671	-56.5	920.625	2216	0000	201	920.625	021036754 5.41896188660566	
3.8349519697141	-63.5	920.625	2215	0000	202	920.625	021036757 5.42170954286657	
0.104310693576224	-56	920.625	2216	0000	203	920.625	021036760 5.42457764743685	
0.337475773334841	-56.5	920.625	2216	0000	204	920.625	021036766 5.43084473533278	
3.90244712438107	-63.5	920.625	2215	0000	205	920.625	021036768 5.43270507646202	
0.349747619637926	-56.5	920.625	2216	0000	206	920.625	021036988 5.65324706364768	
3.7920005076533	-63.5	920.625	2215	0000	207	920.625	021036992 5.65655316207019	
0.306796157577128	-56.5	920.625	2216	0000	208	920.625	021036993 5.65787733831136	
3.91471897068416	-64	920.625	2215	0000	209	920.625	021036994 5.65923209860601	
3.84722381601719	-63	920.625	2215	0000	210	920.625	021036997 5.66222669278016	
0.288388388122501	-56.5	920.625	2216	0000	211	920.625	021037002 5.66732252470229	
0.257708772364788	-56.5	920.625	2216	0000	212	920.625	021037005 5.66968429327615	
3.77972866135022	-64	920.625	2215	0000	213	920.625	021037006 5.67101451081184	
3.76132089189559	-63.5	920.625	2215	0000	214	920.625	021037007 5.67187237463276	
0.227029156607075	-56.5	920.625	2216	0000	215	920.625	021037007 5.67231754252222	
3.90244712438107	-63	920.625	2215	0000	216	920.625	021037239 5.90327207838278	
0.325203927031756	-56.5	920.625	2216	0000	217	920.625	021037241 5.90637730376271	
3.5895150436524	-62.5	920.625	2215	0000	218	920.625	021037242 5.9074892795341	
0.276116541819415	-56.5	920.625	2216	0000	219	920.625	021037244 5.9089429660264	
0.245436926061703	-56.5	920.625	2216	0000	220	920.625	021037246 5.91110801494767	
3.86563158547182	-62.5	920.625	2215	0000	221	920.625	021037248 5.91298459205592	
3.89017527807799	-63.5	920.625	2215	0000	222	920.625	021037253 5.91744117950234	
0.251572849213245	-56.5	920.625	2216	0000	223	920.625	021037253 5.91802605232743	
3.59565096680394	-63	920.625	2215	0000	224	920.625	021037253 5.91852823493386	
0.251572849213245	-56.5	920.625	2216	0000	225	920.625	021037254 5.91908554435273	
3.93312674013878	-63	920.625	2215	0000	226	920.625	021037255 5.92007895971929	
0.245436926061703	-56.5	920.625	2216	0000	227	920.625	021037255 5.92066421012529	
0.220893233455532	-56.5	920.625	2216	0000	228	920.625	021037489 6.15382646154961	
3.91471897068416	-63	920.625	2215	0000	229	920.625	021037493 6.15733078994834	
3.69996166038017	-62.5	920.625	2215	0000	230	920.625	021037495 6.15970350836851	
0.208621387152447	-56.5	920.625	2216	0000	231	920.625	021037498 6.16285253313367	
3.78586458450176	-63	920.625	2215	0000	232	920.625	021037504 6.16817302569551	
0.190213617697819	-56.5	920.625	2216	0000	233	920.625	021037507 6.17104226300851	
3.76745681504713	-63.5	920.625	2215	0000	234	920.625	021037508 6.17291884011676	
0.159534001940107	-56.5	920.625	2216	0000	235	920.625	021037510 6.17417391905194	
0.165669925091649	-56.5	920.625	2216	0000	236	920.625	021037739 6.4031484206357	
3.96994227904804	-63.5	920.625	2215	0000	237	920.625	021037742 6.40672297908315	
3.89017527807799	-63.5	920.625	2215	0000	238	920.625	021037744 6.40889331413712	
0.202485464000905	-56.5	920.625	2216	0000	239	920.625	021037747 6.41184750715421	
3.74904904559251	-63.5	920.625	2215	0000	240	920.625	021037751 6.41547832515682	
0.0245436926061703	-57	920.625	2216	0000	241	920.625	021037753 6.41799678980713	
0.141126232485479	-56.5	920.625	2216	0000	242	920.625	021037754 6.41890487188869	
3.77972866135022	-63.5	920.625	2215	0000	243	920.625	021037755 6.41945727275576	
3.87176750862336	-63.5	920.625	2215	0000	244	920.625	021037756 6.42080146078501	
0.110446616727766	-56.5	920.625	2216	0000	245	920.625	021037758 6.42242015013372	
0.0552233083638831	-56.5	920.625	2216	0000	246	920.625	021037759 6.42337656257139	
3.90858304753261	-63	920.625	2215	0000	247	920.625	021037764 6.42886432347507	
0.116582539879309	-56.5	920.625	2216	0000	248	920.625	021037998 6.66310419080825	
3.82881604656256	-63	920.625	2215	0000	249	920.625	021038001 6.66622565216718	
0.0797670009700533	-56.5	920.625	2216	0000	250	920.625	021038003 6.6673870910374	
4.05584520316964	-63	920.625	2215	0000	251	920.625	021038004 6.66876677167192	
3.90244712438107	-63	920.625	2215	0000	252	920.625	021038005 6.66984363241895	
0.184077694546277	-56.5	920.625	2216	0000	253	920.625	021038007 6.67215820337942	
0.110446616727766	-56.5	920.625	2216	0000	254	920.625	021038013 6.67751796435561	
3.88403935492644	-63	920.625	2215	0000	255	920.625	021038014 6.67893427033811	
3.93312674013878	-63.5	920.625	2215	0000	256	920.625	021038015 6.68021200412772	
0.104310693576224	-57	920.625	2216	0000	257	920.625	021038017 6.68192961967408	
0.0490873852123405	-56.5	920.625	2216	0000	258	920.625	021038239 6.90309083954737	
3.80427235395639	-63.5	920.625	2215	0000	259	920.625	021038242 6.90609109743513	
0.14419419406125	-57	920.625	2216	0000	260	920.625	021038243 6.90761010542437	
0.730174855033565	-64	920.625	2215	0000	261	920.625	021038245 6.90929826965998	
3.70609758353171	-63	920.625	2215	0000	262	920.625	021038246 6.91023844611864	
0.128854386182394	-56.5	920.625	2216	0000	263	920.625	021038247 6.91199079910846	
3.88403935492644	-63	920.625	2215	0000	264	920.625	021038248 6.91300045045402	
0.0552233083638831	-56.5	920.625	2216	0000	265	920.625	021038253 6.91780441233496	
0.104310693576224	-56.5	920.625	2216	0000	266	920.625	021038255 6.91941215183737	
3.90244712438107	-63.5	920.625	2215	0000	267	920.625	021038257 6.92193325955402	
3.84108789286565	-63	920.625	2215	0000	268	920.625	021038488 7.15304449149103	
0.0797670009700533	-57	920.625	2216	0000	269	920.625	021038492 7.1568705188226	
3.77972866135022	-63.5	920.625	2215	0000	270	920.625	021038495 7.1593142224533	
0.042951462060798	-56.5	920.625	2216	0000	271	920.625	021038496 7.16099294716624	
0.0306796157577128	-56.5	920.625	2216	0000	272	920.625	021038498 7.16244285784947	
3.87176750862336	-62.5	920.625	2215	0000	273	920.625	021038501 7.1660162835542	
0.128854386182394	-56.5	920.625	2216	0000	274	920.625	021038503 7.16745071342025	
3.86563158547182	-63.5	920.625	2215	0000	275	920.625	021038503 7.16799782815462	
3.74904904559251	-63.5	920.625	2215	0000	276	920.625	021038504 7.16859365082601	
0.0797670009700533	-56.5	920.625	2216	0000	277	920.625	021038504 7.16914038797949	
3.95153450959341	-62.5	920.625	2215	0000	278	920.625	021038738 7.40293886323227	
0.0859029241215959	-56.5	920.625	2216	0000	279	920.625	021038742 7.40678981090371	
4.03130151056347	-62.5	920.625	2215	0000	280	920.625	021038744 7.4091636620666	
0.0736310778185108	-56.5	920.625	2216	0000	281	920.625	021038745 7.4105214430085	
3.89631120122953	-63	920.625	2215	0000	282	920.625	021038747 7.41233194345801	
0.0122718463030851	-57	920.625	2216	0000	283	920.625	021038752 7.41701168122052	
3.93926266329033	-63	920.625	2215	0000	284	920.625	021038753 7.41838494297962	
0.128854386182394	-57	920.625	2216	0000	285	920.625	021038754 7.41928773892848	
3.74291312244096	-63.5	920.625	2215	0000	286	920.625	021038755 7.4201195496668	
0.233165079758617	-56.5	920.625	2216	0000	287	920.625	021038757 7.42228912955896	
3.82881604656256	-63	920.625	2215	0000	288	920.625	021038988 7.65297784846092	
0.0674951546669682	-56.5	920.625	2216	0000	289	920.625	021038992 7.65691526216009	
0.128854386182394	-56.5	920.625	2216	0000	290	920.625	021038995 7.65993817490227	
3.89631120122953	-63.5	920.625	2215	0000	291	920.625	021038998 7.66284026175419	
3.71836942983479	-62.5	920.625	2215	0000	292	920.625	021039005 7.66893328485195	
0.116582539879309	-57	920.625	2216	0000	293	920.625	021039008 7.67203624474643	
3.85335973916873	-63.5	920.625	2215	0000	294	920.625	021039013 7.67753986404822	
0.0736310778185108	-56.5	920.625	2216	0000	295	920.625	021039016 7.68065113072266	
0.0920388472731385	-56.5	920.625	2216	0000	296	920.625	021039019 7.68322887557539	
3.91471897068416	-62.5	920.625	2215	0000	297	920.625	021039021 7.68569636680324	
3.95153450959341	-63	920.625	2215	0000	298	920.625	021039027 7.69165799174533	
0.042951462060798	-56.5	920.625	2216	0000	299	920.625	021039030 7.69437846218093	
3.86563158547182	-63.5	920.625	2215	0000	300	920.625	021039238 7.90295037944993	
0.141126232485479	-57	920.625	2216	0000	301	920.625	021039242 7.9074417043398	
3.75518496874405	-62.5	920.625	2215	0000	302	920.625	021039244 7.90888481856671	
0.104310693576224	-56.5	920.625	2216	0000	303	920.625	021039245 7.91020333109428	
3.86563158547182	-63	920.625	2215	0000	304	920.625	021039247 7.91233288741028	
0.0920388472731385	-56.5	920.625	2216	0000	305	920.625	021039252 7.91704018857901	
0.196349540849362	-56.5	920.625	2216	0000	306	920.625	021039254 7.91924186284827	
3.86563158547182	-63	920.625	2215	0000	307	920.625	021039256 7.92114033964913	
3.75518496874405	-62	920.625	2215	0000	308	920.625	021039259 7.92377660954245	
0.0859029241215959	-57	920.625	2216	0000	309	920.625	021039263 7.92834949190825	
0.0552233083638831	-56.5	920.625	2216	0000	310	920.625	021039489 8.15378530523074	
3.86563158547182	-63.5	920.625	2215	0000	311	920.625	021039491 8.15615915639363	
3.82881604656256	-63	920.625	2215	0000	312	920.625	021039493 8.15789527340445	
0.0184077694546277	-56.5	920.625	2216	0000	313	920.625	021039495 8.16035181478599	
3.8779034317749	-63.5	920.625	2215	0000	314	920.625	021039496 8.16083474076616	
0.116582539879309	-56.5	920.625	2216	0000	315	920.625	021039497 8.16169222700617	
6.17887461360336	-56.5	920.625	2216	0000	316	920.625	021039497 8.16219327686989	
3.86563158547182	-63.5	920.625	2215	0000	317	920.625	021039498 8.1627479432224	
3.88403935492644	-63.5	920.625	2215	0000	318	920.625	021039738 8.4028233234747	
0.0552233083638831	-56.5	920.625	2216	0000	319	920.625	021039741 8.40659573431746	
3.84108789286565	-63.5	920.625	2215	0000	320	920.625	021039744 8.40888878316624	
0.184077694546277	-56	920.625	2216	0000	321	920.625	021039746 8.41100474656958	
0.0736310778185108	-56.5	920.625	2216	0000	322	920.625	021039750 8.41533673231666	
3.95153450959341	-64	920.625	2215	0000	323	920.625	021039752 8.41704302043581	
3.75518496874405	-63	920.625	2215	0000	324	920.625	021039753 8.41839136185504	
0.0797670009700533	-56.5	920.625	2216	0000	325	920.625	021039754 8.41923223453514	
0.104310693576224	-56.5	920.625	2216	0000	326	920.625	021039756 8.42091435747624	
3.95767043274495	-63.5	920.625	2215	0000	327	920.625	021039756 8.42142069347265	
3.82881604656256	-63	920.625	2215	0000	328	920.625	021039988 8.65287099306422	
0.0736310778185108	-56.5	920.625	2216	0000	329	920.625	021039992 8.65664302632607	
0.0613592315154256	-56.5	920.625	2216	0000	330	920.625	021039994 8.65865742046541	
3.91471897068416	-64	920.625	2215	0000	331	920.625	021039997 8.66137600299648	
0.0736310778185108	-56.5	920.625	2216	0000	332	920.625	021040002 8.66654130980551	
3.71223350668325	-63.5	920.625	2215	0000	333	920.625	021040004 8.66861007559547	
3.8779034317749	-63	920.625	2215	0000	334	920.625	021040006 8.67111456975222	
0.098174770424681	-57	920.625	2216	0000	335	920.625	021040010 8.67481146441357	
3.71836942983479	-63	920.625	2215	0000	336	920.625	021040016 8.68076402741388	
0.0920388472731385	-56.5	920.625	2216	0000	337	920.625	021040019 8.68346863945139	
0.0613592315154256	-57	920.625	2216	0000	338	920.625	021040021 8.68586023691692	
3.73064127613788	-60.5	920.625	2215	0000	339	920.625	021040028 8.69254530687699	
3.69382573722862	-62	920.625	2215	0000	340	920.625	021040238 8.90278235594628	
0.110446616727766	-56.5	920.625	2216	0000	341	920.625	021040242 8.90665482572942	
3.96994227904804	-63.5	920.625	2215	0000	342	920.625	021040243 8.90845399875172	
0.122718463030851	-56.5	920.625	2216	0000	343	920.625	021040244 8.90892521972377	
0.153398078788564	-56.5	920.625	2216	0000	344	920.625	021040246 8.91107931879873	
3.95153450959341	-63.5	920.625	2215	0000	345	920.625	021040247 8.91211691113143	
0.0368155389092554	-56.5	920.625	2216	0000	346	920.625	021040251 8.91633600018728	
3.79813643080485	-63.5	920.625	2215	0000	347	920.625	021040253 8.91806645348449	
3.82881604656256	-63	920.625	2215	0000	348	920.625	021040254 8.91910404581718	
0.0859029241215959	-56.5	920.625	2216	0000	349	920.625	021040255 8.92000004530971	
3.69996166038017	-63.5	920.625	2215	0000	350	920.625	021040488 9.15279566567325	
0.128854386182394	-56.5	920.625	2216	0000	351	920.625	021040491 9.15589220669232	
0.0859029241215959	-56.5	920.625	2216	0000	352	920.625	021040493 9.15782240028938	
3.89631120122953	-63.5	920.625	2215	0000	353	920.625	021040494 9.15883960325309	
0.098174770424681	-57	920.625	2216	0000	354	920.625	021040495 9.15980318972799	
3.98221412535112	-63	920.625	2215	0000	355	920.625	021040495 9.16032160831343	
0.116582539879309	-57	920.625	2216	0000	356	920.625	021040496 9.16089553129221	
3.90858304753261	-63	920.625	2215	0000	357	920.625	021040501 9.16566890911967	
0.116582539879309	-56.5	920.625	2216	0000	358	920.625	021040503 9.16818661860817	
3.89631120122953	-63.5	920.625	2215	0000	359	920.625	021040504 9.16916606348117	
3.90244712438107	-63	920.625	2215	0000	360	920.625	021040738 9.40270702855531	
0.122718463030851	-56.5	920.625	2216	0000	361	920.625	021040742 9.40612111511724	
0.110446616727766	-56.5	920.625	2216	0000	362	920.625	021040744 9.40839037636887	
3.93926266329033	-62.5	920.625	2215	0000	363	920.625	021040746 9.41075101220002	
6.27704938402804	-56.5	920.625	2216	0000	364	920.625	021040749 9.41353642655164	
3.68155389092554	-63.5	920.625	2215	0000	365	920.625	021040753 9.41806588711313	
0.165669925091649	-57	920.625	2216	0000	366	920.625	021040754 9.41888637042424	
3.93926266329033	-63	920.625	2215	0000	367	920.625	021040755 9.41942819902592	
0.0552233083638831	-56.5	920.625	2216	0000	368	920.625	021040756 9.42044464682781	
3.8779034317749	-63.5	920.625	2215	0000	369	920.625	021040758 9.42245790822443	
0.116582539879309	-56.5	920.625	2216	0000	370	920.625	021040988 9.6527263795768	
3.77359273819868	-63.5	920.625	2215	0000	371	920.625	021040992 9.65678952771803	
3.86563158547182	-63.5	920.625	2215	0000	372	920.625	021040993 9.65814995172628	
0.128854386182394	-57	920.625	2216	0000	373	920.625	021040994 9.65905841138875	
3.90858304753261	-63.5	920.625	2215	0000	374	920.625	021040996 9.661089419088	
0.0859029241215959	-56.5	920.625	2216	0000	375	920.625	021041000 9.66523412470516	
3.84108789286565	-63.5	920.625	2215	0000	376	920.625	021041002 9.66696948655416	
0.165669925091649	-57	920.625	2216	0000	377	920.625	021041003 9.66835520848319	
0.110446616727766	-56.5	920.625	2216	0000	378	920.625	021041004 9.66890798693117	
3.95153450959341	-63.5	920.625	2215	0000	379	920.625	021041005 9.66992896570395	
0.159534001940107	-57	920.625	2216	0000	380	920.625	021041237 9.90270419669851	
3.58337912050086	-63	920.625	2215	0000	381	920.625	021041242 9.90714190509957	
3.85335973916873	-62.5	920.625	2215	0000	382	920.625	021041244 9.90928996288002	
0.141126232485479	-57	920.625	2216	0000	383	920.625	021041245 9.91030527793919	
0.122718463030851	-57	920.625	2216	0000	384	920.625	021041247 9.91180427414035	
3.8779034317749	-64	920.625	2215	0000	385	920.625	021041251 9.91603582336614	
3.94539858644187	-64	920.625	2215	0000	386	920.625	021041253 9.91867096051674	
0.134990309333936	-56.5	920.625	2216	0000	387	920.625	021041257 9.92194345423852	
0.122718463030851	-56.5	920.625	2216	0000	388	920.625	021041259 9.92412700462423	
3.98835004850267	-63.5	920.625	2215	0000	389	920.625	021041263 9.92806857171337	
0.177941771394734	-57	920.625	2216	0000	390	920.625	021041263 9.92865910825207	
3.87176750862336	-62.5	920.625	2215	0000	391	920.625	021041264 9.92922019348001	
0.217825271879761	-57.5	920.625	2216	0000	392	920.625	021041489 10.153129824776	
3.94846654801764	-64	920.625	2215	0000	393	920.625	021041492 10.1563656931498	
3.95153450959341	-63	920.625	2215	0000	394	920.625	021041494 10.1585303644902	
0.269980618667873	-56.5	920.625	2216	0000	395	920.625	021041495 10.1595445468066	
0.171805848243192	-57	920.625	2216	0000	396	920.625	021041497 10.1615023038099	
3.9638063558965	-63	920.625	2215	0000	397	920.625	021041498 10.1626490170247	
0.134990309333936	-56.5	920.625	2216	0000	398	920.625	021041502 10.1663357170016	
3.89017527807799	-63	920.625	2215	0000	399	920.625	021041504 10.1690263585455	
0.168737886667421	-57.5	920.625	2216	0000	400	920.625	021041507 10.1713341330497	
0.803805932852076	-64	920.625	2215	0000	401	920.625	021041508 10.1727421322522	
0.141126232485479	-56.5	920.625	2216	0000	402	920.625	021041737 10.4026303796312	
4.0067578179573	-64.5	920.625	2215	0000	403	920.625	021041741 10.4065145544224	
0.177941771394734	-57	920.625	2216	0000	404	920.625	021041743 10.4085225296864	
3.78586458450176	-63	920.625	2215	0000	405	920.625	021041745 10.4106562393923	
3.94539858644187	-63.5	920.625	2215	0000	406	920.625	021041748 10.4131195772302	
0.110446616727766	-56.5	920.625	2216	0000	407	920.625	021041753 10.4180915626148	
0.104310693576224	-57	920.625	2216	0000	408	920.625	021041754 10.4194232904741	
3.91471897068416	-63.5	920.625	2215	0000	409	920.625	021041757 10.4221694364114	
0.147262155637022	-56.5	920.625	2216	0000	410	920.625	021041758 10.4230223916805	
3.82881604656256	-63.5	920.625	2215	0000	411	920.625	021041758 10.4235551583404	
3.90244712438107	-63.5	920.625	2215	0000	412	920.625	021041988 10.6525526923595	
0.0613592315154256	-56.5	920.625	2216	0000	413	920.625	021041990 10.6543941544434	
3.81040827710793	-61	920.625	2215	0000	414	920.625	021041992 10.656846542435	
0.165669925091649	-57	920.625	2216	0000	415	920.625	021041993 10.6579766420899	
0.81300981757939	-64	920.625	2215	0000	416	920.625	021041995 10.6602217381635	
0.202485464000905	-57.5	920.625	2216	0000	417	920.625	021041997 10.6620288403848	
3.9638063558965	-63.5	920.625	2215	0000	418	920.625	021042001 10.6655286378127	
0.165669925091649	-56.5	920.625	2216	0000	419	920.625	021042003 10.6682366480784	
0.800737971276305	-64	920.625	2215	0000	420	920.625	021042006 10.6708740507144	
0.187145656122048	-57.5	920.625	2216	0000	421	920.625	021042008 10.6727914065606	
3.93312674013878	-63.5	920.625	2215	0000	422	920.625	021042109 10.7734786415696	
0.171805848243192	-56	920.625	2216	0000	423	920.625	021042112 10.776679394919	
3.98221412535112	-63.5	920.625	2215	0000	424	920.625	021042116 10.7801108502027	
0.141126232485479	-56.5	920.625	2216	0000	425	920.625	021042119 10.7829944355902	
0.134990309333936	-56.5	920.625	2216	0000	426	920.625	021042124 10.7884731345521	
3.90858304753261	-63	920.625	2215	0000	427	920.625	021042126 10.7905324608194	
